4.5262
4.5305
4.5317
4.5357
4.5443
4.5567
4.5585
4.5837
4.6639
4.95
5.2477
5.5628
5.7615
6.2491
7.2204
7.2298
7.3782
7.6114
10.5113
10.5137
10.515
10.523
10.5286
10.5304
10.533
10.5456
10.5586
10.924
12.5066
12.8167
12.8193
12.821
12.8229
12.8247
12.8275
12.8293
12.9058
12.9076
12.9105
13.882
13.8851
13.8866
13.888
13.8896
13.8955
13.8968
13.8989
13.908
13.919
13.9408
13.9432
13.9689
14.4972
14.4987
14.5014
14.5064
14.5186
14.5571
14.5609
14.5738
14.6031
14.7506
14.9524
14.9555
14.9594
14.9608
14.9623
14.964
14.9662
15.0228
15.0274
15.0314
15.3366
15.3381
15.3396
15.3435
15.4109
15.4296
15.6746
15.6762
15.6775
15.6827
15.6841
15.686
15.7223
15.9723
15.9772
15.9814
15.9827
15.9841
16.0603
16.2592
16.2605
16.2615
16.263
16.2644
16.266
16.2678
16.2727
16.2937
16.5174
16.5213
16.5243
16.5264
16.76
16.7625
16.767
16.9933
16.9954
16.9972
17.2053
17.2137
17.2158
17.2608
17.4132
17.4201
17.4212
17.6165
17.6186
17.62
17.6215
17.6235
17.6406
17.8047
17.8063
17.8103
17.8118
17.9935
17.9991
18.0014
18.1666
18.1694
18.1723
18.1779
18.1809
18.2454
18.3471
18.3497
18.5156
18.5183
18.6756
18.6773
18.6788
18.6801
18.6947
18.8423
18.8885
18.8916
18.9956
18.9984
18.9999
19.0036
19.1444
19.1474
19.2066
19.442
19.4447
19.4518
19.5811
19.5855
19.7211
19.7288
19.7309
19.8588
19.8647
19.8665
19.8683
19.8725
19.9929
20.0029
20.0478
20.1255
20.127
20.1283
20.1298
20.1313
20.2558
20.2575
20.2619
20.3833
20.5461
23.0712
23.073
23.0748
23.4671
23.4864
23.4956
23.4974
23.5025
23.5095
23.5339
23.5378
23.9826
23.9845
24.0129
24.0226
24.4582
24.4663
24.4923
24.5034
24.507
24.5257
24.9547
24.9563
24.9579
24.9595
24.9614
24.9881
25.0756
25.4496
25.4517
25.4671
25.5587
25.5664
25.9464
25.9777
25.9811
26.0195
26.0295
26.0374
26.0731
26.4371
26.4458
26.4723
26.5411
26.543
26.9356
26.9423
26.9482
27.0248
27.0259
27.0371
27.436
27.4455
27.4559
27.5146
27.5257
27.933
27.9523
28.013
28.0277
28.4359
28.4512
28.5078
28.9286
28.9315
28.9332
28.9467
28.9948
28.9973
29
29.0054
29.4248
29.4279
29.4307
29.4355
29.493
29.4961
29.92
29.9244
29.9258
29.9273
29.9288
29.9309
30.4217
30.4246
30.4259
30.431
30.439
30.5019
30.7299
31.0337
36.3677
36.3703
36.373
36.3762
36.3796
36.3819
36.3844
36.3887
36.4095
36.9162
36.9772
37.1863
39.3865
39.4253
42.3369
42.3431
42.3474
42.3488
42.3663
42.7407
43.5234
44.6202
44.6223
44.6242
44.6268
44.6407
44.7131
44.7391
45.1922
45.2881
45.2916
45.7236
45.7338
45.7678
45.8292
46.3281
46.3307
46.3321
46.3352
46.3369
46.3388
46.3403
46.3438
46.3934
46.3949
46.4002
46.4013
46.7881
46.7967
46.7989
47.1772
47.1786
47.1823
47.3298
47.3393
47.5204
47.8111
47.8133
47.8164
47.8241
47.8512
48.0873
48.0931
48.0946
48.1006
48.3458
48.3475
48.3529
48.3543
48.592
48.5934
48.5991
48.6011
48.6077
48.8209
48.8248
48.8263
48.8278
49.0389
49.0417
49.0476
49.1305
49.2461
49.4634
49.6378
49.6408
49.6435
49.6493
49.8228
49.8313
49.8343
50.0172
50.1789
50.1818
50.3547
50.6796
50.6837
50.8276
51.1259
51.129
51.1302
51.1332
51.2709
51.4159
51.4188
51.4221
51.4245
51.5572
51.5586
51.6976
51.6994
51.7016
51.7028
51.8257
51.8288
51.8301
51.8338
51.8385
51.9606
52.0962
52.2153
52.2235
52.3649
52.3669
52.3684
52.37
53.1524
54.8783
54.8828
55.3192
55.3286
55.3405
55.7996
55.8296
55.8402
55.8442
55.8721
56.2925
56.2963
56.298
56.3289
56.4187
56.4288
56.791
56.7929
56.7958
56.8173
56.8225
56.8289
56.8416
56.905
57.2787
57.3064
57.3476
57.3828
58.2748
58.2799
58.3002
58.3018
58.363
58.7701
58.7773
58.7865
58.7931
58.9027
59.2631
59.2663
59.2784
59.2989
59.3476
59.3507
59.7575
59.766
59.7692
59.7715
59.7731
59.8823
60.2624
60.2671
60.2688
60.3469
60.7079
60.7562
60.7593
60.7607
60.7621
60.7637
60.7653
60.7756
60.8525
60.8557
60.8698
60.922
61.2565
61.258
61.2645
61.2667
61.3248
61.3271
61.753
61.7591
61.7631
61.7658
61.7675
61.7737
61.8213
61.8391
61.8711
62.2529
62.2562
62.2576
62.2606
62.2625
62.2648
62.2772
62.3535
62.395
68.1926
68.1955
68.1968
68.1979
68.2004
68.2015
68.2029
68.209
68.2133
68.217
68.22369999999999
68.26179999999999
68.44329999999999
68.4477
68.5303
68.81570000000001
69.0271
69.18219999999999
70.0874
71.2273
74.16240000000001
74.1643
74.1658
74.1695
74.1772
74.17910000000001
74.1835
74.18770000000001
74.20399999999999
74.21939999999999
74.24630000000001
74.5474
74.73099999999999
74.79649999999999
75.1331
75.1507
76.48480000000001
76.48820000000001
76.48999999999999
76.51560000000001
76.54900000000001
76.5561
76.7367
77.0741
77.1005
77.5322
77.53530000000001
77.5373
77.5461
77.5519
77.5547
77.5582
77.6033
77.6104
77.6498
77.65519999999999
77.8365
78.15779999999999
78.1635
78.1649
78.1665
78.16840000000001
78.2196
78.2248
78.6315
78.66500000000001
78.6872
79.005
79.012
79.08369999999999
79.3382
79.34229999999999
79.3451
79.3466
79.3524
79.4991
79.6416
79.64319999999999
79.6446
79.6485
79.6544
79.9222
80.0698
80.18680000000001
80.191
80.4218
80.4288
80.4327
80.48009999999999
80.5103
80.6521
80.6536
80.655
80.6562
80.65770000000001
80.65900000000001
80.66070000000001
80.6626
80.66540000000001
80.87090000000001
80.8725
80.87779999999999
80.88200000000001
80.90179999999999
81.07510000000001
81.0809
81.0868
81.08969999999999
81.27589999999999
81.27809999999999
81.2808
81.4701
81.4716
81.4729
81.483
81.6555
81.6643
81.8275
82.0119
82.0132
82.0163
82.1776
82.18049999999999
82.1848
82.3411
82.3428
82.3442
82.5072
82.6632
82.6718
82.81570000000001
82.8173
82.8193
82.9679
83.1046
83.1074
83.1088
83.1148
83.2419
83.2473
83.2488
83.2525
83.2551
83.26260000000001
83.3854
83.38720000000001
83.39319999999999
83.39870000000001
83.52209999999999
83.5239
83.53
83.66160000000001
83.6631
83.6691
83.791
83.7972
83.9216
83.92440000000001
83.9295
84.04819999999999
84.0917
84.203
84.2067
86.5583
86.6459
87.1416
87.146
87.1481
87.1527
87.1596
87.1981
87.2009
87.5682
87.6163
87.6469
87.67959999999999
88.1215
88.1317
88.1435
88.1591
88.1617
88.18219999999999
88.2084
88.61790000000001
88.6478
88.6551
88.6738
88.7302
88.7368
88.88509999999999
89.11279999999999
89.11799999999999
89.1426
89.1454
89.19799999999999
89.3503
89.6082
89.6097
89.6156
89.6276
89.7329
89.7439
90.1005
90.10250000000001
90.11369999999999
90.1195
90.1962
90.2085
90.5998
90.61
90.61579999999999
90.625
90.6884
90.7039
91.0945
91.10120000000001
91.1063
91.1159
91.1823
91.4029
91.5994
91.60899999999999
91.67959999999999
92.093
92.0973
92.10290000000001
92.5902
92.5984
92.6049
92.636
92.66289999999999
92.66759999999999
92.706
93.08710000000001
93.08880000000001
93.10039999999999
93.1544
93.1592
93.41330000000001
93.59220000000001
93.59739999999999
93.6575
94.0843
94.0939
94.1425
94.6767
94.68940000000001
95.85080000000001
100.0273
100.0336
100.0348
100.0361
100.0376
100.0392
100.0433
100.0501
100.0532
100.0569
100.0895
100.3481
103.1136
104.1082
104.6895
105.9966
105.9999
106.0154
106.0199
106.0224
106.0244
106.03
106.1095
106.655
107.0425
108.1887
108.2084
108.3024
108.3043
108.3066
109.3621
109.372
109.3736
109.3749
109.3762
109.3774
109.3839
109.3887
109.3937
109.4167
109.4302
109.4411
109.4445
109.9884
109.9929
110.0504
110.0592
110.4746
110.5194
110.8345
110.8362
110.8377
110.8431
110.8449
110.848
110.9132
110.9313
111.1699
111.1716
111.1728
111.1741
111.1812
111.2484
111.4769
111.4782
111.4808
111.4823
111.4842
111.4867
111.6394
111.8116
112.0146
112.2544
112.2601
112.2696
112.4859
112.4873
112.4939
112.7021
112.705
112.7064
112.7077
112.7108
112.7128
112.9123
112.9218
113.1173
113.1189
113.3055
113.314
113.3165
113.4881
113.4937
113.4973
113.6673
113.6688
113.6806
113.8411
113.8427
113.8443
113.8544
114.0099
114.1739
114.1782
114.2108
114.3355
114.3368
114.3412
114.4917
114.4944
114.4958
114.4976
114.4993
114.6427
114.6456
114.7937
114.7951
114.7979
114.8032
114.8366
114.9369
114.9397
114.9426
115.0796
115.084
115.0899
115.2244
115.3593
115.3607
115.3623
115.3675
115.49
115.4917
115.498
115.6224
115.6293
115.7596
115.7616
115.8847
115.8879
116.0271
116.0328
116.0344
116.0362
118.5228
118.9712
118.9736
118.9751
118.9789
118.986
119.4616
119.4636
119.4672
119.5181
119.5209
119.5239
119.566
119.9575
119.9609
119.9648
120.4467
120.4488
120.5838
120.9538
120.9569
120.9834
121.058
121.4367
121.4388
121.4422
121.4439
121.4625
121.5385
121.9331
122.037
122.4367
122.4416
122.4438
122.4522
122.5174
122.9316
122.9346
122.9523
123.0162
123.4262
123.4329
123.4346
123.4365
123.4388
123.4476
123.4511
123.5043
123.5124
123.9231
123.9249
123.9262
123.9308
123.9406
123.9996
124.4272
124.4305
124.4335
124.4956
124.501
124.5038
124.9205
124.922
124.9234
124.9246
124.9969
125.1865
125.4245
125.4856
125.4884
125.4918
125.9197
125.9242
126.0193
131.8565
131.8581
131.8644
131.8657
131.867
131.8724
131.8742
131.8775
131.8787
131.8846
131.9055
132.4403
132.5566
133.3778
137.8307
137.834
137.8353
137.8367
137.8378
137.839
137.8404
137.8447
137.848
137.8524
137.8571
137.86
137.8619
137.8795
137.9013
137.9031
138.0008
139.8478
140.047
140.053
140.0552
140.0572
141.203
141.2047
141.2076
141.209
141.2136
141.2153
141.2193
141.2233
141.2329
141.2542
141.267
141.2734
141.5409
141.8277
141.8319
141.8409
141.8429
141.8857
141.8887
142.2846
142.2958
142.3492
142.3866
142.668
142.6695
142.6735
142.6749
142.6789
142.6804
143.0115
143.0155
143.0237
143.0841
143.313
143.3143
143.3159
143.3717
143.5867
143.5895
143.5908
143.5923
143.5938
143.5956
143.7134
143.8444
143.8486
143.85
143.8514
143.8576
144.0874
144.0892
144.0959
144.0979
144.1008
144.1021
144.5421
144.7428
144.7458
144.7486
144.75
144.7545
144.7612
144.8318
144.859
144.9431
144.9488
144.9546
145.1429
145.1489
145.326
145.3274
145.3332
145.4993
145.6735
145.8423
145.8515
146.0127
146.0169
146.1664
146.1756
146.3332
146.4856
146.6233
146.6264
146.7698
146.7713
146.7768
146.9174
146.9202
146.9493
147.0562
147.0578
147.0595
147.0619
147.1888
147.1935
147.1948
147.2017
147.3234
147.3294
147.3345
147.3367
147.4644
147.4687
147.5954
147.7141
147.7188
147.7278
147.8619
148.2197
150.3787
150.383
150.3853
150.3872
150.8167
150.8234
150.826
150.8545
150.8911
151.2969
151.2993
151.3012
151.3028
151.3047
151.3453
151.3623
151.3657
151.4242
151.7885
151.7927
151.7982
151.8003
152.2838
152.2888
152.2929
152.3081
152.7782
152.7798
152.8779
153.2734
153.275
153.2766
153.2801
153.2891
153.3004
153.3613
153.3686
153.767
153.7777
153.7828
153.8001
154.0375
154.1328
154.1444
154.2666
154.2697
154.3773
154.38
154.3896
154.7658
154.7711
154.7745
154.7787
154.7867
154.8562
155.0122
155.2664
155.2682
155.2734
155.7554
155.7569
155.7584
155.763
155.771
155.7768
155.8458
155.8725
155.874
156.2537
156.2553
156.2584
156.2709
156.2724
156.2752
156.2766
156.3129
156.3312
156.7532
156.7546
156.7591
156.7635
156.7658
156.878
157.2508
157.2524
157.2602
157.263
157.2678
157.3199
157.3248
157.3401
157.7596
157.7652
157.8362
158.0644
163.6912
163.6924
163.6962
163.6974
163.7001
163.7108
163.7119
163.7168
163.7262
163.7406
163.8235
164.0095
164.58
164.6346
164.8443
166.2641
169.6689
169.6918
169.6952
169.7274
169.7299
169.7616
169.8226
170.6641
171.7174
171.9383
171.9423
171.9518
171.9534
171.9565
171.9717
172.0494
172.3458
172.5747
172.5856
173.0426
173.0442
173.0562
173.1243
173.6574
173.6588
173.6603
173.6615
173.6666
173.7128
173.7157
174.1216
174.1259
174.13
174.1832
174.5042
174.5085
174.5105
174.5682
174.5711
174.845
174.8461
174.911
175.1414
175.1426
175.1468
175.2032
175.4176
175.4194
175.4207
175.4234
175.428
175.4488
175.6794
175.6808
175.6873
175.9217
175.9257
175.927
175.9285
175.9345
176.1488
176.1573
176.3674
176.373
176.5788
176.5815
176.5848
176.7797
176.7825
176.9675
176.9717
176.9748
176.9767
177.1607
177.5119
177.6837
177.9947
178.0036
178.1544
178.1561
178.306
178.308
178.3109
178.3139
178.3196
178.4596
178.6049
178.7458
178.7473
178.7488
178.7503
178.8847
178.8889
178.8924
179.0261
179.0283
179.1592
179.2887
179.2904
179.4188
179.5467
179.5512
179.6965
182.211
182.2181
182.2196
182.6385
182.6565
182.6643
182.666
182.7242
183.1361
183.1383
183.1408
183.1611
183.1644
183.1704
183.2039
183.2092
183.6343
183.6396
183.6586
183.6759
183.6846
184.1109
184.1226
184.1242
184.1286
184.1442
184.1487
184.171
184.6059
184.6081
184.6098
184.6488
184.6613
184.8256
185.105
185.1085
185.1102
185.1135
185.1287
185.1359
185.2072
185.6001
185.6064
185.6084
185.6107
185.6944
185.6975
186.0943
186.1076
186.1272
186.1927
186.197
186.6013
186.603
186.6084
186.6829
186.6907
187.0943
187.0973
187.1006
187.1033
187.1107
187.1837
187.1876
187.3371
187.5906
187.5951
187.5968
187.6714
187.6788
187.7087
187.7364
188.0411
188.0809
188.0827
188.089
188.0905
188.0953
188.0992
188.1072
188.5858
188.5886
188.59
188.5936
188.6002
188.6047
189.0817
189.0896
189.0935
189.1577
189.1618
189.1647
189.5805
189.5854
189.5994
189.6655
195.5226
195.5302
195.5316
195.5372
195.5403
195.544
195.5714
195.6121
196.3292
197.043
198.1523
198.542
201.492
201.4931
201.4952
201.4965
201.5
201.5064
201.5109
201.5127
201.5178
201.5705
202.1238
203.8117
203.8184
203.8214
203.8402
203.8449
203.8866
203.8968
204.3123
204.3918
204.4084
204.8663
204.8679
204.8692
204.8752
204.8769
204.8853
204.8867
204.8894
204.9355
204.973
205.4901
205.4913
205.4961
205.4979
205.5005
205.5019
205.5518
205.5559
205.5613
205.715
205.7433
205.9431
205.9532
205.9548
205.9582
205.9989
206.0179
206.0536
206.3377
206.3393
206.3409
206.3426
206.4038
206.4071
206.4192
206.6703
206.6762
206.6782
206.6805
206.7166
206.7246
206.9771
206.9801
206.9835
207.0155
207.2538
207.258
207.2707
207.5084
207.5101
207.515
207.5187
207.7522
207.7537
207.7551
207.7826
208.2029
208.2043
208.4085
208.414
208.6057
208.611
208.6123
208.619
208.8002
208.8059
208.8089
208.9855
208.9872
208.9899
208.9913
209.1728
209.1793
209.3336
209.3464
209.5112
209.5125
209.5153
209.5294
209.6741
209.6754
209.6798
209.8377
209.8449
209.9944
209.9983
210.1383
210.1455
210.1507
210.2895
210.2939
210.2954
210.2971
210.2993
210.4353
210.4384
210.4397
210.4454
210.5799
210.5826
210.5859
210.721
210.8554
210.857
210.8614
210.8633
210.9899
210.9959
211.1217
211.1264
211.2548
211.3858
211.5318
214.0134
214.0204
214.0223
214.4984
214.5017
214.9727
214.9779
215.0012
215.4518
215.4528
215.4575
215.4592
215.4675
215.5017
215.5056
215.5142
215.9445
215.9517
215.9534
215.96
215.9889
215.9922
215.9989
216.0786
216.4451
216.4468
216.4485
216.4519
216.4554
216.4691
216.9376
216.9455
216.9469
216.959
217.0432
217.4344
217.438
217.4412
217.443
217.4516
217.5796
217.7158
217.9294
217.9339
217.9355
217.9426
218.0337
218.4246
218.4332
218.4352
218.4541
218.519
218.5237
218.58
218.922
218.9237
218.9299
218.9316
218.9383
218.9441
219.0091
219.0151
219.4219
219.4246
219.4262
219.4277
219.4325
219.4425
220.0009
220.4149
220.4167
220.4196
220.4219
220.5774
220.6082
220.9167
220.9182
220.9196
220.9236
220.927
220.9932
220.9969
221.4141
221.4183
221.7287
227.3562
227.3604
227.3616
227.3642
227.3655
227.3713
227.3729
227.3744
227.3774
227.3993
227.4153
227.5786
228.3377
229.415
233.3467
233.3485
233.3541
233.3852
233.4957
233.6373
235.5095
235.5139
235.5173
235.5189
235.5243
235.5303
235.5321
235.5507
235.6511
235.6543
235.721
236.7014
236.7028
236.7043
236.7088
236.7121
236.7143
236.7182
236.762
236.7657
236.7695
236.7808
236.7999
237.32
237.3214
237.3227
237.3239
237.3253
237.3303
237.3325
237.3368
237.3851
237.3901
237.784
237.7852
237.7896
237.7968
237.8164
237.8574
237.8596
238.1655
238.1672
238.1698
238.171
238.1762
238.1783
238.2476
238.5021
238.5038
238.5052
238.5065
238.5079
238.5107
238.515
238.8067
238.8083
238.8097
238.8162
239.0861
239.0876
239.0931
239.0946
239.0998
239.3439
239.348
239.3524
239.3598
239.5877
239.5893
239.5949
239.6032
239.6046
239.8171
239.8188
239.8202
239.8243
239.8396
240.0356
240.0372
240.2502
240.2516
240.4441
240.4483
240.6356
240.6387
240.6431
240.6478
240.823
240.8245
241.001
241.0067
241.01
241.1745
241.1818
241.1887
241.344
241.5074
241.509
241.5132
241.5165
241.6681
241.6698
241.6712
241.6741
241.8287
241.9768
241.9783
241.9827
241.9843
242.1261
242.2714
242.276
242.4135
242.4151
242.4197
242.4246
242.5529
242.5561
242.6904
242.6984
242.8261
242.8277
242.8342
242.9587
243.0916
243.0931
243.2156
243.2173
243.2204
243.224
243.3658
246.327
246.3287
246.644
246.8048
246.8237
247.0121
247.2904
247.2924
247.294
247.3038
247.3459
247.7833
247.7873
247.7927
247.822
247.8257
248.2762
248.3035
248.3949
248.4019
248.7716
248.7732
248.7804
249.2682
249.2696
249.2808
249.2882
249.2946
249.3464
249.7669
249.7683
249.7734
249.8749
249.8932
250.2665
250.2684
250.3443
250.3568
250.7555
250.8471
250.864
250.8678
251.2523
251.2721
251.2733
251.3421
251.3493
251.5765
251.7562
251.7576
251.7662
251.8477
252.2551
252.2565
252.3339
252.747
253.251
253.2559
253.2692
253.3306
253.8375
259.1941
259.1978
259.2074
259.2094
259.2115
259.2158
259.2214
259.2582
259.266
259.3879
259.4439
260.1793
260.7174
265.1623
265.1705
265.1762
265.1986
265.4702
267.3506
267.3525
267.3575
267.3628
267.3658
267.4762
267.4781
267.4802
267.4841
267.6331
268.268
268.5311
268.5379
268.5413
268.5526
268.6229
268.6373
268.6778
268.9791
269.153
269.1544
269.1599
269.167
269.2376
269.6214
269.6229
269.6246
269.6318
269.6868
269.7149
270.0002
270.0044
270.0059
270.088
270.3367
270.3382
270.3451
270.4217
270.6405
270.6461
270.654
270.6579
270.9187
270.9202
270.9241
270.9285
270.931
271.1774
271.186
271.425
271.4268
271.4283
271.4366
271.5119
271.6508
271.6565
271.6593
271.8695
271.8767
271.8784
271.8852
272.0777
272.0834
272.2776
272.2888
272.3464
272.4699
272.6552
272.6638
272.8363
272.8376
272.8391
272.8462
272.8587
273.0089
273.0147
273.0162
273.1785
273.1802
273.1897
273.1952
273.2008
273.3418
273.3435
273.3493
273.3511
273.5038
273.5166
273.5237
273.6579
273.6638
273.6676
273.8104
273.8163
273.818
273.9649
273.9667
273.9701
274.1053
274.1195
274.2516
274.2532
274.2549
274.3877
274.3893
274.3988
274.5244
274.526
274.5305
274.5322
274.6594
274.6659
274.7924
274.7988
274.9244
274.9273
275.0497
275.0514
275.0561
275.2005
275.2026
275.2083
278.154
278.1587
278.1607
278.1629
278.1659
278.1856
278.64
278.6439
278.6536
278.6567
278.6634
278.8423
279.1266
279.1299
279.1352
279.1378
279.1732
279.6165
279.6187
279.6259
279.6318
279.6396
280.11
280.1121
280.1138
280.1152
280.1203
280.2377
280.6103
280.6119
280.6134
280.6149
280.6755
280.7286
281.1019
281.1096
281.1406
281.5975
281.6057
281.6076
281.6193
281.6283
281.6539
282.0933
282.101
282.1028
282.1046
282.1212
282.1875
282.5983
282.6085
282.6142
282.6168
282.6818
282.6892
282.6953
283.0997
283.1028
283.1085
283.1125
283.117
283.1745
283.5847
283.5908
283.5941
283.5995
284.0846
284.089
284.0906
284.0925
284.126
284.1583
284.1714
284.5829
284.5843
284.5915
284.6122
284.8306
284.9498
285.0776
285.0794
285.081
285.0961
285.4747
291.0182
291.0224
291.024
291.029
291.0303
291.0362
291.0432
291.0493
291.0632
291.2864
294.024
294.0575
296.9944
296.9965
296.998
297.0004
297.0142
297.0219
297.0411
299.1749
299.1835
299.1852
299.187
299.1889
299.1938
299.2011
299.2652
299.4066
299.5071
299.8888
300.3617
300.3634
300.3736
300.3755
300.3862
300.3918
300.4435
300.451
300.6061
300.9857
300.9871
300.9887
300.9899
301.0061
301.0287
301.0631
301.4474
301.449
301.4533
301.4546
301.46
301.4625
301.5207
301.5285
301.8396
301.8411
301.8482
301.907
301.9093
301.9118
301.9165
301.9181
302.1701
302.1726
302.1766
302.1785
302.1795
302.355
302.4731
302.4747
302.4761
302.4775
302.4787
302.4834
302.4864
302.7516
302.7546
302.7558
302.7585
302.7617
302.8044
303.0141
303.0153
303.0166
303.0195
303.2538
303.2554
303.2681
303.2717
303.4821
303.4833
303.4849
303.4862
303.4875
303.4943
303.7025
303.7089
303.9102
303.9192
304.1109
304.1138
304.1152
304.1166
304.12
304.1224
304.2959
304.3025
304.3069
304.3083
304.3098
304.3116
304.3133
304.4878
304.489
304.4959
304.5008
304.5051
304.6684
304.6741
304.6756
304.8464
304.8477
304.8967
305.0105
305.0135
305.0164
305.0258
305.1791
305.1805
305.3362
305.339
305.3403
305.4908
305.5006
305.6435
305.6466
305.6479
305.6495
305.6512
305.7922
305.7939
305.7966
305.7982
305.7997
305.9382
305.9443
306.0808
306.0852
306.0908
306.2206
306.2267
306.2315
306.3577
306.3593
306.3636
306.3655
306.3683
306.4926
306.4966
306.4987
306.5045
306.6309
306.6363
306.7665
306.8854
307.033
309.9816
310.0005
310.0059
310.0136
310.0154
310.3225
310.4781
310.4802
310.4823
310.4944
310.9636
310.9657
310.9764
310.9867
311.0006
311.4535
311.4556
311.4606
311.4652
311.5051
311.9479
311.9512
311.9532
311.9551
311.9604
311.9627
312.2323
312.4361
312.4398
312.4413
312.4447
312.4578
312.5681
312.9401
312.9436
312.9672
313.0412
313.0481
313.4322
313.434
313.4355
313.4388
313.4411
313.447
313.4675
313.549
313.5549
313.9261
313.9295
313.9402
313.956
313.9656
314.0266
314.4235
314.4313
314.433
314.4351
314.4383
314.4543
314.5144
314.5183
314.5222
314.928
314.9295
314.9311
314.9368
315.0183
315.4172
315.4221
315.4235
315.4251
315.4269
315.4289
315.4391
315.5087
315.5167
315.9176
315.922
315.9274
315.9308
315.9447
316.0091
316.4173
316.42
316.4219
316.4238
316.4252
316.4265
316.4779
316.5046
316.9122
316.9153
316.9199
317.0052
317.0063
322.8528
322.8543
322.8561
322.8627
322.864
322.8683
322.8706
322.8725
322.8762
322.9012
324.5392
325.8568
328.5559
328.8314
328.8326
328.835
328.845
328.8468
328.8495
328.8602
328.992
329.3051
329.4727
329.4943
331.0086
331.0165
331.0212
331.0242
331.0279
331.0303
331.0421
331.1611
331.3107
331.6415
331.698
332.201
332.2023
332.2037
332.2069
332.2109
332.213
332.2141
332.2173
332.2717
332.2841
332.2945
332.3223
332.3785
332.6463
332.8184
332.8253
332.8302
332.8361
332.8433
332.8918
333.0573
333.0761
333.2796
333.2813
333.288
333.2898
333.2915
333.2935
333.299
333.3003
333.3568
333.3611
333.6651
333.7497
333.9996
334.0028
334.0044
334.0131
334.0151
334.3083
334.3097
334.3138
334.3148
334.3196
334.5847
334.5904
334.5931
334.844
334.8468
334.8482
334.8495
334.8546
334.8577
335.092
335.0991
335.1053
335.316
335.3217
335.3231
335.3263
335.3284
335.3299
335.5357
335.5413
335.5527
335.7473
335.75
335.7516
335.947
335.9484
335.9498
336.1358
336.1401
336.1415
336.143
336.1441
336.3215
336.323
336.3327
336.3371
336.3414
336.4455
336.5023
336.5075
336.5096
336.5119
336.6749
336.6765
336.678
336.6806
336.6839
336.6866
336.8445
336.846
336.8487
336.8502
336.8581
337.0071
337.0085
337.01
337.0128
337.1677
337.1706
337.1721
337.1736
337.1752
337.1802
337.1852
337.3239
337.3282
337.3313
337.4828
337.6255
337.6272
337.6287
337.6316
337.6357
337.7711
337.7754
337.7789
337.9147
338.0529
338.0561
338.1906
338.1939
338.1963
338.325
338.3261
338.3306
338.3323
338.3367
338.458
338.4643
338.588
338.5898
338.5913
338.5928
338.5969
338.7162
338.7195
338.7247
338.87
338.8735
341.8983
342.3057
342.3085
342.3125
342.3164
342.3206
342.3232
342.7946
342.7972
342.7989
342.8007
342.8049
342.8445
342.8686
343.0503
343.2832
343.2855
343.2872
343.2888
343.2906
343.2923
343.2941
343.3471
343.3491
343.3514
343.5457
343.7813
343.785
343.7865
343.7901
343.808
343.8093
344.2764
344.278
344.2829
344.3112
344.7665
344.7687
344.7793
344.7961
344.8232
344.8781
344.8869
345.2645
345.268
345.2869
345.2933
345.363
345.7559
345.7665
345.7726
345.7802
345.8636
345.8885
346.2565
346.2682
346.2784
346.3503
346.473
346.4756
346.7534
346.7595
346.7645
346.7686
346.7796
346.827
346.8517
347.2492
347.2543
347.2558
347.2574
347.259
347.2681
347.3383
347.3478
347.7543
347.756
347.7604
347.8288
348.2475
348.2532
348.2551
348.2568
348.2582
348.2664
348.3142
348.3311
348.7454
348.7537
348.7645
354.6894
354.6946
354.6971
354.6995
354.7011
354.7024
354.7105
354.7192
354.7386
354.7487
354.9275
354.9712
355.0892
357.8113
360.6606
360.6623
360.67
360.6744
360.7346
362.8536
362.8553
362.8598
362.8687
362.8704
362.8869
362.9898
362.9988
363.1093
363.5436
364.0279
364.0316
364.0332
364.036
364.0375
364.0389
364.0442
364.0453
364.0465
364.0493
364.0794
364.1059
364.1097
364.1138
364.1477
364.6531
364.6561
364.6574
364.6587
364.6618
364.6658
364.723
364.7262
364.7292
364.7568
364.9642
365.1132
365.115
365.1163
365.1233
365.1996
365.2051
365.5043
365.5061
365.5078
365.5117
365.5141
365.5844
365.5892
365.5971
365.8471
366.1387
366.1458
366.1491
366.1525
366.4581
366.5441
366.681
366.689
366.6938
366.9199
366.923
366.9256
366.927
366.9285
367.1494
367.1652
367.368
367.3724
367.3768
367.3793
367.3804
367.5766
367.5825
367.7763
367.7778
367.7805
367.7832
367.7917
367.7927
367.9154
367.9684
367.9699
367.9754
367.9772
367.9794
368.155
368.1579
368.1593
368.1608
368.3335
368.3364
368.3392
368.3407
368.3514
368.5078
368.5123
368.6763
368.6795
368.8411
368.8427
368.8441
368.8454
368.847
369.001
369.0025
369.1576
369.1653
369.1725
369.3074
369.3099
369.316
369.3176
369.3205
369.4583
369.4614
369.466
369.4731
369.6029
369.6161
369.7437
369.7465
369.7496
369.7525
369.8888
369.8977
369.9658
370.0344
370.1581
370.1598
370.2926
370.3035
370.3046
370.4212
370.4229
370.4243
370.4293
370.4327
370.435
370.5474
370.5492
370.5508
370.5556
370.5577
370.6991
370.701
370.7083
370.7438
373.352
373.6621
373.6661
373.6684
373.6707
373.7206
374.1416
374.144
374.146
374.1497
374.1516
374.1544
374.1655
374.6281
374.6322
374.6357
374.6401
374.6626
374.6993
375.1238
375.132
375.1342
375.154
375.1691
375.1744
375.2386
375.6134
375.6171
375.619
375.6206
375.6249
375.6757
375.7701
376.109
376.1107
376.1263
376.1427
376.2204
376.224
376.5994
376.6013
376.6033
376.6064
376.6182
376.6272
376.6488
376.7217
376.7276
377.0991
377.1064
377.1945
377.1984
377.2007
377.2017
377.5939
377.5975
377.6006
377.6187
377.6932
378.0897
378.0953
378.099
378.1007
378.104
378.1205
378.1903
378.3132
378.591
378.5957
378.6028
378.6101
378.6132
378.6767
378.6809
379.0833
379.0864
379.0893
379.0907
379.0943
379.1023
379.1747
379.1779
379.3423
379.5857
379.5871
379.592
379.5945
379.6018
379.6772
379.7362
380.0833
380.0845
380.0895
380.0914
380.0993
380.1618
380.2353
380.3389
380.5808
380.5868
380.594
380.9645
386.52
386.5229
386.5265
386.5277
386.5291
386.5317
386.5414
386.551
386.9641
388.43
392.4963
392.4978
392.4991
392.5014
392.5028
392.5069
392.5083
392.5095
392.5142
392.516
392.517
392.5252
392.5276
392.5326
392.5418
392.5629
392.817
394.6692
394.6718
394.6733
394.6753
394.6794
394.6812
394.7857
394.7882
394.7915
394.7973
394.7998
394.8168
394.9294
394.9412
395.6703
395.8643
395.8658
395.8715
395.8763
395.8784
395.8833
395.8859
395.8918
396.2327
396.4883
396.4897
396.4909
396.4956
396.4974
396.5067
396.5559
396.5594
396.9456
396.9526
396.9541
396.9595
397.0192
397.022
397.2294
397.3342
397.3355
397.343
397.3471
397.6683
397.674
397.6768
397.6785
397.6869
397.9722
397.9738
397.9764
398.1449
398.249
398.2538
398.2551
398.2593
398.2647
398.357
398.5112
398.5126
398.52
398.712
398.7534
398.9822
398.9837
398.9908
398.9927
399.2007
399.2037
399.2153
399.4058
399.409
399.4107
399.4178
399.4198
399.6095
399.6152
399.8018
399.8034
399.8047
399.8074
399.8134
399.9872
399.9886
399.99
399.9929
399.994
399.997
399.9985
400.1669
400.1697
400.174
400.1776
400.3397
400.344
400.4101
400.5113
400.5188
400.6799
400.6815
400.8338
400.8368
400.9894
400.9952
401.1417
401.1495
401.1528
401.1571
401.1995
401.2915
401.2977
401.3018
401.3031
401.4413
401.4885
401.5796
401.5842
401.5858
401.5876
401.6159
401.7187
401.7212
401.7257
401.8603
401.8635
401.8691
401.9917
401.9933
401.9949
401.9963
401.998
402.1242
402.1273
402.1288
402.1323
402.2532
402.2548
402.3811
402.3858
402.5316
402.5336
405.4989
405.5042
405.5082
405.5151
405.9797
405.9823
405.9895
405.9915
406.004
406.2317
406.4581
406.4626
406.4641
406.4662
406.4704
406.4809
406.4833
406.9576
406.9608
406.9629
406.9725
407.1593
407.4436
407.4459
407.4477
407.4492
407.4504
407.4611
407.4723
407.4735
407.5621
407.9391
407.9409
407.9457
407.9473
407.9491
407.951
407.955
407.9745
408.4341
408.4375
408.4406
408.4465
408.4636
408.4772
408.4834
408.9326
408.9357
408.9431
408.9667
409.0383
409.4299
409.4362
409.4379
409.4511
409.4603
409.5421
409.9227
409.9247
409.9276
409.9324
409.9345
409.9361
410.0119
410.0195
410.0248
410.423
410.4245
410.4259
410.4275
410.44
410.5137
410.9202
410.9217
410.9246
410.9262
410.9289
410.934
410.9385
410.9418
411.01
411.017
411.4245
411.5139
411.9144
411.9172
411.9223
411.9317
411.9971
412.1554
412.4123
412.4187
412.4217
412.4329
412.5052
414.4478
418.3586
418.3597
418.3696
418.3714
418.3734
418.3779
418.384
418.4081
418.4409
419.7646
421.3741
424.3284
424.3328
424.338
424.3393
424.3407
424.342
424.344
424.3459
424.35
424.3571
424.3699
424.3811
424.3995
424.7822
425.2282
426.518
426.5233
426.532
426.5415
426.6336
426.6364
427.2235
427.236
427.6951
427.6983
427.7026
427.7055
427.7069
427.709
427.7133
427.7161
427.7258
427.7434
427.7719
427.7769
428.3203
428.326
428.3294
428.3338
428.3941
428.7815
428.7885
428.7903
428.7952
428.8018
429.1644
429.166
429.1674
429.1732
429.1749
429.1765
429.2287
429.2476
429.506
429.5089
429.5157
429.8057
429.8073
429.8084
429.8178
429.8189
430.0868
430.0942
430.1085
430.3434
430.3463
430.5845
430.5883
430.5896
430.594
430.5956
430.6002
430.8154
430.8208
430.8222
430.8237
430.9088
431.0355
431.0394
431.0422
431.242
431.2451
431.2532
431.4421
431.4437
431.451
431.4538
431.6341
431.6357
431.6385
431.654
431.8205
431.822
431.83
431.8341
432
432.0018
432.0091
432.0117
432.1731
432.1789
432.1862
432.3523
432.506
432.5077
432.5105
432.5158
432.5288
432.6673
432.6751
432.6772
432.8233
432.8275
432.9743
433.1322
433.1421
433.269
433.2735
433.2988
433.4121
433.4167
433.5585
433.5602
433.5637
433.5771
433.6898
433.6914
433.8333
433.9566
433.9583
433.963
433.9648
434.0854
434.0872
434.0919
434.0937
434.2142
434.2248
434.3676
434.3732
436.8997
436.9013
437.3378
437.3429
437.3516
437.4135
437.8146
437.822
437.8243
438.2968
438.2994
438.3052
438.3163
438.3253
438.3429
438.3558
438.787
438.8005
438.8071
438.8498
439.2839
439.2854
439.2874
439.2892
439.2939
439.2991
439.3291
439.7717
439.7999
440.0493
440.2682
440.2719
440.275
440.2777
440.2885
440.7679
440.7932
440.8771
441.2617
441.2631
441.2647
441.2662
441.2744
441.4713
441.7567
441.7586
441.7602
441.7617
441.765
441.7665
441.7733
441.856
442.258
442.2628
442.2652
442.3508
442.7521
442.7537
442.7552
442.7565
442.7581
442.7694
442.7975
443.006
443.2439
443.2452
443.2516
443.2566
443.2594
443.3728
443.7438
443.7471
443.7515
443.7541
443.7638
443.8147
444.0066
444.056
444.2407
444.2465
444.2479
444.2508
444.7708
444.8886
444.9176
444.9518
450.1855
450.1897
450.1945
450.196
450.2026
450.2059
450.208
450.2134
450.2268
451.1986
456.1609
456.164
456.1678
456.1719
456.1811
456.1831
456.1912
456.2324
456.2361
456.257
456.3054
456.3162
456.8481
458.3615
458.3656
458.3679
458.3699
458.378
458.3799
458.4017
458.4266
458.4928
458.5025
458.592
458.695
459.5282
459.5314
459.5328
459.5341
459.5372
459.5408
459.5424
459.5506
459.5545
459.9753
460.1612
460.1662
460.1809
460.6214
460.6235
460.6268
460.6919
460.9968
460.9984
460.9997
461.0052
461.0068
461.0829
461.1403
461.3339
461.337
461.3396
461.341
461.3518
461.4759
461.6372
461.64
461.6413
461.6455
461.6485
461.6517
461.9159
462.1752
462.1767
462.178
462.1807
462.4209
462.4223
462.426
462.4286
462.4324
462.6474
462.6518
462.6628
462.866
462.8767
463.0831
463.085
463.0883
463.2742
463.2759
463.2831
463.2918
463.4302
463.4688
463.4702
463.4746
463.4802
463.6518
463.6561
463.6629
463.8318
463.8389
463.8434
463.846
464.0048
464.0169
464.1746
464.1777
464.179
464.1839
464.1871
464.3384
464.344
464.346
464.4985
464.5
464.6549
464.6655
464.8071
464.9569
464.9584
464.9612
464.9627
465.0115
465.1082
465.1126
465.2436
465.2464
465.2513
465.3882
465.397
465.5308
465.5344
465.6559
465.6576
465.6612
465.6629
465.7882
465.7896
465.7942
465.7958
465.7979
465.9237
465.9253
466.0458
466.0468
466.0484
466.1977
466.1999
469.167
469.1723
469.1738
469.1833
469.1852
469.1917
469.6461
469.6478
469.6586
469.661
469.6708
469.6846
470.1335
470.1361
470.1431
470.1574
470.1833
470.2021
470.6164
470.619
470.6228
470.6262
470.6342
470.6578
471.1147
471.1254
471.6044
471.6063
471.6095
471.6442
471.6486
472.1025
472.1091
472.1141
472.1286
472.1389
472.2201
472.5949
472.5968
472.5984
472.6067
472.6093
472.6113
472.628
472.644
473.1002
473.1102
473.1272
473.1997
473.2042
473.589
473.5971
473.5987
473.6008
473.605
473.6078
473.6823
474.0878
474.0892
474.0922
474.1829
474.5859
474.5978
474.6767
474.6812
475.0918
475.1053
475.5775
475.5912
475.5997
475.659
475.6663
476.077
476.742
478.8545
