4.5295
4.5311
4.5332
4.5354
4.5396
4.5424
4.5455
4.645
5.5549
5.5598
5.6011
5.7407
5.9248
5.9684
6.2363
6.5757
6.8544
7.0882
7.2353
10.5014
10.5045
10.5064
10.5086
10.5112
10.5139
10.5187
10.7789
11.0709
11.3577
11.6453
11.7586
11.8694
11.9875
12.6458
12.8418
13.0425
13.1257
13.8648
13.8667
13.8688
13.8721
13.8768
14.1374
14.4832
14.4858
14.4882
14.4916
14.4943
14.58
14.9475
14.9493
14.9518
14.955
14.9581
15.3326
15.336
15.338
15.3403
15.3431
15.6718
15.6739
15.6758
15.6793
15.9736
15.976
15.978
15.981
16.2519
16.2548
16.2567
16.2606
16.5075
16.5098
16.512
16.5143
16.5174
16.7536
16.7554
16.7582
16.761
16.9851
16.9873
16.9895
16.9938
17.2029
17.2051
17.2072
17.4116
17.414
17.4168
17.6107
17.613
17.6157
17.6188
17.8018
17.8046
17.8067
17.8124
17.9865
17.9908
17.9931
17.9957
18.1699
18.1726
18.176
18.3433
18.3456
18.3486
18.513
18.5158
18.5196
18.6742
18.6763
18.6797
18.8366
18.8403
18.843
18.9913
18.9939
18.9964
19.1438
19.1469
19.1492
19.2933
19.2968
19.4366
19.4403
19.4443
19.5804
19.5837
19.5874
19.7211
19.7248
19.8564
19.8588
19.8621
19.994
19.9961
20.1247
20.1277
20.133
20.2569
20.2596
20.3814
20.3855
20.3911
20.5343
20.5421
20.6171
23.4919
24.9602
25.9502
26.129
26.4348
26.439
26.4415
26.6232
26.9316
26.9369
26.9397
27.4268
27.4287
27.4344
27.9254
27.9279
28.4199
28.4244
28.4269
28.9161
28.9189
28.9246
29.4129
29.4155
29.4181
29.4226
29.9145
29.9179
29.921
29.9265
30.1065
30.4137
30.4158
30.4183
30.4222
30.5481
36.3633
36.3656
36.3674
36.3692
36.3715
36.3756
36.5243
36.6396
37.3689
42.3388
42.341
42.3445
42.347
42.3497
43.4539
43.6145
43.9912
44.7406
45.064
45.6988
45.7011
45.7041
45.7069
45.7109
45.9497
46.3184
46.321
46.3234
46.3267
46.3289
46.7806
46.7826
46.785
46.7881
47.1663
47.1684
47.1706
47.1737
47.5038
47.5057
47.5084
47.5108
47.8052
47.8078
47.8099
47.8126
47.8153
48.0843
48.0862
48.0884
48.0913
48.3445
48.3474
48.3495
48.3528
48.587
48.5888
48.5918
48.5942
48.8168
48.8189
48.8221
48.8248
49.0338
49.0362
49.0382
49.0418
49.2438
49.246
49.2487
49.4444
49.4465
49.4494
49.6365
49.6394
49.6425
49.8219
49.8241
49.8281
50.0008
50.0037
50.0064
50.1761
50.1782
50.1842
50.3442
50.3468
50.3495
50.5084
50.5106
50.5134
50.6673
50.6703
50.6739
50.8256
50.8285
50.8316
50.9765
50.9793
50.9826
51.1244
51.1272
51.1304
51.2708
51.2737
51.4122
51.4149
51.4194
51.5532
51.5569
51.689
51.6912
51.6948
51.8235
51.826
51.8303
51.9574
51.9616
52.0854
52.0883
52.0922
52.2171
52.2207
52.3606
52.3704
52.4426
55.7925
56.7858
56.9662
57.2864
57.763
57.7712
58.2646
58.2742
58.2768
58.7617
58.7663
58.7693
59.2677
59.2712
59.4149
59.7554
59.7585
59.7622
60.2545
60.2566
60.4405
60.7485
60.7506
60.7544
60.9162
61.2468
61.2494
61.2527
61.2562
61.7429
61.7457
61.7488
61.7548
62.2419
62.2451
62.2488
62.2518
68.1935
68.1956
68.1979
68.19970000000001
68.20180000000001
68.2089
68.3009
68.9074
68.9859
69.0472
69.34139999999999
69.807
71.1593
74.16759999999999
74.1699
74.17230000000001
74.17449999999999
74.1797
74.2717
74.6896
75.0783
75.248
75.84310000000001
76.322
76.49720000000001
76.5146
76.5189
76.70099999999999
77.52630000000001
77.529
77.53440000000001
77.5376
77.5421
77.6386
77.7886
78.1469
78.14960000000001
78.1519
78.1553
78.15819999999999
78.26819999999999
78.61150000000001
78.6135
78.616
78.62
78.6223
78.9966
78.9988
79.0014
79.0042
79.0078
79.3347
79.33669999999999
79.339
79.3417
79.6392
79.6409
79.64360000000001
79.64709999999999
79.9177
79.9199
79.9228
79.9264
80.1747
80.1765
80.1802
80.18380000000001
80.42059999999999
80.42270000000001
80.425
80.4282
80.6506
80.6524
80.6559
80.8678
80.86969999999999
80.87269999999999
80.876
81.07550000000001
81.0775
81.0817
81.2752
81.2775
81.282
81.4674
81.46980000000001
81.4717
81.4744
81.65389999999999
81.6571
81.6609
81.83320000000001
81.83540000000001
81.839
82.0085
82.01049999999999
82.01690000000001
82.17619999999999
82.1782
82.1818
82.18519999999999
82.3394
82.3426
82.3456
82.4997
82.5022
82.5082
82.65860000000001
82.66119999999999
82.80549999999999
82.8087
82.81270000000001
82.95659999999999
82.95999999999999
82.9633
83.10429999999999
83.10760000000001
83.244
83.2484
83.3857
83.3884
83.392
83.52070000000001
83.52370000000001
83.52670000000001
83.65560000000001
83.65940000000001
83.663
83.78959999999999
83.7916
83.92100000000001
83.9255
84.04640000000001
84.0506
84.2002
87.1477
88.1207
88.6088
88.6189
89.1073
89.1176
89.6005
89.6129
90.0946
90.0973
90.1041
90.5883
90.5932
90.59990000000001
91.0883
91.0903
91.5842
91.5864
91.59650000000001
91.77160000000001
92.07989999999999
92.0829
92.0912
92.0938
92.58410000000001
92.5878
92.59050000000001
93.07429999999999
93.0782
93.0805
93.08499999999999
93.0904
93.2403
93.57640000000001
93.57850000000001
93.5836
93.5866
93.7289
94.07380000000001
94.07689999999999
94.0792
94.0836
100.0269
100.0295
100.0314
100.0336
100.0359
100.0404
100.3792
100.6069
100.7775
101.1349
101.3445
101.6661
106.0037
106.0057
106.0076
106.0097
106.0129
106.1077
106.14
106.2497
106.7791
106.926
107.0316
107.3822
107.3859
107.5286
108.3878
108.4837
108.5244
109.359
109.3636
109.366
109.3691
109.6033
109.9806
109.9829
109.9859
109.9896
109.9952
110.0943
110.4449
110.4466
110.4489
110.4517
110.4545
110.8303
110.8325
110.8358
110.8385
111.1687
111.1711
111.1737
111.1779
111.472
111.4736
111.4759
111.4788
111.75
111.7522
111.7555
111.7578
112.0072
112.0102
112.0145
112.2523
112.2545
112.257
112.262
112.4812
112.4837
112.4859
112.7003
112.7031
112.7058
112.9077
112.9105
112.9128
112.917
113.1084
113.1106
113.113
113.1159
113.3001
113.3029
113.3073
113.4855
113.4875
113.4912
113.6657
113.6681
113.6722
113.8406
113.843
113.8468
114.0089
114.0114
114.1732
114.177
114.1811
114.3342
114.3367
114.4891
114.4924
114.4974
114.6424
114.6459
114.6503
114.789
114.7937
114.7964
114.9369
114.9398
115.0787
115.0806
115.0857
115.2173
115.2195
115.2229
115.3542
115.3571
115.4896
115.4942
115.6212
115.6247
115.6286
115.7505
115.7541
115.8815
115.8844
116.0313
116.0366
119.4664
120.1406
120.4424
120.9485
121.4358
121.6295
121.9286
121.9378
122.4259
122.4339
122.6135
122.9278
122.9308
123.4206
123.4265
123.4291
123.619
123.9156
123.9189
123.9227
124.4153
124.4171
124.4254
124.9078
124.9117
124.9146
124.9203
125.4086
125.411
125.4145
125.4193
125.9129
125.9161
125.9182
125.9214
131.8594
131.8615
131.8638
131.8662
131.8682
131.8707
131.9818
132.1183
132.5414
132.6602
133.8362
134.152
137.8348
137.8366
137.8386
137.8406
137.8428
137.8458
138.0835
138.3693
138.4817
138.6034
138.8617
139.915
140.1682
140.181
140.4292
141.1913
141.194
141.199
141.2038
141.3045
141.8154
141.8174
141.8194
141.8219
141.8247
141.9063
141.9661
142.2768
142.2787
142.2806
142.2838
142.2876
142.3757
142.6629
142.6649
142.6685
142.6707
143.0023
143.004
143.0063
143.0088
143.3041
143.3063
143.3096
143.3123
143.5819
143.5842
143.5866
143.589
143.8411
143.8439
143.846
143.8501
144.0845
144.0863
144.0892
144.0926
144.3157
144.3178
144.3202
144.323
144.534
144.5372
144.5403
144.7416
144.7443
144.7476
144.9416
144.9442
144.9473
145.1326
145.1356
145.1403
145.3189
145.3207
145.3242
145.499
145.5014
145.504
145.6738
145.6758
145.6785
145.8426
145.8454
145.8478
146.0063
146.0083
146.0112
146.1676
146.1705
146.3216
146.3247
146.3272
146.4741
146.4764
146.4791
146.6233
146.6268
146.6316
146.7683
146.7713
146.9134
146.9173
147.0501
147.0528
147.1872
147.1906
147.1963
147.3216
147.3248
147.3281
147.4539
147.4568
147.4631
147.5863
147.5887
147.7129
147.7154
147.7178
147.862
147.8685
147.8711
147.941
151.3218
151.3317
152.7778
152.9607
152.966
153.2653
153.2684
153.768
153.7731
154.2629
154.266
154.753
154.7565
154.7603
154.7659
154.8072
155.2546
155.2571
155.4216
155.4408
155.7498
155.752
155.7565
155.9662
156.2462
156.2488
156.2531
156.2581
156.7453
156.7496
156.7522
156.912
157.2428
157.2453
157.2485
157.2529
157.7424
157.7447
157.7479
157.7503
157.9172
163.6931
163.6953
163.6973
163.6992
163.7017
163.7062
163.9365
164.028
164.1559
164.4598
164.6077
164.7346
169.6691
169.6725
169.6751
169.6802
169.7641
169.9029
170.3488
170.4189
172.0263
172.0702
172.1694
173.0256
173.0277
173.0306
173.0343
173.1353
173.1752
173.6476
173.6499
173.654
173.6571
173.7636
174.109
174.111
174.1138
174.1173
174.4965
174.4987
174.5012
174.5058
174.833
174.835
174.8376
174.8409
175.1369
175.1398
175.1429
175.4153
175.418
175.4207
175.6727
175.6756
175.679
175.9174
175.9201
175.9233
175.9268
176.1475
176.1498
176.1532
176.3661
176.3682
176.3717
176.3765
176.5762
176.5795
176.5818
176.7745
176.7776
176.7839
176.9683
176.9745
177.1535
177.1564
177.3318
177.3353
177.5068
177.5101
177.6733
177.6771
177.841
177.845
177.9992
178.0022
178.0049
178.1548
178.1588
178.3087
178.3123
178.4568
178.4604
178.6032
178.6064
178.7441
178.7489
178.8866
178.8902
179.0223
179.0245
179.1563
179.1616
179.2882
179.2905
179.4191
179.4226
179.5499
179.5537
179.6978
184.7679
185.1024
185.5948
185.6088
186.0914
186.0965
186.5885
186.5937
186.7905
187.0858
187.0915
187.5866
187.5886
188.0796
188.0822
188.0854
188.5774
188.5827
188.5851
189.0758
189.0785
189.0813
189.2564
189.5768
189.5788
189.5816
195.5221
195.5258
195.5277
195.5299
195.5324
195.537
195.6577
195.7952
196.2965
196.4691
196.8003
201.4991
201.5008
201.5031
201.5057
201.508
202.1028
202.2559
202.5643
203.8864
203.9972
204.1624
204.8541
204.8578
204.8604
204.8679
204.9893
205.478
205.4809
205.4832
205.4866
205.4887
205.9417
205.9437
205.9468
205.949
206.3246
206.3272
206.3303
206.3328
206.3352
206.4261
206.6647
206.6669
206.6703
206.9696
206.9716
206.9742
207.2461
207.248
207.2522
207.2556
207.5059
207.5079
207.5113
207.5157
207.7497
207.752
207.7547
207.7585
207.9781
207.98
207.9833
207.9863
208.1962
208.1991
208.2025
208.4052
208.4071
208.4098
208.414
208.6075
208.6093
208.6121
208.7979
208.8021
208.8044
208.9844
208.9871
208.9901
209.1629
209.1652
209.1687
209.338
209.3417
209.5077
209.5102
209.6717
209.6744
209.6798
209.8324
209.8346
209.8391
209.9878
209.9911
210.1384
210.1413
210.2874
210.2903
210.2942
210.4337
210.4365
210.5756
210.5792
210.7155
210.7191
210.7229
210.8526
210.8555
210.9873
210.9904
210.9937
211.1202
211.1224
211.2509
211.2566
211.3795
211.3818
211.527
211.5307
215.4524
215.9391
215.9486
216.4348
216.4391
216.9274
216.9311
217.1229
217.426
217.4315
217.9195
217.9239
218.4141
218.417
218.4258
218.4303
218.913
218.9164
218.9199
218.9274
219.407
219.4099
219.4128
219.4187
219.9029
219.9083
219.9124
219.9153
219.919
220.4061
220.4082
220.4112
220.4149
220.4196
220.9023
220.9053
220.9076
220.9114
221.4012
221.4029
221.4051
221.4072
221.41
227.3561
227.3578
227.3612
227.3638
233.3323
233.3343
233.338
233.3429
236.6893
236.6917
236.6943
236.7007
236.7483
237.3118
237.3139
237.317
237.3197
237.7777
237.7798
237.7827
237.7858
238.167
238.1694
238.5002
238.5037
238.5071
238.8043
238.8062
238.8083
239.0805
239.0844
239.0895
239.3424
239.3446
239.3483
239.5855
239.5884
239.8159
239.8189
239.8225
240.0374
240.0406
240.2431
240.2454
240.4413
240.4442
240.6354
240.6385
240.8226
240.8279
241.0043
241.0067
241.1758
241.1805
241.3481
241.5114
241.6702
241.6745
241.8269
241.9803
242.1294
242.1346
242.274
242.5586
242.6938
242.8286
242.8325
242.9586
242.962
243.0897
249.2789
249.7704
250.2637
250.7553
251.2541
251.2592
251.7487
251.7511
251.7572
252.249
252.2517
252.7441
252.7476
252.7529
253.2388
253.241
253.2445
259.1966
259.1985
265.1718
265.1747
265.2185
268.531
268.5413
268.5828
269.1511
269.1535
269.613
269.6152
269.6184
269.9976
269.9998
270.3411
270.3724
270.6429
270.9225
270.9254
271.1831
271.425
271.659
272.2837
282.1717
283.1553
284.0906
284.5833
285.0798
291.0331
291.056
291.0636
291.0675
297.0375
297.0405
297.0435
300.4121
300.4143
300.4249
300.9894
300.9922
301.0313
301.4497
301.4523
301.5502
301.8406
302.1754
302.2132
302.5075
302.7859
303.2608
303.2959
313.9981
314.4976
314.9255
314.9924
315.4225
315.9205
315.9653
316.414
316.9102
316.9142
322.8688
322.876
322.8895
322.9077
328.8668
328.8697
328.883
328.8885
332.2014
332.2042
332.2459
332.2522
332.8204
332.8231
333.2844
333.6714
333.7012
334.011
334.0379
334.6142
334.8513
335.1246
335.7881
346.7651
346.8142
347.2599
347.7538
347.882
348.2483
348.7472
354.703
354.7274
354.7325
360.7004
360.7084
360.7131
360.7165
364.0352
364.043
364.0773
364.0889
364.655
364.6934
364.7617
365.1247
365.1521
365.5396
365.8709
366.1794
366.7135
367.1873
367.1935
367.4082
378.6564
380.0874
380.1263
380.5824
386.5331
386.5388
386.5589
386.5674
392.5375
392.5443
392.549
395.8745
395.9218
396.5325
396.995
397.7094
397.7143
398.0147
398.5497
398.8023
409.9833
410.9814
411.4747
411.9199
418.3702
418.3865
418.3983
424.3722
424.3749
427.7036
427.7509
427.7636
428.3588
428.8219
429.1981
429.5412
429.8416
430.1253
430.8534
442.7937
443.7936
444.2486
450.1979
450.2216
450.2274
456.2158
456.2337
459.5363
459.5792
459.5912
460.1589
460.1926
460.6454
461.0386
461.3756
461.3807
461.6813
461.9591
462.458
463.3203
474.6515
475.5862
476.0813
476.1285