0.5656
0.5800999999999999
0.5888
0.5921999999999999
4.5281
4.5496
4.5507
7.3561
7.5226
10.5019
10.5036
10.505
10.5062
10.5086
10.5098
10.5125
10.5167
10.5183
10.52
12.8445
12.8479
12.8511
12.8542
12.886
12.8986
13.3428
13.3994
13.8711
13.8727
13.8768
13.8779
13.8793
13.8806
13.8917
13.9466
13.949
13.9523
14.1919
14.4916
14.4943
14.4955
14.5038
14.5082
14.5651
14.5673
14.7577
14.8035
14.9571
15.0303
15.0373
15.3416
15.3472
15.4165
15.4282
15.6805
15.6879
15.7499
15.7547
15.7578
15.9783
15.9795
16.1026
16.1437
16.2565
16.258
16.3885
16.3959
16.4463
16.5148
16.5188
16.5202
16.5232
16.7613
16.7639
16.7654
16.7705
16.9875
16.9888
17.2072
17.2112
17.2126
17.3088
17.4169
17.4182
17.6154
17.7071
17.8086
17.9912
17.9965
18.0729
18.1746
18.1759
18.1791
18.3444
18.3459
18.3484
18.425
18.5136
18.6824
18.6839
18.6855
18.6876
18.8373
18.8401
18.8466
18.9928
18.9941
18.9969
19.1501
19.2965
19.3004
19.362
19.4399
19.4535
19.5839
19.5926
19.7225
19.7253
19.7266
19.86
19.8629
19.914
19.9967
19.9982
19.9997
20.0014
20.2595
20.2643
20.3854
20.3885
20.3915
20.3936
20.5324
20.5341
20.5355
20.5372
20.5406
22.8715
23.479
23.4806
23.4822
23.4838
23.9733
23.9751
23.9766
23.9786
23.9804
24.032
24.0355
24.0388
24.0635
24.2219
24.4598
24.462
24.4637
24.4685
24.4709
24.4744
24.5011
24.5165
24.7165
24.9519
25.2138
25.4482
25.4568
25.4821
25.489
25.6995
25.7048
25.943
25.9448
25.9476
25.9491
25.9526
25.9854
26.0629
26.1991
26.4385
26.4415
26.4428
26.5531
26.5562
26.9376
26.9405
26.9437
27.0231
27.0313
27.4316
27.4333
27.4347
27.4375
27.4413
27.5326
27.9278
27.9295
27.9311
27.9375
27.9404
27.9584
28.0187
28.0211
28.0364
28.1553
28.4258
28.4275
28.429
28.4303
28.4319
28.4335
28.4374
28.4502
28.5186
28.5246
28.54
28.7281
28.925
28.9478
29.0107
29.0137
29.0203
29.0257
29.4205
29.4222
29.4236
29.4263
29.4324
29.4395
29.5201
29.5241
29.5306
29.9183
29.9227
30.0026
30.006
30.0099
30.4186
30.4203
30.4232
30.5111
30.5172
32.3939
32.4019
36.3612
36.3664
36.3688
36.3781
39.3598
39.3636
39.3729
42.333
42.3384
42.3396
42.3409
42.345
42.3502
42.3555
44.7102
44.712
44.7143
44.716
44.7264
44.7281
45.1682
45.1743
45.2336
45.7022
45.7038
45.7064
45.7077
45.7118
45.7134
45.7846
45.7915
46.3226
46.3253
46.3341
46.4107
46.5798
46.7849
46.7863
46.7914
46.7934
46.802
46.8607
46.8641
46.8762
46.9662
47.1689
47.1704
47.1718
47.1729
47.1798
47.2443
47.253
47.3241
47.5089
47.5129
47.5146
47.7457
47.8096
47.815
47.8204
47.9339
48.0888
48.0903
48.0916
48.0973
48.219
48.3517
48.3564
48.3595
48.5954
48.8199
48.8228
49.0379
49.0465
49.2496
49.2538
49.4462
49.4477
49.4492
49.455
49.6454
49.7007
49.8242
49.8258
49.827
49.8363
50.0039
50.0055
50.0069
50.0083
50.0116
50.0154
50.1765
50.1838
50.1868
50.2555
50.3461
50.3475
50.3503
50.3518
50.3588
50.4232
50.5099
50.5128
50.514
50.6713
50.6753
50.826
50.8289
50.8303
50.8337
50.9796
50.9823
50.9837
50.9856
51.1317
51.2741
51.2753
51.2782
51.4235
51.4698
51.5614
51.5634
51.6177
51.6926
51.6942
51.7005
51.8273
51.8316
51.9591
51.962
51.9635
51.9651
52.0891
52.0907
52.0937
52.0978
52.2169
52.2186
52.2254
52.3718
52.7253
54.8531
54.8573
54.8591
54.8636
55.3208
55.3246
55.3263
55.3317
55.384
55.8009
55.8038
55.8065
55.8083
55.8101
55.8135
55.8221
55.8585
55.8641
55.8771
56.0523
56.29
56.2939
56.2996
56.3025
56.3483
56.3528
56.5091
56.5428
56.7834
56.7853
56.7869
56.7884
56.79
56.7972
56.8247
56.8325
57.2817
57.2848
57.3052
57.39
57.3938
57.3965
57.4053
57.7726
57.7744
57.7757
57.7772
57.7806
57.7827
57.8814
57.8856
57.8917
58.2716
58.2733
58.2766
58.2782
58.303
58.3849
58.7656
58.7733
58.872
59.2644
59.2689
59.2706
59.2725
59.2937
59.3527
59.3568
59.3664
59.3763
59.7627
59.781
59.7858
59.858
59.8602
60.0153
60.2579
60.2596
60.261
60.2655
60.2805
60.3454
60.3518
60.3576
60.4816
60.7543
60.7767
60.7804
61.2532
61.2549
61.2606
61.3318
61.3349
61.3374
61.5193
61.7498
61.7541
61.7569
61.8306
61.8338
62.0349
62.2512
62.272
62.346
62.8056
68.20489999999999
68.20650000000001
68.2101
68.21810000000001
74.16759999999999
74.1728
74.17400000000001
74.1754
74.182
74.1914
76.5073
76.5091
76.511
76.51300000000001
76.5184
76.5333
76.53879999999999
76.54179999999999
77.0184
77.5334
77.53879999999999
77.54000000000001
77.5446
77.5493
77.6219
77.8879
78.1551
78.1567
78.1593
78.16070000000001
78.16200000000001
78.2273
78.236
78.616
78.6189
78.6215
78.6242
78.6887
78.691
79.002
79.0034
79.0104
79.014
79.0783
79.0899
79.3404
79.35120000000001
79.35380000000001
79.6504
79.65219999999999
79.926
79.92749999999999
79.92919999999999
80.1794
80.18219999999999
80.1835
80.18470000000001
80.42570000000001
80.42700000000001
80.4315
80.4451
80.7604
80.8759
80.8801
81.0788
81.084
81.27930000000001
81.2833
81.2881
81.4739
81.47539999999999
81.4766
81.65649999999999
81.65949999999999
81.66079999999999
81.66200000000001
81.666
81.7247
81.83620000000001
81.8377
81.842
81.8437
81.84699999999999
82.0098
82.0187
82.1827
82.35429999999999
82.5055
82.50830000000001
82.5103
82.658
82.6597
82.6609
82.8109
82.8124
82.95999999999999
82.96299999999999
82.9644
82.96599999999999
83.0275
83.1126
83.1159
83.25069999999999
83.2538
83.3892
83.3904
83.52500000000001
83.5266
83.52800000000001
83.5311
83.5335
83.6681
83.79219999999999
83.7938
83.7984
83.92829999999999
83.9311
84.0526
84.1978
84.1995
86.70780000000001
86.71420000000001
86.7158
87.1542
87.1561
87.15819999999999
87.161
87.1664
87.633
87.6353
87.63930000000001
87.66759999999999
87.69159999999999
87.7239
87.7319
88.1247
88.127
88.1288
88.1337
88.1365
88.1528
88.16370000000001
88.3527
88.38290000000001
88.6144
88.6164
88.6195
88.6229
88.6293
88.6632
89.1114
89.11499999999999
89.1164
89.12430000000001
89.15949999999999
89.604
89.6117
89.61409999999999
89.6327
89.636
89.7239
89.72880000000001
90.1108
90.1345
90.22320000000001
90.2269
90.59829999999999
90.6061
90.60809999999999
90.70099999999999
90.7098
91.096
91.0989
91.1035
91.1086
91.12179999999999
91.18689999999999
91.1942
91.3319
91.59269999999999
91.59439999999999
91.6203
91.6758
91.6827
91.7054
91.84569999999999
92.0904
92.1104
92.1133
92.19589999999999
92.5879
92.5925
92.59569999999999
92.6093
92.6755
92.6814
93.0852
93.09099999999999
93.0928
93.1091
93.19
93.1983
93.3471
93.5835
93.5848
93.58929999999999
93.66840000000001
94.08029999999999
94.0821
94.08629999999999
94.08799999999999
94.0919
94.1036
94.1093
96.10980000000001
96.18899999999999
100.0252
100.0315
103.0292
103.0306
103.0434
106.0018
106.003
106.0042
106.0126
108.3171
108.3219
108.3242
108.326
108.3341
108.3367
108.341
108.85
109.3658
109.3689
109.3795
109.3858
109.3925
109.443
109.4471
109.4505
109.458
109.9909
109.9964
109.9981
110.0006
110.0054
110.061
110.0698
110.4511
110.4548
110.4563
110.46
110.4615
110.5304
110.6594
110.8463
110.9162
111.1775
111.1792
111.2583
111.6018
111.7529
111.7544
111.7557
111.8881
111.8895
112.0125
112.0195
112.0214
112.4847
112.489
112.7096
112.9106
112.9135
112.9161
112.9194
113.111
113.1126
113.1139
113.1153
113.2062
113.3032
113.3102
113.3123
113.4893
113.4991
113.6698
113.6712
113.6739
113.6754
113.6779
113.7467
113.8465
113.848
113.852
113.9199
113.9238
113.962
114.0124
114.0137
114.0151
114.0207
114.1766
114.1825
114.3381
114.3395
114.3431
114.3492
114.6503
114.7923
114.7966
114.8006
114.9409
114.9457
115.0825
115.0889
115.2209
115.2223
115.2293
115.3647
115.4928
115.4956
115.5021
115.6247
115.6262
115.7546
115.7561
115.7575
115.766
115.882
115.8835
115.8865
115.8906
115.9415
116.0295
116.0385
116.3688
118.7624
118.9803
118.9821
118.99
118.994
119.0452
119.0531
119.4657
119.4684
119.4794
119.5453
119.718
119.9536
119.9558
119.9598
119.9632
119.9693
120.0025
120.0112
120.0215
120.4506
120.4529
120.4549
120.4566
120.4609
120.4839
120.5008
120.5826
120.5881
120.6683
120.9465
120.9485
120.9501
120.9557
120.9598
121.0619
121.0713
121.446
121.4513
121.4694
121.541
121.5469
121.5549
121.5608
121.6514
121.6984
121.9373
121.9393
121.9411
121.9459
122.0463
122.431
122.4326
122.4341
122.5339
123.271
123.4249
123.4282
123.5238
123.9322
124.0099
124.0145
124.0328
124.1758
124.4208
124.4222
124.425
124.5057
124.5114
124.5216
124.9156
124.9173
124.9188
124.9269
124.9404
125.0239
125.4145
125.4161
125.4176
125.4202
125.4217
125.4235
125.4333
125.4343
125.5008
125.5153
125.9149
125.9164
125.9179
125.9228
126.0141
127.8971
127.905
127.9731
131.8599
131.8623
131.8704
131.8804
134.86
134.871
134.8777
134.8813
134.9063
137.8434
137.8466
140.0409
140.0459
140.0993
140.1068
140.1099
140.1221
140.1272
140.1901
140.1958
141.1988
141.2005
141.2018
141.2106
141.2125
141.2275
141.2783
141.2845
141.5339
141.5557
141.8196
141.8236
141.825
141.8262
141.8293
141.8376
141.8916
141.8948
141.8985
141.9139
142.2861
142.289
142.3515
142.3555
142.3596
142.6669
142.671
142.6819
142.7488
142.7525
142.8238
143.0032
143.006
143.0072
143.0099
143.0952
143.307
143.3098
143.3112
143.3177
143.5856
143.5884
143.5967
143.8463
143.8564
143.9513
144.0906
144.0918
144.0947
144.2121
144.318
144.3236
144.5356
144.5371
144.5385
144.5446
144.7448
144.7476
144.752
144.9453
144.9478
145.1357
145.1412
145.3235
145.3291
145.5008
145.5065
145.6758
145.6814
145.6838
145.8435
145.8477
145.8492
145.9135
146.008
146.0109
146.0156
146.0193
146.1677
146.1691
146.1718
146.1735
146.324
146.3297
146.4792
146.4822
146.484
146.6302
146.632
146.775
146.9136
146.915
147.1988
147.3248
147.3278
147.4587
147.4616
147.4631
147.5876
147.5892
147.5906
147.5923
147.5941
147.5978
147.7151
147.7211
147.8646
147.8677
147.8693
147.8715
150.2153
150.3935
150.818
150.8199
150.8245
150.8357
150.8896
151.3082
151.31
151.3671
151.5576
151.7898
151.7951
151.7969
151.8028
151.8369
152.2793
152.2815
152.2861
152.2941
152.3206
152.7771
152.7821
152.7837
152.7856
152.7883
152.8166
152.8219
152.9209
153.2707
153.393
153.7691
153.7721
153.7739
153.7792
153.8884
153.895
153.8991
154.0715
154.0965
154.2636
154.2653
154.2681
154.2715
154.2886
154.3684
154.518
154.5287
154.7598
154.7615
154.7627
154.7642
154.77
154.8543
154.8639
155.2564
155.2583
155.2598
155.2646
155.7603
155.7619
155.7662
155.774
155.8525
156.2675
156.2735
156.2782
156.3425
156.5083
156.7505
156.7519
156.7562
156.758
156.7607
156.8396
157.2472
157.2488
157.2562
157.2585
157.2713
157.3304
157.7472
157.7489
157.7518
157.7534
157.7551
157.7573
157.7621
157.7701
159.7749
163.6896
163.6935
163.6948
163.7014
163.7044
166.005
166.6969
169.6642
169.6659
169.6721
169.6747
169.6762
169.6777
169.6793
169.6813
170.1073
171.9212
171.9273
171.929
171.9342
171.9449
171.9472
171.9594
171.9728
172.0105
172.0264
172.0312
172.0556
173.0305
173.032
173.0361
173.0391
173.0468
173.1054
173.1088
173.1277
173.6555
173.6628
173.6685
173.7215
173.7266
173.7297
173.734
174.1156
174.1182
174.1195
174.1246
174.1818
174.1848
174.1939
174.329
174.3577
174.4997
174.5054
174.5068
174.5737
174.5794
174.8358
174.8371
174.8385
174.8398
174.9172
174.9255
175.1397
175.1436
175.145
175.1486
175.1558
175.6772
175.6827
175.6841
175.9203
176.1499
176.1528
176.1554
176.1617
176.3697
176.3751
176.5826
176.5872
176.7766
176.7808
176.7839
176.7861
176.8663
176.9697
176.9737
177.1561
177.1574
177.1641
177.3329
177.3343
177.3371
177.3399
177.3424
177.5072
177.5087
177.5101
177.513
177.5145
177.517
177.5854
177.6759
177.6814
177.6863
177.8404
177.842
177.8513
177.9129
178.0019
178.0076
178.0122
178.1578
178.1605
178.1637
178.4648
178.4722
178.5221
178.6034
178.6077
178.6111
178.753
178.8939
179.0226
179.0272
179.0322
179.1568
179.1612
179.2956
179.2982
179.42
179.4216
179.4289
179.5479
179.5541
179.6983
179.7037
180.04
181.9847
182.1915
182.1995
182.2278
182.6466
182.6487
182.6505
182.6524
182.6542
182.6724
182.7083
182.7156
183.1316
183.134
183.1438
183.1465
183.154
183.1625
183.1983
183.6207
183.625
183.6269
183.6287
183.6315
183.6364
183.6785
183.6888
184.114
184.1176
184.1192
184.1207
184.1273
184.151
184.1585
184.2625
184.6132
184.6164
184.6188
184.8224
185.1072
185.2142
185.2181
185.4104
185.6019
185.6047
185.7021
185.7051
185.7098
186.0961
186.0977
186.0994
186.1023
186.104
186.1255
186.2053
186.2105
186.2323
186.3921
186.5935
186.5952
186.5968
186.5982
186.5997
186.6156
186.7005
187.0906
187.0925
187.0955
187.0986
187.1948
187.3392
187.5866
187.5883
187.5925
187.5984
187.6103
187.6771
187.6834
187.6878
187.8441
188.0869
188.0974
188.1672
188.1796
188.187
188.5824
188.5841
188.5925
188.6024
188.6731
189.0806
189.0833
189.0847
189.0864
189.092
189.1033
189.5816
189.5844
189.5913
189.6758
189.6798
191.5687
191.5714
195.5251
195.5326
195.5357
195.5392
195.5413
198.5201
198.5321
198.5462
201.5011
201.5025
201.5271
203.7178
203.7199
203.7235
203.7255
203.7892
203.7959
203.7987
203.8077
203.8147
203.8263
204.459
204.8585
204.8601
204.8616
204.8629
204.8642
204.8817
204.9367
204.9445
205.2198
205.2368
205.4831
205.495
205.5145
205.9462
205.9489
205.9502
206.0191
206.0226
206.027
206.065
206.3309
206.3324
206.3337
206.3351
206.4137
206.6723
206.6751
206.749
206.7544
206.8085
206.8291
206.972
206.9761
207.1054
207.1274
207.137
207.1588
207.2506
207.2522
207.2561
207.2614
207.5121
207.5133
207.5162
207.5209
207.7581
207.7596
207.7616
207.8692
207.872
207.9843
207.9854
207.9882
207.9897
207.9921
208.2006
208.2078
208.21
208.4106
208.412
208.4179
208.429
208.4874
208.6086
208.6142
208.8014
208.8048
208.8071
208.8107
208.9882
209.1666
209.1682
209.1695
209.1709
209.3412
209.4174
209.5138
209.5869
209.6731
209.6774
209.6788
209.8332
209.8349
209.8363
209.8393
209.9911
209.997
210.1416
210.1433
210.1476
210.2906
210.2921
210.3021
210.3593
210.3642
210.4367
210.4496
210.7188
210.7273
210.8595
210.8659
210.9924
210.9939
210.9994
211.1253
211.1299
211.2533
211.2563
211.2594
211.3833
211.388
211.5298
211.5367
211.8376
211.8712
214.0104
214.0157
214.0177
214.0373
214.4842
214.4866
214.4887
214.4908
214.4926
214.495
214.4973
214.5069
214.9664
214.9684
214.9703
215.4607
215.4627
215.4645
215.4977
215.9485
215.9505
215.9562
215.9587
215.9837
216.4407
216.4427
216.4495
216.4668
216.4736
216.4887
216.5853
216.9351
216.9387
216.9418
216.9436
216.9669
217.08
217.4326
217.437
217.4393
217.4701
217.5621
217.9272
217.9411
218.185
218.4235
218.4371
219.0195
219.0249
219.42
219.4402
219.6807
219.9163
219.918
219.9209
219.9238
219.9267
219.9403
220.0252
220.0282
220.033
220.4184
220.4245
220.503
220.5056
220.9104
220.9121
220.9136
220.9148
220.9214
220.9295
220.9344
220.9995
221.004
221.1408
221.4119
221.4194
221.4236
221.4295
222.025
227.3675
230.3733
230.3777
230.3919
233.3316
233.333
233.3342
233.3369
233.3412
233.3519
233.8906
235.5264
235.5285
235.5346
235.5416
235.5441
235.5553
235.6464
235.6595
235.6757
235.6918
235.7005
235.7131
236.133
236.1777
236.6941
236.6957
236.6969
236.6996
236.7056
236.7739
236.7789
236.7831
237.3178
237.3279
237.3348
237.3921
237.3955
237.3999
237.4081
237.5466
237.5587
237.7802
237.7817
237.7948
237.8637
237.8674
238.1685
238.1741
238.5095
238.5126
238.8121
239.0913
239.0969
239.1037
239.3451
239.3466
239.3567
239.47
239.5912
239.5925
239.5939
239.597
239.5999
239.7111
239.8226
239.8304
239.8911
239.9308
240.0384
240.0398
240.0426
240.0464
240.0509
240.1401
240.2454
240.247
240.2484
240.2527
240.4504
240.4547
240.64
240.6446
240.6468
240.8257
240.8272
240.8328
241.0028
241.0044
241.0057
241.0145
241.1765
241.3459
241.3514
241.3535
241.5107
241.5201
241.6757
241.6847
241.8298
241.8333
241.9794
241.9809
241.9859
241.9898
242.1277
242.1293
242.1307
242.1358
242.4163
242.5582
242.5634
242.6927
242.7016
242.8322
242.8357
242.9611
242.9659
243.0899
243.0948
243.0966
243.219
243.2221
243.2265
243.3648
243.3698
243.3718
245.9116
245.9138
246.3306
246.3326
246.3384
246.3427
246.3463
246.3521
246.3573
246.5907
246.8005
246.803
246.8065
246.8164
246.849
246.8574
246.8755
247.2963
247.2978
247.2996
247.3112
247.3229
247.5475
247.7852
247.7888
247.7943
247.8239
247.8331
247.8507
248.2773
248.2807
248.2881
248.3298
248.3362
248.7704
248.7753
248.779
248.7824
248.7945
248.8248
249.2707
249.2722
249.2756
249.7659
249.7722
249.7773
249.7914
250.0142
250.2575
250.2593
250.2607
250.287
250.3961
250.4012
250.7594
250.7625
250.7642
250.7825
250.857
250.8618
250.9783
251.2544
251.2559
251.2573
251.2587
251.2603
251.3583
251.7495
251.7541
251.7628
251.771
251.8581
252.2474
252.249
252.2505
252.2532
252.2591
252.2657
252.2746
252.3463
252.7439
252.7456
252.7513
252.7537
252.7626
252.8318
253.2433
253.245
253.2465
253.2526
253.2642
253.6566
255.2357
255.2403
259.1902
259.1955
259.1968
259.1996
259.2011
259.2026
259.2258
259.2297
262.1842
262.1967
262.2102
262.221
265.1648
265.1688
265.1739
265.1826
265.1859
267.3593
267.3611
267.3642
267.367
267.3748
267.3776
267.3896
267.414
267.5628
267.5663
267.5699
267.5735
267.5795
267.6028
267.9665
268.5264
268.5279
268.5294
268.5348
268.5364
268.625
269.1513
269.157
269.1583
269.1617
269.1638
269.1719
269.2308
269.2394
269.2553
269.47
269.6153
269.6166
269.6179
269.6193
269.6268
269.6921
269.6973
269.8003
270.0025
270.0085
270.086
270.0893
270.3419
270.3465
270.3546
270.642
270.6448
270.6475
270.649
270.651
270.9221
270.9299
270.9336
271.0323
271.0576
271.1802
271.1817
271.183
271.1844
271.1874
271.282
271.3064
271.4223
271.424
271.4347
271.6528
271.6542
271.6582
271.6618
271.6674
271.8707
271.8723
271.8737
271.8749
272.0808
272.0821
272.085
272.0866
272.0894
272.2799
272.2875
272.2904
272.4719
272.4735
272.4762
272.4777
272.4793
272.5603
272.6575
272.6589
272.6603
272.6653
272.8482
273.0108
273.0123
273.0213
273.1842
273.1876
273.3456
273.5063
273.5093
273.6619
273.6649
273.6665
273.6719
273.814
273.8205
273.9634
273.9679
274.1077
274.1093
274.1124
274.1139
274.1158
274.2501
274.2565
274.3946
274.3962
274.4017
274.5346
274.5955
274.6638
274.6685
274.7944
274.7977
274.801
274.8395
274.9261
274.931
274.9342
275.0545
275.0593
275.0628
275.2047
275.2065
275.2108
275.512
278.1868
278.1923
278.1998
278.2016
278.2079
278.2109
278.2161
278.2426
278.4002
278.6412
278.6459
278.6478
278.6551
278.6595
278.6724
279.1322
279.1362
279.1402
279.1424
279.147
279.1521
279.1632
279.6216
279.6248
279.6291
279.6737
279.6796
279.6823
280.1165
280.1217
280.1302
280.1518
280.3287
280.6053
280.6075
280.6162
280.6623
280.6674
280.8504
281.1049
281.1109
281.1129
281.4207
281.5962
281.6
281.6029
281.6046
281.6095
281.741
282.0914
282.0948
282.0963
282.0977
282.1199
282.5912
282.5944
283.0872
283.0902
283.0916
283.0932
283.0949
283.2041
283.2124
283.588
283.5958
283.605
284.0803
284.0861
284.1008
284.1871
284.3318
284.5798
284.5811
284.5869
284.589
284.6019
284.6841
284.6882
284.6974
285.0826
285.0842
285.0892
287.0695
287.0959
291.027
291.0323
291.0336
291.0351
291.04
291.0527
291.0549
294.0308
294.035
296.4647
297.0024
297.0036
297.0062
297.0089
297.0121
297.0158
297.0319
299.208
299.2125
299.2149
299.2173
299.2267
299.2291
299.2426
299.4115
299.8724
300.36
300.3646
300.3659
300.3673
300.3702
300.3719
300.3819
300.3873
300.9841
300.9922
300.9939
300.9991
301.0043
301.0683
301.0761
301.4502
301.4514
301.4558
301.5341
301.5368
301.5428
301.546
301.8334
301.8375
301.844
301.9348
301.937
302.1712
302.1739
302.1808
302.2624
302.2656
302.2728
302.7533
302.7603
302.7651
303.0128
303.1349
303.2582
303.2595
303.2642
303.3428
303.4926
303.7045
303.7059
303.7073
303.9125
303.914
303.9168
303.9214
304.1188
304.3049
304.4909
304.4925
304.4939
304.67
304.6716
304.6731
304.6775
304.68
304.8438
304.8453
304.8497
304.8512
305.0146
305.0191
305.0244
305.1772
305.1851
305.1886
305.3413
305.3444
305.4933
305.495
305.4965
305.4981
305.655
305.6688
305.7952
305.8016
305.8038
305.9412
305.943
305.9461
305.9479
305.9505
306.083
306.0877
306.0893
306.2234
306.2252
306.2282
306.2302
306.3612
306.3703
306.5009
306.628
306.6329
306.6346
306.7597
306.7613
306.763
306.765
306.8865
306.8882
306.8953
307.0358
307.0379
307.0399
307.0436
307.0466
310.0088
310.0105
310.0123
310.0169
310.3074
310.474
310.4853
310.4904
310.5329
310.5519
310.7885
310.9704
310.9737
310.9786
311.0226
311.4567
311.4618
311.4634
311.4714
311.5018
311.5103
311.9591
311.9667
312.4458
312.4501
312.4914
312.4963
312.5867
312.9347
312.9362
312.9379
312.9489
313.1472
313.4303
313.4401
313.4428
313.5537
313.5592
313.6476
313.9273
313.9322
313.9355
313.9388
314.4259
314.4274
314.4288
314.4365
314.448
314.5582
314.9208
314.9225
314.9481
315.0452
315.4187
315.42
315.5154
315.5266
315.9164
315.9193
315.9207
315.9257
315.9358
316.0295
316.2066
316.4129
316.4145
316.4158
316.4289
316.5203
316.5403
316.9107
316.9136
316.9165
316.9225
318.8994
318.9105
318.9177
322.8578
322.8593
322.8657
322.8789
325.8594
325.8777
328.8298
328.8366
328.8381
328.8393
328.8407
328.8422
328.8478
331.0358
331.0381
331.0398
331.0467
331.064
331.0713
331.0786
331.2553
331.2588
331.2785
331.6924
331.9058
332.195
332.1976
332.2055
332.2156
332.2955
332.2991
332.5047
332.8169
332.8201
332.8212
332.8226
332.8268
332.8957
332.9033
332.9095
333.0968
333.283
333.2843
333.2856
333.287
333.2968
333.3636
333.3669
333.3692
333.4656
333.4975
333.6679
333.6734
333.6751
333.6787
333.6829
333.7526
333.8217
333.8999
334.0064
334.0078
334.0092
334.1619
334.3115
334.3176
334.4269
334.5863
334.595
334.8452
334.8509
334.8621
335.0889
335.0905
335.096
335.098
335.1026
335.2051
335.3187
335.3203
335.3245
335.5401
335.5429
335.7452
335.7527
335.76
335.8433
335.9455
335.9512
335.9549
336.002
336.138
336.1453
336.3252
336.3281
336.331
336.3342
336.5045
336.5149
336.6795
336.6823
336.6876
336.8522
337.0118
337.0162
337.0181
337.022
337.1776
337.3297
337.3329
337.4051
337.4795
337.484
337.4856
337.6345
337.637
337.7736
337.7767
337.9165
337.9196
337.9246
337.9284
337.9659
338.003
338.0587
338.0601
338.0634
338.0654
338.3285
338.4604
338.4669
338.4694
338.6002
338.7214
338.7228
338.8723
338.8759
341.6424
341.8351
341.8395
341.8414
341.8433
342.3179
342.3218
342.3268
342.3334
342.3899
342.8091
342.8203
342.8723
342.8804
343.2959
343.2977
343.3257
343.3348
343.365
343.778
343.7799
343.788
343.7913
343.796
343.8232
344.0386
344.2736
344.28
344.2816
344.2842
344.3285
344.7725
344.7755
344.7814
344.7921
344.8119
344.908
345.2657
345.2704
345.272
345.2739
345.2767
345.3036
345.7612
345.7627
345.7642
345.7944
345.8945
345.9004
346.2588
346.2603
346.2617
346.2632
346.2668
346.374
346.3788
346.3899
346.7547
346.7565
346.7608
346.7786
346.864
346.8675
347.251
347.2525
347.2603
347.3572
347.3609
347.7478
347.7496
347.7525
347.7572
347.8579
347.8641
347.9822
348.2502
348.2599
348.3407
348.3448
348.7549
354.6905
354.6957
354.6984
357.69
357.6927
357.6995
357.7069
357.7195
360.6643
360.6685
360.6783
360.6853
360.7035
361.3224
362.8625
362.865
362.8669
362.8735
362.8806
362.9
363.4835
364.0263
364.0306
364.0346
364.042
364.0505
364.0573
364.1164
364.1307
364.4104
364.6499
364.6542
364.7359
364.7407
364.7456
365.1195
365.2036
365.2121
365.2201
365.3877
365.4999
365.5028
365.8364
365.8379
365.8405
365.842
365.8452
366.1422
366.1435
366.4231
366.4244
366.4259
366.4276
366.4297
366.6845
366.6862
366.6927
366.9217
367.1512
367.1544
367.1572
367.1586
367.1606
367.2229
367.3701
367.3744
367.3758
367.5788
367.5884
367.779
367.7819
367.7848
367.7864
367.7884
367.973
367.9744
367.982
368.0267
368.1568
368.1629
368.1674
368.176
368.3431
368.3476
368.5097
368.514
368.5188
368.6807
368.6852
368.6871
368.6914
368.7336
368.8493
368.8536
368.8948
369.0042
369.0058
369.0073
369.0122
369.0151
369.0236
369.1601
369.1663
369.1682
369.2227
369.3119
369.3134
369.3149
369.3236
369.4633
369.4648
369.4679
369.4704
369.5122
369.5348
369.6093
369.6124
369.7153
369.7512
369.7543
369.758
369.7619
369.895
369.8989
370.0275
370.0324
370.0369
370.0771
370.1618
370.1635
370.1669
370.1688
370.2947
370.2982
370.3017
370.3093
370.4254
370.427
370.4306
370.5596
370.7047
370.7112
371.0183
373.469
373.6673
373.6732
373.6775
374.1531
374.1572
374.1593
374.1613
374.1665
374.1712
374.1771
374.1841
374.6344
374.6368
374.6381
374.6438
374.6462
374.6895
374.7035
375.1265
375.1302
375.1356
375.1383
375.1817
375.6146
375.6237
375.6301
375.6643
376.1072
376.1126
376.1142
376.1183
376.3573
376.4115
376.61
376.6118
376.6144
376.641
376.7578
377.097
377.1004
377.1018
377.1033
377.1363
377.5963
377.5991
378.0911
378.0927
378.2011
378.2049
378.5937
378.6884
379.0815
379.0849
379.0878
379.0933
379.1918
379.2272
379.5801
379.5819
379.5833
379.5894
379.6808
379.6848
379.6901
380.0784
380.08
380.0815
380.086
380.0877
380.1784
380.5767
380.5824
380.5841
380.5885
382.5625
382.5676
386.5349
386.5381
386.5402
386.5439
386.5539
386.7322
389.5252
389.5386
392.5003
392.5122
392.5224
394.7113
394.7137
394.7204
394.7233
394.7311
394.7342
395.8594
395.8611
395.8627
395.8729
395.9455
395.9501
395.9572
396.2118
396.4836
396.4851
396.4864
396.4919
396.4936
396.5009
396.5692
396.5735
396.5997
396.9467
396.9483
396.9509
396.9553
397.0311
397.0348
397.043
397.0522
397.3375
397.4292
397.4328
397.6712
397.6726
397.9798
397.9838
398.1204
398.1592
398.2527
398.2614
398.2635
398.5183
398.7545
398.756
398.7574
398.7587
398.7616
398.9858
398.9872
399.2058
399.2085
399.4125
399.4153
399.4167
399.5134
399.5546
399.6115
399.6171
399.6186
399.6206
399.9915
399.9999
400.1718
400.1764
400.2231
400.3454
400.3467
400.3484
400.3531
400.4283
400.5134
400.5148
400.5177
400.5245
400.5865
400.6761
400.6777
400.684
400.6862
400.7378
400.8382
400.8397
400.8885
400.9121
400.9919
400.9934
400.9999
401.0037
401.1444
401.1461
401.1475
401.1588
401.2138
401.2957
401.2987
401.3004
401.3638
401.4395
401.4442
401.4459
401.4479
401.4511
401.5819
401.5944
401.7243
401.729
401.8619
402.0016
402.0041
402.1305
402.1344
402.2567
402.266
402.3838
402.3871
402.3888
402.3906
402.5362
402.538
402.5398
402.5416
402.8443
405.2655
405.503
405.5094
405.5179
405.5225
405.9884
405.993
405.995
405.9994
406.0588
406.188
406.4716
406.4733
406.4789
406.4822
406.4961
406.5011
406.5107
406.9554
406.9594
406.9671
406.971
406.981
407.4533
407.4881
407.6642
407.9444
407.977
408.4353
408.4386
408.4435
408.451
408.9294
408.9312
408.9339
408.9367
408.9386
408.9412
408.9588
409.4268
409.4286
409.4328
409.4415
409.4546
409.5571
409.6378
409.9263
409.9306
409.9449
410.0362
410.4193
410.429
410.4317
410.4367
410.5265
410.5291
410.5439
410.6599
410.9176
410.9191
410.9436
411.0309
411.0344
411.4138
411.417
411.4183
411.4213
411.4231
411.5108
411.5152
411.5192
411.6676
411.9155
412.0148
412.4093
412.4112
412.4143
412.4171
412.426
412.7237
414.4243
418.3555
418.3571
418.361
418.3665
418.3883
421.3623
426.5126
426.5152
426.5169
426.5204
426.5222
426.527
426.5294
426.5332
426.7721
426.7786
427.1675
427.6938
427.7013
427.7042
427.7079
427.7785
427.7881
428.0049
428.3175
428.3192
428.3218
428.3246
428.3277
428.3967
428.4026
428.4102
428.5489
428.5649
428.779
428.786
428.7919
428.8614
428.8651
429.1688
429.1701
429.1788
429.2646
429.2685
429.3162
429.3194
429.3462
429.3475
429.3883
429.5019
429.5034
429.5049
429.5074
429.5143
429.5208
429.8099
429.8112
429.8128
429.9946
430.0852
430.2189
430.3445
430.3516
430.3557
430.4681
430.5916
430.8173
430.8264
430.8297
431.0371
431.2472
431.25
431.2563
431.4448
431.4477
431.4522
431.5344
431.6371
431.6398
431.823
431.8245
431.8258
431.8273
432.0035
432.0049
432.0129
432.1753
432.1834
432.3443
432.3474
432.3504
432.4182
432.5134
432.5169
432.5219
432.6684
432.67
432.6714
432.6728
432.6783
432.8249
432.8294
432.831
432.9783
432.9798
432.9814
432.9829
432.9866
433.1264
433.128
433.1311
433.1349
433.1398
433.2718
433.275
433.2782
433.2806
433.4201
433.429
433.5575
433.5624
433.5656
433.6942
433.6957
433.6993
433.7015
433.8265
433.8296
433.8312
433.8352
433.9693
434.0888
434.2167
434.2187
434.2203
434.3702
434.6451
436.8914
436.8931
437.3307
437.3331
437.3442
437.3488
437.358
437.8123
437.8159
437.8178
437.8198
437.8302
437.8438
438.0275
438.3032
438.3074
438.3093
438.788
438.7919
438.7935
438.7953
438.7972
438.7994
438.8401
438.8509
439.2812
439.3237
439.7728
439.7806
439.8017
439.9808
440.2668
440.2701
440.2765
440.2795
440.2849
440.3029
440.7663
440.7707
440.7723
440.7744
441.2571
441.259
441.2605
441.2673
441.2917
441.7709
441.8669
441.8795
441.9691
442.2541
442.2568
442.2618
442.7493
442.7624
442.7673
442.8506
442.853
442.8563
442.8662
442.9679
443.2466
443.2496
443.2538
443.2555
443.3435
443.3472
443.5023
443.7492
443.7687
443.8498
443.855
443.867
444.2454
444.256
444.2645
444.5548
444.6784
450.1884
450.1913
450.1925
450.1971
450.2044
450.2196
451.6352
453.2446
453.268
456.163
456.1659
456.1697
456.1755
456.1782
456.1845
458.3768
458.3809
458.3827
458.3886
458.3905
458.3954
458.3993
458.4206
458.6054
458.6084
458.6107
458.6477
458.6609
458.9925
459.5268
459.5301
459.5357
459.5455
459.8385
460.1497
460.1513
460.1528
460.1554
460.1584
460.1624
460.1683
460.2303
460.2334
460.2413
460.2588
460.6278
460.6967
461.0014
461.0028
461.0095
461.014
461.0163
461.0895
461.1019
461.3353
461.3423
461.3468
461.6387
461.6428
461.6442
461.9177
461.9192
461.9205
461.9218
461.9231
461.9247
461.9264
461.9292
462.1839
462.2921
462.4243
462.5296
462.6495
462.655
462.6565
462.8678
462.8695
462.8722
463.0781
463.0795
463.0809
463.0905
463.2774
463.2816
463.3674
463.4719
463.4764
463.6547
463.6577
463.6606
463.8355
463.8368
463.9226
464.008
464.0111
464.0125
464.0141
464.0159
464.1814
464.185
464.192
464.3416
464.3478
464.3496
464.3536
464.5017
464.5078
464.5099
464.6575
464.6589
464.6619
464.6708
464.8119
464.815
464.8186
464.8235
464.9594
464.9657
464.9681
465.1048
465.1096
465.2477
465.254
465.2561
465.3923
465.4796
465.5244
465.5278
465.5782
465.6599
465.665
465.6669
465.792
465.799
465.802
465.8364
465.9214
465.9267
465.9284
465.9318
466.0495
466.0512
466.0528
466.0546
466.0566
466.0603
466.2024
466.206
466.2087
469.1807
469.6496
469.6516
469.6533
469.6576
469.6663
469.6934
470.1376
470.1412
470.1759
470.1851
470.6217
470.6251
470.629
470.6361
470.666
470.6735
470.855
471.1159
471.1175
471.1191
471.1212
471.1232
471.1268
471.1334
471.1828
471.3696
471.6085
471.6116
471.617
471.6212
472.1051
472.1067
472.1181
472.1348
472.6033
472.6304
472.7377
472.7452
473.0899
473.0916
473.0932
473.0946
473.0961
473.0992
473.1283
473.2402
473.5879
473.5927
473.5941
473.6062
473.7193
473.9045
474.0862
474.0907
474.094
474.1007
474.1963
474.2009
474.2281
474.3479
474.5819
474.5836
474.5878
474.5892
474.5911
474.595
474.6956
474.7068
475.0811
475.0825
475.0838
475.0852
475.09
475.0957
475.1914
475.58
475.5844
475.586
475.5899
475.6836
475.7966
476.0757
476.0785
476.0811
476.5736
