0.6788
0.6822
0.6919999999999999
0.7131999999999999
1.5778
1.5911
1.6114
1.6154
1.6223
1.6345
1.6415
1.6914
1.6956
1.7049
1.7127
1.7319
1.747
1.7863
1.7902
1.8014
1.873
1.8825
1.8993
1.9175
1.9409
2.1004
2.1048
2.1303
2.1372
2.283
2.2881
2.3056
2.3859
2.3909
2.4724
2.4773
2.544
2.5588
2.6405
2.6445
2.7418
2.7499
2.8632
2.8681
2.9767
2.9834
3.0838
3.0895
3.2047
3.2101
3.3894
3.4026
3.5231
3.5275
3.6458
3.652
3.7985
3.8032
4.4519
4.4554
4.4707
4.8174
4.8221
4.8442
5.4288
5.4307
5.4321
5.4425
5.4462
5.4489
5.4549
5.4564
5.4607
5.4725
5.4751
5.4844
5.4918
5.4929
5.4939
5.4989
5.5413
5.5494
5.6127
5.6198
5.6762
5.6828
5.8546
5.859
5.8657
5.9159
5.9327
5.9581
6.0193
6.0231
6.4543
6.4593
6.4641
6.4797
6.4844
6.5357
6.5415
6.6851
6.6895
6.7041
6.7435
6.7516
6.8066
6.8247
6.8314
6.8548
6.8928
6.8978
7.1171
7.3489
7.3526
7.4433
7.4495
7.507
7.5132
7.6113
7.6153
7.6747
7.6832
7.7716
7.7842
8.489800000000001
8.494199999999999
8.582000000000001
8.586399999999999
8.7568
8.7623
8.8101
8.8302
8.9476
8.953799999999999
9.1676
9.1714
9.3704
9.375
9.5114
9.521699999999999
9.967599999999999
9.972899999999999
10.0274
10.0347
11.3989
11.4017
11.4036
11.4052
11.4127
11.4148
11.4226
11.4305
11.4398
11.4519
11.4593
11.4604
11.4695
11.472
11.4855
11.4899
11.5144
11.5302
11.5343
11.6368
11.6422
11.7442
11.7476
11.7565
11.8296
11.8361
11.8958
11.8994
11.902
11.9195
11.9238
12.1428
12.1517
12.161
12.1714
12.1787
12.1825
12.2152
12.2774
12.2838
12.2877
12.2956
12.2988
12.3399
12.3599
12.3669
12.3843
12.3949
12.4121
12.4347
12.4367
12.4641
12.4798
12.5552
12.5604
12.6066
12.6249
13.1339
13.1436
13.1721
13.1798
13.4477
13.4533
13.9252
13.929
14.1778
14.1823
14.3427
14.3464
14.4135
14.4186
14.6704
14.7543
14.7599
15.1787
15.1882
15.1931
15.2906
15.2973
15.508
15.7269
15.7308
15.7423
15.7597
15.7781
15.8326
15.8475
16.1355
16.1392
16.1651
16.1752
16.22
16.2864
16.2944
16.4628
16.4659
16.4776
16.4926
16.5236
16.5314
16.6188
16.7975
16.8013
16.8246
16.8338
17.0875
17.0909
17.1086
17.1146
17.3042
17.3105
17.3154
17.3501
17.3696
17.3894
17.5438
17.5498
17.5804
17.5848
17.6198
17.6379
17.7839
17.7883
17.797
17.8644
17.871
17.9935
17.9982
18.0491
18.055
18.202
18.2057
18.2141
18.2285
18.4082
18.4119
18.4402
18.4456
18.5894
18.5934
18.604
18.61
18.6896
18.6961
18.7995
18.8106
18.8177
18.9829
18.9896
19.0001
19.3544
19.3602
19.3824
19.4052
19.5919
19.7349
19.7724
19.7849
21.2178
21.2217
21.2291
21.866
21.8699
21.8742
22.4296
22.4341
22.4419
22.4748
22.4838
22.5752
22.58
22.6116
22.6427
22.6611
25.7869
25.7904
25.7998
26.3462
26.35
27.4077
27.4109
27.4144
27.6544
27.6577
27.6615
27.6967
27.7012
27.7238
27.7308
27.815
27.8191
28.1786
28.1823
28.1958
28.2034
28.2544
28.2606
28.2705
28.3301
28.3843
28.3893
28.6487
28.6527
28.6591
28.7105
28.7178
28.7295
28.7543
28.7755
29.1615
29.1703
29.1838
29.241
29.2455
29.4299
29.4379
29.5602
29.6775
29.6838
30.1406
30.1472
30.1534
30.2968
30.3007
30.3163
30.3968
30.4026
30.6384
30.6421
30.6508
30.6652
30.6726
30.775
30.7789
30.8387
30.8495
31.1586
31.1644
31.2089
31.2155
31.2314
31.7034
31.7071
32.0498
32.0537
32.2574
32.261
32.4069
32.4111
32.4232
32.5401
32.5484
32.7034
32.7086
32.915
32.9196
33.4006
33.4053
33.4127
33.7817
33.7852
33.8084
33.8933
33.8972
34.6334
34.6374
34.6446
34.8698
34.8738
34.9544
34.9723
35.2633
35.2683
35.3449
35.3493
35.3661
35.8905
35.8944
36.2064
36.2101
36.2149
36.2749
36.2784
36.5702
36.575
36.5975
36.7648
36.771
37.2017
37.2053
37.2101
37.2133
37.2174
37.2256
37.2274
37.2293
37.2337
37.2364
37.2375
37.2534
37.2648
37.2667
37.2842
37.2854
37.2905
37.3357
37.3474
37.3597
37.4104
37.42
37.4511
37.4577
37.6052
37.6089
37.6164
37.6286
37.6352
37.6422
37.7556
37.7952
37.9364
37.9405
37.9717
38.0003
38.4337
38.4381
38.4517
39.4524
39.456
39.4661
40.3001
40.3048
40.318
40.326
40.5667
40.5703
40.6127
40.6194
40.6476
40.6544
40.6976
40.7134
40.7244
40.7905
40.8034
40.821
40.8327
40.8635
40.8709
40.9188
40.9255
40.9582
40.9681
41.0263
41.0334
41.1024
41.1116
41.1199
41.163
41.1768
41.189
41.2276
41.24
41.258
41.3154
41.3696
41.3812
41.4572
41.4623
41.5586
41.5634
41.5925
41.6597
41.6708
41.7579
41.7654
41.8444
41.9309
41.9479
42.1097
42.1174
42.1916
42.2338
42.2428
42.6588
42.6637
43.0344
43.0404
43.1662
43.1701
43.1816
43.184
43.1906
43.2
43.2034
43.2148
43.2192
43.2208
43.2333
43.2383
43.2467
43.3165
43.3208
43.4039
43.4076
43.6179
43.623
43.6269
43.6558
43.6596
43.6616
43.6887
44.0648
44.0685
44.0766
44.0856
44.1308
44.1364
44.1524
44.5641
44.5673
44.5762
44.8635
44.8704
45.2037
45.2085
45.2182
45.3662
45.3734
45.9732
45.9776
45.9891
46.2302
46.2347
46.2868
46.2992
46.4168
46.4207
46.4562
46.4622
46.6365
47.0054
47.0094
47.0191
47.0329
47.0691
47.0752
47.3306
47.3342
47.3424
47.9351
47.9382
47.9491
48.2532
48.2569
48.2652
48.3256
48.3312
48.6283
48.6371
48.8422
48.8457
48.8596
48.8672
49.3618
49.3651
49.3728
49.6098
49.6137
49.6231
49.8398
49.8432
49.8733
50.2025
50.206
50.5815
50.5847
50.5921
50.9851
50.9884
51.4872
51.4923
52.5
52.5038
52.5185
54.5516
54.5549
54.5625
54.5749
54.5834
54.9705
54.9735
54.9802
55.0155
55.0193
55.0263
55.0676
55.0723
55.0849
55.1761
55.1843
55.1958
55.3998
55.4065
55.4132
55.5787
55.583
56.0316
56.0358
56.0608
56.0694
57.9388
57.9426
58.5576
58.5609
58.5681
58.578
59.0148
59.019
59.0491
59.0529
59.5199
59.5319
59.5406
60.4406
60.4441
60.4482
60.6749
60.6811
60.6853
60.9579
60.9653
61.0546
61.0586
61.4432
61.4467
61.4531
61.8925
61.8969
61.9015
61.954
61.9588
61.9983
62.0082
62.0809
62.0857
62.1804
62.1849
62.4052
62.4087
62.4353
62.4421
62.4536
62.4855
62.5092
62.5244
62.6586
62.6635
62.9382
62.9421
62.9548
63.0491
63.0534
63.1847
63.1913
63.3104
63.3156
63.7975
63.8021
63.9677
63.9853
64.01009999999999
64.82769999999999
64.8338
65.3682
65.37220000000001
65.4183
65.4354
65.4653
65.4743
65.9997
66.0035
66.01609999999999
66.1207
66.12949999999999
66.1583
66.16679999999999
66.60980000000001
66.6134
66.633
66.645
67.3197
67.32389999999999
67.6589
67.6634
68.6598
68.6639
68.97369999999999
68.9765
68.9799
68.98609999999999
69.00020000000001
69.0017
69.0097
69.0134
69.01860000000001
69.0236
69.03360000000001
69.0466
69.06829999999999
69.0728
69.08580000000001
69.1053
69.1138
69.15479999999999
69.1592
69.2495
69.2529
69.261
69.3169
69.3223
69.41240000000001
69.41500000000001
69.4188
69.4217
69.4271
69.4315
69.5155
69.70999999999999
69.7161
69.7518
69.7697
69.8503
69.8571
69.8625
69.8869
70.0206
70.4975
70.5018
70.6782
70.68899999999999
72.343
72.3472
72.3593
72.5463
72.551
72.5637
72.5795
72.5912
72.60890000000001
72.6306
72.6348
72.65049999999999
72.73699999999999
72.7433
72.79640000000001
72.8038
72.8338
72.878
72.8817
73.03879999999999
73.0428
73.0761
73.0804
73.1157
73.1206
73.1397
73.1865
73.19199999999999
73.2676
73.2718
73.3242
73.33110000000001
73.4319
73.43940000000001
73.4903
73.4975
73.5702
73.5804
73.6555
73.6627
73.733
73.7445
73.8039
73.8128
73.89830000000001
73.9083
73.9794
73.9902
74.05500000000001
74.06010000000001
74.1221
74.13079999999999
74.23650000000001
74.241
74.2927
74.2984
74.5253
74.533
74.54810000000001
74.7133
74.71769999999999
74.93859999999999
74.94240000000001
74.9477
74.9601
74.9847
74.9922
74.9969
75.0031
75.0129
75.0228
75.04600000000001
75.1142
75.13330000000001
75.1677
75.1811
75.3781
75.3841
75.38720000000001
75.4149
75.4178
75.4526
75.4624
75.4823
75.4952
75.5099
75.52679999999999
75.551
75.5634
75.58459999999999
75.7741
75.7779
75.8206
75.83150000000001
75.86499999999999
75.872
75.9152
75.9239
75.931
75.9984
76.0231
76.03230000000001
76.3897
76.3944
76.4504
76.4709
76.81229999999999
76.8159
76.82599999999999
77.6653
77.6686
77.6758
78.04519999999999
78.05110000000001
78.1032
78.1071
78.18989999999999
78.1942
78.3207
78.325
78.42910000000001
78.434
78.4455
78.45959999999999
78.4623
78.47190000000001
78.4761
78.7559
78.75960000000001
78.79900000000001
78.8031
78.8439
78.8502
78.9764
78.98
79.2895
79.2928
79.3005
79.3052
79.37390000000001
79.3776
79.6948
79.6981
79.7029
79.75709999999999
79.77460000000001
79.83159999999999
79.8364
80.0437
80.05
80.0612
80.0697
80.2139
80.21980000000001
80.3768
80.3805
80.393
80.6123
80.6156
80.6263
80.6447
80.6593
80.9092
80.9131
80.95610000000001
80.96210000000001
81.1309
81.13460000000001
81.1772
81.1814
81.39490000000001
81.39960000000001
82.0421
82.0454
82.36150000000001
82.3652
82.6073
82.61450000000001
82.6242
83.4811
83.4858
84.9716
84.9753
85.01000000000001
85.0444
85.0514
86.9736
86.9773
86.99420000000001
87.00069999999999
87.13460000000001
87.1386
87.15000000000001
87.1542
87.16719999999999
87.17359999999999
87.2573
87.26130000000001
87.2727
87.2983
87.3466
87.351
87.46250000000001
87.46680000000001
87.48860000000001
87.5138
87.5253
87.97410000000001
87.98390000000001
88.3729
88.3783
88.7606
88.7637
88.7841
88.79170000000001
89.36750000000001
89.37139999999999
89.3847
89.40130000000001
89.723
89.7265
89.8113
89.8154
90.4508
91.3883
91.3925
91.3991
91.7987
91.8032
91.8104
92.3081
92.3117
92.316
92.70910000000001
92.7123
92.7176
93.46599999999999
93.47
93.47490000000001
93.7902
93.7942
93.9246
93.9284
93.9415
94.15730000000001
94.1605
94.16759999999999
94.1758
94.19110000000001
94.2741
94.27809999999999
94.36020000000001
94.3693
95.0902
95.0939
95.10939999999999
95.18859999999999
95.19370000000001
95.51739999999999
95.5214
95.5318
95.6307
95.63420000000001
95.652
95.6564
95.8036
95.80889999999999
96.0159
96.10639999999999
96.111
96.1961
96.2037
96.24290000000001
96.6692
96.67359999999999
96.6845
96.84529999999999
96.84910000000001
96.8725
96.8926
96.9207
96.926
96.9718
97.0599
97.0741
97.1758
97.1825
97.27330000000001
97.27849999999999
97.3815
97.3862
97.4438
97.45180000000001
97.4768
97.5236
97.5322
97.6267
97.63160000000001
97.69119999999999
97.7089
97.92100000000001
97.93049999999999
97.99590000000001
98.0027
98.3263
98.3361
98.72580000000001
98.7315
98.86620000000001
98.8783
99.1448
99.1484
99.4192
99.42619999999999
99.6086
99.61499999999999
99.6266
100.0125
100.0164
100.0255
100.1697
100.1736
100.4646
100.4736
100.7443
100.7475
100.752
100.7634
100.7709
100.7876
100.7937
100.7969
100.8012
100.8063
100.8132
100.8414
100.8458
100.8546
100.8993
100.908
100.9334
100.9954
101.0032
101.1307
101.1461
101.1802
101.184
101.2505
101.267
101.5101
101.5138
101.5807
101.5899
101.6703
101.6744
101.6813
101.7468
101.7484
101.7518
101.7627
101.7677
101.7838
101.7978
101.8044
101.8842
101.8936
101.9682
102.005
102.0296
102.2905
102.3949
102.4724
102.4849
102.5371
102.5492
102.8661
103.1505
103.1547
103.1991
103.2093
103.3902
103.3964
103.6851
103.692
103.8277
103.8346
103.8934
104.4227
104.4272
104.667
104.6754
104.8969
104.9068
104.9201
104.9896
104.9964
105.1921
105.2024
105.3396
105.3545
105.4706
105.4845
105.5867
105.5906
105.6745
105.6897
106.3027
106.3101
106.3871
106.4061
106.4469
106.4553
106.5566
106.562
106.6144
106.6279
106.7128
106.7162
106.7275
106.7333
106.7361
106.7422
106.7553
106.7666
106.7788
106.7804
106.7896
106.8152
106.8192
106.9679
106.9848
106.99
107.1539
107.1875
107.1911
107.2011
107.2134
107.2219
107.2263
107.2274
107.2462
107.259
107.3027
107.4481
107.4519
107.4771
107.4834
107.5066
107.5475
107.6355
107.6396
107.6471
107.7318
107.7477
107.8893
107.8932
107.9421
107.9471
108.0001
108.0078
108.0948
108.1046
108.2759
108.2798
108.3215
108.5452
108.5493
108.714
108.718
108.7376
108.7478
109.8751
109.8786
109.8855
109.8978
109.9581
109.9632
109.9722
109.9937
110.1956
110.1979
110.2028
110.2091
110.2107
110.2229
110.3322
110.3364
110.4915
110.4954
110.504
110.5485
110.5536
110.6555
110.6589
110.8197
110.8312
110.8477
110.8594
111.0643
111.068
111.0845
111.0925
111.117
111.1279
111.4848
111.4889
111.5353
111.5421
111.8838
111.8877
111.8986
112.1227
112.1262
112.1363
112.424
112.4287
112.4513
112.4812
112.7001
112.7049
112.927
112.9321
113.1331
113.1365
113.1419
113.3928
113.3964
113.4044
113.5753
113.5796
113.6172
113.624
113.6373
113.7981
113.8023
113.9538
113.958
113.9651
114.1884
114.1925
114.287
114.2927
114.3323
114.3451
114.8708
114.8754
117.024
117.0274
117.7613
117.7644
117.8312
117.835
117.8415
118.2185
118.2239
118.2419
119.0752
119.0793
119.6029
119.6066
119.6177
119.6415
119.6571
119.9015
119.9102
120.5097
120.5132
120.5404
120.5716
120.5812
121.2397
121.2433
121.6373
121.6408
121.645
121.979
121.9829
122.56
122.5633
122.5784
123.01
123.0138
123.0642
123.0681
123.0925
123.1014
124.0624
124.0663
124.0865
124.0949
124.7228
124.7297
125.0204
125.0241
125.0365
125.578
125.5816
125.5944
125.9775
125.9808
125.9937
126.22
126.2268
126.5291
126.533
126.541
127.0936
127.0979
128.2094
128.2126
128.6533
128.6568
128.6651
128.8937
128.8977
128.9062
129.0664
129.0713
129.0787
129.3955
129.4004
129.4344
129.4615
129.4679
129.7407
129.7451
130.1152
130.1234
130.1378
130.9144
130.9206
130.9381
132.4263
132.4311
132.4349
132.5202
132.5231
132.5277
132.5356
132.539
132.5426
132.5458
132.565
132.5673
132.5812
132.5824
132.5888
132.5959
132.6031
132.6139
132.6537
132.6622
132.6691
132.686
132.7468
132.7645
132.771
132.8007
132.9123
132.9178
132.9488
132.9524
132.9546
132.956
133.0104
133.0454
133.0512
133.0597
133.2647
133.2679
133.2766
133.2944
133.4484
133.4535
133.5544
133.56
133.6302
133.6438
133.7273
134.4509
134.4547
134.9152
134.9203
134.9304
135.0432
135.0521
135.1181
135.1232
135.3858
135.3924
135.7598
135.764
138.4804
138.483
138.4863
138.4915
138.5059
138.5188
138.5371
138.5414
138.5508
138.5543
138.5582
138.5612
138.5703
138.6363
138.6399
138.6471
138.6676
138.6975
138.7044
138.7243
138.7356
138.7699
138.7767
138.843
138.8498
138.8624
138.8772
138.9012
138.9101
138.9466
138.9534
138.9623
139.0331
139.0385
139.0696
139.0811
139.0861
139.1571
139.1642
139.1711
139.1803
139.224
139.2345
139.3005
139.3122
139.3485
139.3615
139.4363
139.4398
139.5064
139.5193
139.559
139.6392
139.6526
139.7265
139.7336
139.7889
139.8129
139.83
139.9012
139.9088
139.9633
139.9663
139.9731
140.045
140.0573
140.1295
140.188
140.2774
140.315
140.4003
140.4865
140.4965
140.9103
141.0161
141.1693
141.1754
141.2095
141.2144
141.4258
141.4319
141.7105
141.7188
141.7244
141.8196
141.962
141.9766
141.9811
141.9852
141.9953
142.2834
142.2877
142.309
142.3401
142.496
142.5008
142.6041
142.6132
142.8087
142.8146
142.874
142.883
142.9971
143.0059
143.2415
143.2463
143.2578
143.3956
143.4028
143.5673
143.5718
143.6295
143.6339
143.9073
143.911
143.9421
144.17
144.1741
144.5223
144.5261
144.5706
144.5771
144.6774
144.6809
144.961
145.2116
145.2152
145.6034
145.6078
145.6316
145.806
145.984
145.9908
146.0949
146.0983
146.4841
146.4924
146.8139
146.8182
147.9732
147.9795
148.2332
148.2368
148.3088
148.3123
148.3429
148.3508
148.3599
148.5018
148.5099
148.6204
148.6246
148.7043
148.7088
148.8051
148.8133
148.9095
148.919
149.0831
149.0879
149.459
149.4638
149.7396
149.744
149.877
149.8829
149.8995
150.0579
150.0617
150.3276
150.3311
150.4387
150.4459
150.5166
150.5208
150.6138
150.6497
150.8334
150.8439
151.2047
151.2085
151.7328
151.7364
151.9513
151.9593
152.117
152.1214
152.3285
152.3384
152.7836
152.7871
152.816
152.8229
152.8328
152.8645
152.8684
152.8942
152.9171
152.93
152.9739
152.9822
153.1056
153.113
153.1256
153.3325
153.3506
153.3579
153.4499
153.4569
153.6305
153.8262
153.8328
153.9915
153.9977
154.2538
154.2612
155.5613
155.5647
155.7663
155.7732
155.7803
155.87
155.874
156.0196
156.0238
156.2547
156.2595
156.2827
156.2928
156.3532
156.362
156.4733
156.4809
156.5585
156.563
156.73
156.7347
156.8053
156.8224
156.8331
156.9022
156.9368
157.0072
157.0144
157.2139
157.2179
157.2888
157.2997
157.369
157.3797
157.4514
157.4729
157.6977
157.7144
157.7998
157.8675
157.9211
158.0355
158.1957
158.2126
158.2811
158.2878
158.3605
158.3722
158.4625
158.4877
158.6179
158.7139
158.7686
158.812
158.891
158.9081
159.0114
159.0153
159.0806
159.0874
159.1215
159.1415
159.1798
159.2305
159.2416
159.3003
159.3081
159.3857
159.3959
159.4611
159.5161
159.5274
159.6018
159.6662
159.6873
159.7843
159.8123
159.8795
159.8962
159.9554
160.0367
160.1446
160.273
160.2938
160.3751
160.3913
160.4062
160.4167
160.4609
160.474
160.4827
160.6532
160.7751
160.7861
160.8328
160.8576
160.8981
160.9187
160.9662
160.9735
161.015
161.0491
161.0927
161.1495
161.1981
161.2683
161.2879
161.3648
161.4008
161.4984
161.5703
161.6023
161.6192
161.7039
161.7117
162.292
162.6515
162.9758
163.3551
163.3616
163.4383
163.4434
164.2845
164.2878
164.2916
164.2976
164.3036
164.3091
164.3132
164.3219
164.3269
164.3282
164.3387
164.3534
164.3567
164.3588
164.3733
164.3761
164.3988
164.406
164.4159
164.4389
164.4622
164.5029
164.5189
164.5705
164.5834
164.6033
164.6896
164.6931
164.6979
164.7259
164.734
164.7577
164.7904
164.7981
164.9269
165.0679
165.0726
165.1397
165.1467
165.2447
165.2564
165.4149
165.4193
165.5306
165.5347
165.6481
165.6582
165.8054
165.9419
165.9543
166.1727
166.1763
166.4635
166.4686
166.955
167.0769
167.0844
167.388
167.3929
167.5613
167.5653
167.6937
167.7003
167.8694
167.8732
168.2106
168.2145
168.2597
168.2644
168.2853
168.292
168.3218
168.3303
168.3914
168.4011
168.4133
168.4659
168.4844
168.5387
168.5506
168.5697
168.5989
168.632
168.7145
168.7218
168.8362
168.8421
168.8768
168.8903
168.9416
168.9726
169.0633
169.0675
169.1502
169.223
169.2382
169.3195
169.3482
169.435
169.4396
169.5724
169.5771
169.6936
169.7074
170.0867
170.0916
170.2204
170.2362
170.2634
170.271
170.2811
170.2847
170.2932
170.2944
170.307
170.312
170.3275
170.3286
170.3361
170.3375
170.3485
170.4106
170.4181
170.4863
170.4898
170.5234
170.5312
170.6035
170.6077
170.6903
170.6943
170.7017
170.7095
170.7291
170.7395
170.8903
170.9066
170.9884
170.9922
171.0092
171.0356
171.1006
171.108
171.1594
171.1645
171.1816
171.2081
171.303
171.3826
171.5103
171.514
171.7167
171.7205
171.9726
171.9764
172.0955
172.0999
172.2578
172.2628
173.0856
173.0889
173.4448
173.448
173.5149
173.5187
173.6789
173.6828
173.805
173.8232
173.8406
173.8466
174.062
174.0651
174.0875
174.0963
174.1698
174.1733
174.2849
174.2897
174.3604
174.3753
174.4015
174.4336
174.4434
174.5983
174.6027
174.6345
174.667
174.7791
174.7833
174.9917
174.9953
175.0003
175.1247
175.1323
175.423
175.4272
175.6727
175.6763
175.6971
175.7964
175.8062
175.9553
175.9587
175.9722
176.0099
176.0199
176.2165
176.2209
176.3032
176.3069
176.4483
176.4534
176.4965
176.6512
176.664
176.6771
176.9182
176.9217
177.4421
177.4454
177.4535
177.6732
177.6786
177.7331
177.7383
177.8938
177.8981
178.0542
178.0585
178.0879
178.2441
178.2555
178.643
178.6474
178.9903
178.9942
179.0121
179.0306
179.0411
179.3126
179.321
179.3333
180.6545
180.658
180.8613
180.8646
180.8706
181.1069
181.1103
181.2971
181.3026
181.4559
181.4596
181.5321
181.5392
181.5483
181.5581
181.5771
181.658
181.6655
181.7115
181.7207
181.8708
181.8754
181.9171
182.128
182.1326
182.2546
182.2657
182.3016
182.61
182.6149
182.9134
182.9194
183.2456
183.2492
183.3321
183.3357
183.6798
183.6841
184.2548
184.2584
184.2993
184.3078
184.511
184.5156
185.1242
185.1282
185.262
185.2664
185.4365
185.441
185.4534
186.1009
186.1049
186.5763
186.5807
186.5927
186.6011
186.8816
186.895
187.5296
187.533
187.5417
187.6459
187.6499
188.0264
188.0301
188.3093
188.3135
188.565
188.5687
188.584
188.8058
188.817
189.2478
189.2512
189.2559
189.5726
189.5763
190.0983
190.1015
190.1082
190.9091
190.9143
191.1442
191.1525
191.1753
191.179
191.3057
191.3112
191.4263
191.4384
191.6228
191.6265
191.7292
191.7365
192.1507
192.1544
192.1631
192.1676
192.1844
192.1913
192.2087
192.3885
192.3931
192.562
192.5657
192.7291
192.7328
192.7952
192.8013
192.84
192.8489
193.1444
193.1497
193.1545
193.467
193.4971
193.5105
193.7986
193.8035
193.8656
193.8701
193.994
194.0059
194.217
194.2224
194.485
194.4942
194.5121
194.5858
194.5951
194.9204
194.9362
195.0855
195.0928
195.3558
195.3609
195.4317
195.44
195.8427
195.8466
195.9853
195.9939
196.0092
196.0684
196.0715
196.0804
196.0902
196.098
196.1008
196.1122
196.1142
196.1211
196.1246
196.1491
196.1507
196.1599
196.1637
196.1877
196.2022
196.2078
196.2183
196.2924
196.3006
196.4385
196.4476
196.4841
196.4873
196.4921
196.4938
196.503
196.7608
196.7652
196.8222
196.8286
196.8631
196.8688
196.9032
196.9194
196.924
196.9617
196.9677
197.1162
197.1258
197.2072
197.2132
197.3372
197.3554
197.5197
197.528
197.6348
197.643
197.7993
197.814
197.8251
197.9795
198.0041
198.0253
198.5097
198.5152
198.6314
198.6471
198.7994
198.805
198.862
198.8733
198.9635
198.9783
199.0145
199.0248
199.2792
199.313
199.3277
199.5704
199.5753
199.6694
199.6744
200.1885
200.1934
200.4147
200.7586
200.7623
200.8001
200.8086
200.876
200.8831
200.9879
200.9963
201.1871
201.1913
201.3745
201.3904
201.8486
201.8608
201.9467
201.9594
202.0275
202.0329
202.0488
202.0558
202.0698
202.0734
202.0781
202.0836
202.0918
202.1032
202.1043
202.1118
202.1727
202.2047
202.2348
202.2444
202.4182
202.4559
202.4636
202.4688
202.4879
202.4912
202.4971
202.5138
202.6639
202.6734
202.7281
202.7328
202.7847
202.789
202.8337
202.8429
202.8716
202.8783
202.9218
202.9408
202.9637
203.0662
203.1008
203.1536
203.1968
203.2065
203.2638
203.281
203.313
203.3328
203.3791
203.4006
203.4582
203.4778
203.5535
203.6838
203.6879
203.8352
203.843
204.0925
204.0968
204.1623
204.1733
204.4352
204.4404
204.6406
204.6546
204.6751
204.9362
205.1838
205.1896
205.3799
205.3845
205.5084
205.5159
205.5207
205.5356
205.5428
205.5559
205.5805
205.6212
205.8056
205.8095
205.8263
205.8401
205.8542
205.8656
205.9786
205.9828
206.3779
206.3817
206.5626
206.5664
206.5804
206.5985
206.6032
206.7775
206.7809
206.8224
206.8427
206.9796
206.9835
207.1245
207.1281
207.1546
207.1634
207.4223
207.4277
207.4413
207.496
207.5044
207.7095
207.714
207.7334
207.7512
207.7673
207.9618
207.9704
207.9868
208.0029
208.1242
208.1281
208.2048
208.2105
208.2269
208.4525
208.4567
208.4778
208.4823
208.5495
208.5693
208.6473
208.6516
208.6603
208.7004
208.7089
208.8384
208.8436
209.0442
209.0536
209.2557
209.259
209.3692
209.3737
209.4012
209.4633
209.4688
209.603
209.6111
209.8204
209.8245
209.8691
209.8916
210.0179
210.0345
210.1655
210.1714
210.311
210.3161
210.4838
210.4878
210.7558
210.7592
210.8187
210.8227
210.9818
210.9992
211.0749
211.0938
211.3164
211.3202
211.9591
211.9632
212.0924
212.0987
212.3718
212.3891
213.369
213.3727
213.3794
213.8269
213.8308
214.3033
214.3073
214.3508
214.3566
215.3251
215.3285
215.3326
215.4985
215.503
215.5206
215.5261
215.9241
215.9274
215.9326
216.1982
216.2036
216.5622
216.5659
216.9361
216.9418
217.5111
217.5142
217.8103
217.8138
218.2843
218.288
218.9154
218.9184
218.9222
219.6049
219.609
219.8583
219.8626
219.8839
219.8931
220.0249
220.0283
220.4536
220.4573
220.4655
220.7956
220.7989
220.8076
220.8294
220.8442
221.0291
221.0325
221.0367
221.1259
221.1337
221.264
221.2805
221.2906
221.3676
221.3779
221.4866
221.4942
221.8532
221.86
221.9206
221.9356
222.2982
222.3027
223.9428
223.9464
223.9562
223.9619
224.1472
224.1511
224.1621
225.0265
225.0303
225.0391
225.1706
225.175
225.4347
225.438
225.4705
225.483
225.9282
225.9313
227.1945
227.1985
227.3333
227.3377
227.3559
227.3637
227.8485
227.8521
227.8562
227.858
227.8675
227.8715
227.8826
227.8852
227.9015
227.9043
227.9089
227.9104
227.9134
227.9346
227.9443
227.9851
227.9907
228.0092
228.0162
228.0954
228.1007
228.1776
228.1846
228.2422
228.2456
228.2501
228.273
228.2777
228.2812
228.2824
228.4726
228.4764
228.5637
228.5668
228.5754
228.599
228.756
228.7606
228.8117
228.8153
228.8226
228.8267
228.8658
228.8703
228.8769
228.9037
228.9278
228.9338
228.9365
228.9691
228.9764
228.9833
228.999
229.014
229.0187
229.0796
229.0859
229.1249
229.1468
229.1589
229.2539
229.2632
229.3439
229.3589
229.4501
229.4623
229.5883
229.6111
229.7557
229.7597
229.9568
229.9645
230.0428
230.057
230.1001
230.2091
230.2143
230.41
230.428
230.8109
230.9541
230.9586
231.2514
231.2554
232.1884
232.1919
232.1986
232.2886
232.2929
232.7044
232.7086
232.9746
232.978
232.996
233.0594
233.0653
233.0739
233.2078
233.2183
233.8038
233.807
233.8116
233.8239
233.8327
233.8423
233.8554
233.861
233.8622
233.8687
233.8739
233.8859
233.9996
234.0055
234.0459
234.102
234.1199
234.2464
234.2593
234.2685
234.2734
234.2821
234.291
234.3059
234.324
234.4011
234.406
234.4338
234.4445
234.4482
234.4646
234.5303
234.5447
234.5564
234.5785
234.5839
234.6423
234.6564
234.7114
234.7274
234.8022
234.8061
234.829
234.8389
234.8855
234.8901
234.8945
234.9319
235.0434
235.0484
235.165
235.17
235.2037
235.209
235.265
235.3212
235.34
235.4537
235.5353
235.5458
235.5723
235.6072
235.675
235.6864
235.7352
235.742
235.7859
235.7932
235.8856
235.9829
236.0014
236.2887
236.2969
236.3873
236.3912
236.4129
236.519
236.5276
236.639
236.6436
236.7136
236.7197
236.8141
236.8279
236.9391
236.9505
236.959
237.0315
237.1669
237.2981
237.3079
237.3092
237.3124
237.3258
237.3377
237.3419
237.407
237.4241
237.5799
237.5839
237.5998
237.6951
237.6996
237.7244
237.731
237.7871
237.9185
237.9271
238.1325
238.1366
238.1418
238.5583
238.5626
238.721
238.7246
238.7355
238.9617
238.9655
238.9835
239.0004
239.0886
239.1846
239.1884
239.1972
239.2091
239.2298
239.4634
239.4686
239.4885
239.5
239.5501
239.7662
239.7721
239.8193
239.8349
240.2142
240.2175
240.2285
240.4742
240.479
240.4911
240.6525
240.6563
240.6622
240.859
240.8627
240.9082
240.9139
241.6112
241.6195
241.6258
241.7673
241.7707
241.7863
241.7956
242.1407
242.1451
242.6969
242.7004
242.7048
242.7902
242.7936
242.8248
242.8291
242.8494
242.8574
243.3727
243.3765
243.3831
243.397
243.4092
244.1384
244.1421
244.1458
244.4399
244.4439
247.1273
247.1305
247.1379
247.1518
247.1564
247.7483
247.7539
247.7584
248.1257
248.1295
248.1366
248.1446
248.6061
248.6097
248.6139
249.0832
249.0869
249.0934
249.1044
249.111
249.1872
249.1913
249.2065
249.5415
249.545
249.5488
249.5926
249.5967
249.6296
249.6371
249.7201
249.7247
249.8371
249.8433
250.096
250.0995
250.1032
250.2193
250.2283
250.2325
250.2826
250.2919
250.5773
250.5838
250.5925
250.6047
251.0903
251.0934
251.1032
251.2206
251.2245
251.5642
251.5684
251.5808
251.5967
251.6032
252.0817
252.0847
252.0895
252.5602
252.5638
252.5714
252.586
252.653
252.6937
252.7141
253.0747
253.0782
253.0885
253.1091
253.1262
253.1399
254.2358
254.2397
254.2431
254.2722
254.2765
254.2856
254.3131
254.3951
254.3992
254.4151
254.4372
255.9031
255.9062
255.9126
255.9323
255.9384
256.2345
256.2379
256.2438
256.4821
256.4858
256.4933
256.7026
256.7059
256.7182
256.7641
256.7683
258.0624
258.066
258.574
258.5775
258.6175
258.6222
259.6117
259.6148
259.6192
259.6212
259.6234
259.6274
259.632
259.6346
259.6429
259.6448
259.6503
259.6526
259.6575
259.6593
259.6677
259.6777
259.7016
259.7126
259.7183
259.7363
259.7575
259.7655
259.8651
259.8722
259.881
259.9794
259.9833
259.9982
260.0079
260.0114
260.0164
260.0347
260.0364
260.0517
260.1919
260.1982
260.4558
260.4596
260.4719
260.4804
260.5794
260.5828
260.6026
260.608
260.6375
260.6417
260.662
260.6992
260.7054
260.7783
260.7847
260.827
260.8308
260.8921
260.8993
260.9167
261.0475
261.307
261.3159
261.3455
261.4231
261.435
261.6637
261.671
261.6823
261.7246
261.7319
261.8356
261.8398
261.8909
261.8969
262.0883
262.0978
262.2597
262.2637
262.4275
262.4318
262.6477
262.6548
262.6672
263.0143
263.022
263.1868
263.1943
263.4867
263.4902
263.6286
263.6342
264.2843
264.2883
264.2975
264.3369
264.4387
264.45
264.4845
264.4968
264.5766
264.5821
264.6833
264.6892
264.8546
264.9033
264.9072
265.1969
265.2013
265.3526
265.3584
265.3656
265.5192
265.5253
265.5854
265.5894
265.6002
265.6043
265.6071
265.6098
265.6139
265.6187
265.6218
265.6296
265.6343
265.6475
265.6513
265.7099
265.7187
265.8602
265.8641
265.9008
265.9863
265.992
266.0083
266.0206
266.0284
266.0323
266.038
266.2142
266.2191
266.2285
266.272
266.2786
266.454
266.4655
266.4871
266.5904
266.5947
266.6835
266.6886
266.7666
266.7981
267.3848
267.3882
267.4036
267.6796
267.6831
268.0323
268.0356
268.4044
268.4081
268.425
268.7127
268.7165
268.73
268.747
268.8897
268.894
269.1216
269.1378
269.1676
269.1719
269.3941
269.3976
269.4225
269.4306
269.4457
269.4772
269.4947
269.6698
269.6735
269.6892
269.7527
269.7575
269.9349
269.9387
270.0662
270.0711
270.2954
270.2995
270.3159
270.326
270.4095
270.4139
270.494
270.5191
270.5302
270.6957
270.7001
270.9845
270.988
271.2898
271.2931
271.3062
271.7113
271.7205
271.8287
271.8323
271.9994
272.0041
272.0152
272.2272
272.2311
272.2375
272.2592
272.4054
272.4084
272.4184
272.5886
272.5922
272.5988
272.7843
272.7903
272.8044
272.8169
273.0111
273.0152
273.0511
273.2209
273.2258
273.375
273.3809
273.3902
273.5279
273.5314
273.5378
273.7657
273.7726
273.8667
273.8848
273.89
274.5072
274.529
275.4894
275.4936
275.7945
275.799
275.9596
275.9653
275.972
276.3844
276.3884
276.9203
276.9236
276.937
276.9497
277.1241
277.1292
277.2658
277.2702
277.2808
277.4378
277.4436
277.4828
277.4979
277.5399
277.5448
277.7377
277.7458
277.9843
277.9891
278.167
278.1729
278.3632
278.3681
278.6455
278.6581
278.6817
278.6979
278.8938
278.8984
279.265
279.273
279.9004
279.9037
279.9204
280.2899
280.2937
280.3005
280.5727
280.5767
280.9096
280.9135
280.9215
281.3091
281.3127
281.317
281.3472
281.3516
281.8024
281.8077
281.8506
281.8544
281.981
281.9851
282.339
282.3425
282.3874
282.3911
282.831
282.8343
282.8435
282.8644
282.8785
283.3192
283.3231
283.3272
283.3529
283.3589
283.3736
283.4679
283.4729
283.6642
283.6683
283.8475
283.8524
283.8683
284.3258
284.3295
285.0105
285.0144
285.3212
285.3255
285.3365
285.4068
285.4107
285.781
285.7845
285.8036
285.808
285.8291
285.8409
285.982
285.9858
286.0143
286.026
286.221
286.2258
286.2577
286.2666
286.3834
286.3891
286.4048
286.8437
286.8478
287.4465
287.4504
287.4648
287.4807
287.5492
287.5572
287.598
287.6164
287.662
287.6665
287.7769
287.787
287.8244
287.8907
287.8971
288.2295
288.233
288.405
288.4114
289.0023
289.0073
289.016
289.1708
289.1741
290.2454
290.2489
290.2597
290.2681
290.559
290.5623
290.5712
290.5789
290.6213
290.6269
290.6757
290.7225
290.7264
290.8825
290.8861
291.3843
291.3871
291.3904
291.3946
291.402
291.4087
291.4125
291.4156
291.4189
291.4238
291.4347
291.4467
291.4485
291.4683
291.4734
291.5325
291.5438
291.5856
291.5899
291.658
291.7569
291.7613
291.7706
291.7793
291.8426
291.8466
291.8515
292.0537
292.0576
292.0995
292.168
292.1814
292.1904
292.2796
292.2833
292.2958
292.2997
292.307
292.3226
292.3284
292.3335
292.3523
292.3673
292.3756
292.4518
292.4569
292.5211
292.5277
292.6006
292.61
292.6275
292.9171
292.9215
293.0019
293.0071
293.0324
293.0432
293.1221
293.1317
293.1445
293.1538
293.2301
293.2435
293.2668
293.3199
293.3334
293.4626
293.4672
293.5434
293.5472
293.6263
293.6475
293.7214
293.7275
293.8279
293.8473
294.0197
294.0244
294.2473
294.255
294.4446
294.4577
294.7048
294.7091
294.8155
294.8195
295.0994
295.1033
295.2949
295.2983
295.3061
295.3914
295.3953
295.4128
295.444
295.5488
295.5531
295.619
295.6314
295.8535
295.8613
295.9554
295.9594
296.0463
296.0514
296.3426
296.3475
296.6394
296.6431
296.6659
296.6771
296.8277
296.8324
297.1845
297.223
297.2931
297.2984
297.3321
297.3542
297.358
297.362
297.3817
297.3831
297.391
297.4065
297.4195
297.4639
297.4719
297.4738
297.4804
297.4889
297.7762
297.7789
297.7894
297.7929
297.7967
297.9061
297.91
297.9242
297.9312
298.0575
298.0613
298.1092
298.1134
298.1343
298.1425
298.1538
298.161
298.1835
298.2117
298.2213
298.2579
298.2639
298.6346
298.6413
298.6946
298.7038
298.929
298.9332
299.2628
299.2665
299.2738
299.5653
299.5698
299.5822
300.1217
300.1256
300.1427
300.2946
300.2982
300.3128
300.3213
300.6732
300.6768
300.8462
300.8832
301.1339
301.1372
301.1419
301.1524
301.1797
301.1906
301.1978
301.3272
301.3313
301.6967
301.7005
301.7065
301.7395
301.7461
302.0757
302.0791
302.0841
302.1092
302.1164
302.1798
302.1843
302.2081
302.2268
302.4461
302.4509
302.4596
302.485
302.4905
302.5914
302.607
302.7434
302.7471
302.7528
302.831
302.8393
302.8655
302.9008
303.0247
303.0311
303.1226
303.1264
303.3699
303.3779
303.3995
303.582
303.5857
303.7654
303.7697
303.8011
304.0434
304.0503
304.403
304.4064
304.4174
304.7688
304.7728
304.7855
305.3461
305.3496
306.7687
306.7729
307.3487
307.3524
307.356
308.8866
308.8902
308.9054
308.9102
308.9275
309.3548
309.3594
309.3797
309.3885
309.4047
309.7737
309.7774
309.7925
310.1991
310.2023
310.2282
310.7354
310.7396
310.7459
311.3825
311.3865
312.2297
312.2345
312.2392
313.1448
313.1481
313.1636
313.1805
313.1866
313.7282
313.7318
313.7414
314.1458
314.1492
314.1582
314.6282
314.6316
314.6431
314.6512
315.1091
315.1121
315.117
315.1658
315.1705
315.3817
315.3854
315.4075
315.6134
315.6172
315.6344
315.6411
316.0981
316.1019
316.109
316.6013
316.6045
316.6081
316.7847
316.7956
316.8008
317.1047
317.109
317.121
317.3497
317.3529
317.6559
317.6613
318.0143
318.0177
318.8297
318.8332
319.1767
319.1804
319.2019
319.2133
319.6016
319.6051
319.6254
319.634
319.6764
319.6805
319.7592
319.7768
319.8773
319.8841
319.9928
320.0002
320.8827
320.8861
322.3754
322.3786
322.3822
322.4898
322.4933
322.4987
322.5496
322.5539
322.6847
322.6894
322.7026
322.7564
322.7629
323.0881
323.0917
323.1073
323.1584
323.1596
323.1641
323.1652
323.1694
323.1739
323.1796
323.19
323.1922
323.1984
323.2004
323.2017
323.2041
323.212
323.2241
323.2347
323.2641
323.2693
323.2986
323.3056
323.3624
323.3681
323.4265
323.4315
323.4617
323.478
323.5499
323.5652
323.5677
323.569
323.5761
323.5876
323.5991
323.6008
323.6907
323.7
323.8234
323.8274
323.883
323.9539
323.9602
324.0031
324.0167
324.0307
324.1034
324.1108
324.1228
324.1391
324.1586
324.1607
324.1865
324.3029
324.3094
324.3844
324.4001
324.4183
324.4972
324.5226
324.5388
324.6673
324.6754
324.8145
324.8188
325.0266
325.0423
325.2986
325.3029
325.3706
325.3786
325.6641
325.6693
326.5519
326.5554
326.6275
326.6404
326.9423
326.9459
326.9523
327.065
327.0693
327.2147
327.2186
327.3586
327.3631
327.5522
327.5567
327.8775
327.881
327.8926
328.7199
328.7239
329.1349
329.1367
329.1382
329.1444
329.149
329.1549
329.1565
329.1578
329.1681
329.175
329.1821
329.1904
329.1923
329.1972
329.2496
329.2593
329.2802
329.2883
329.3622
329.3665
329.3802
329.4393
329.4551
329.5377
329.5422
329.5782
329.589
329.5932
329.6108
329.7484
329.7521
329.8878
329.8915
329.8971
329.9193
329.9248
329.9674
329.974
329.9786
329.9919
330.0014
330.0091
330.0177
330.0255
330.0347
330.0478
330.055
330.0739
330.1221
330.1269
330.1691
330.1734
330.2681
330.2717
330.3454
330.3492
330.3853
330.3925
330.5678
330.5827
330.826
330.8415
331.7935
331.7971
331.814
332.0178
332.0212
332.0416
332.0497
332.3014
332.305
332.3345
332.4277
332.4321
332.5835
332.6284
332.6372
332.6653
332.6694
332.9668
332.9707
332.9815
332.9938
333.0084
333.1948
333.1983
333.6378
333.641
333.6457
333.6897
333.6963
333.8971
333.9009
333.9126
333.9232
333.9372
334.0233
334.0279
334.6069
334.6119
334.8285
334.832
335.1039
335.1077
335.3201
335.3233
335.3273
335.3588
335.3735
335.555
335.5582
335.5759
335.588
336.0375
336.0411
336.3586
336.3639
336.3675
336.7523
336.7557
336.762
336.7849
336.7893
336.9353
336.9393
336.965
336.9729
337.0557
337.0605
337.0854
337.0908
337.173
337.1777
337.6436
337.6562
337.6609
338.1634
338.167
338.1849
338.457
338.4608
338.4942
338.5109
338.5185
338.7034
338.7073
338.7765
338.7845
338.8002
339.0599
339.065
339.9021
339.9065
340.9911
340.9952
341.9029
341.9085
342.0268
342.0305
342.0491
342.3256
342.3294
342.3399
342.5081
342.5131
342.9326
342.9362
342.9456
343.3275
343.3315
344.1845
344.1882
345.429
345.4322
345.4383
345.9126
345.9158
345.9204
345.9254
346.052
346.0558
346.2699
346.2736
347.246
347.2507
347.2709
347.3208
347.3291
347.6102
347.6136
347.6273
348.005
348.0084
348.3989
348.4024
348.4125
348.5119
348.5151
348.5243
348.6359
348.642
348.8816
348.8852
348.9584
348.9634
349.1353
349.1389
349.2194
349.2278
349.4695
349.4737
349.9894
349.994
350.3972
350.4013
350.7249
350.7284
350.985
350.9885
351.0072
351.0171
351.0792
351.0941
351.1285
351.149
351.6152
351.619
351.6281
352.353
352.3561
353.0203
353.0237
353.0283
353.6316
353.635
353.6418
353.7487
353.7525
353.866
353.8711
353.8871
353.9796
353.9893
354.0057
354.2574
354.266
354.2889
354.5323
354.5369
354.6947
354.6986
354.7922
354.8021
354.9365
354.9392
354.947
354.953
354.9588
354.973
354.9792
354.9851
354.9937
355.0015
355.0096
355.0186
355.0575
355.0627
355.1055
355.1107
355.2299
355.2338
355.353
355.3552
355.3566
355.3605
355.3674
355.4027
355.6234
355.6324
355.7605
355.7707
356.0783
356.0816
356.1076
356.3792
356.3826
356.4183
356.4289
356.4482
356.5096
356.5185
356.6357
356.641
356.8946
356.899
357.4234
357.4288
357.6543
357.659
357.9011
357.9054
357.9296
357.9445
357.9646
358.5278
358.5309
358.5385
358.8837
358.8871
358.9285
358.9333
359.1391
359.1422
359.1726
359.1768
359.3142
359.3184
359.8784
359.8821
359.902
359.9145
360.8871
360.9025
360.9077
360.9108
360.9371
360.9424
360.9465
360.9493
360.9617
360.9659
360.9688
360.9798
361.0011
361.0065
361.0994
361.1031
361.1111
361.1341
361.2643
361.2685
361.2981
361.3062
361.3121
361.3147
361.3243
361.3255
361.3331
361.3677
361.5725
361.5762
361.605
361.6117
361.6141
361.6413
361.6504
361.6618
361.6809
361.6984
361.7122
361.7195
361.7265
361.7669
361.774
361.8871
361.924
361.9672
361.9755
362.3146
362.3194
362.3351
362.7926
362.7967
362.8114
362.8191
363.0778
363.0816
363.0972
364.2109
364.2142
364.218
364.3785
364.3861
364.3954
364.4022
364.5183
364.5218
364.526
364.7415
364.7447
364.756
364.803
364.8081
364.9988
365.0034
365.0252
365.37
365.3732
365.3777
365.6514
365.6544
365.6587
365.6646
365.7
365.7795
365.7835
365.9814
365.986
365.9928
366.0206
366.028
366.12
366.1236
366.1475
366.2812
366.2849
366.3007
366.3739
366.3821
366.5901
366.5937
366.8503
366.8542
366.8601
367.0935
367.0974
367.3697
367.3739
367.3912
367.6233
367.6278
367.9679
367.9715
368.5331
368.5364
368.5447
368.556
368.8836
368.8877
368.9064
368.9237
369.0455
369.05
369.0809
369.1841
369.1893
369.5123
369.5164
369.5359
369.5963
369.6094
369.8192
369.8231
369.8548
369.8621
369.9786
369.9848
370.1585
370.163
370.2254
370.2297
370.3278
370.3322
370.3847
370.4071
370.4467
370.4695
370.5842
370.5912
370.7737
370.7785
370.9138
370.9372
370.9447
371.3135
371.3184
371.4024
371.407
371.5893
371.5995
372.1236
372.1271
372.133
372.642
372.6454
372.6495
372.6542
372.681
372.6961
372.7018
372.7075
372.716
372.7405
372.7575
372.8164
372.8232
372.8295
373.3077
373.3112
373.3176
373.6471
373.651
376.1617
376.1646
376.1681
376.1943
376.1991
376.2165
376.2208
376.5025
376.5059
376.5122
376.5163
376.6125
376.6159
376.6297
376.6381
376.7475
376.7521
376.7641
376.7773
376.8173
376.8248
376.8871
376.891
377.0522
377.0572
377.0652
377.1455
377.1543
377.3292
377.3347
377.7067
377.7118
377.7295
378.169
378.1736
378.192
378.1981
378.7262
378.7296
378.7377
378.9076
378.9116
378.9171
379.2269
379.2304
379.4051
379.4085
379.4169
379.8896
379.893
379.8971
379.9797
379.9838
380.1426
380.146
380.1891
380.198
380.3567
380.3667
380.3827
380.3977
380.6392
380.6427
380.651
380.9838
380.9883
381.3443
381.3479
381.3574
381.3671
381.4106
381.4156
381.5032
381.5073
381.5311
381.5384
381.5958
381.6024
381.6365
381.6428
381.7776
381.7821
381.8309
381.8358
382.2768
382.2807
382.473
382.4769
382.5985
382.602
382.7988
382.8035
382.8123
382.8553
382.8725
382.9176
382.9255
382.9386
383.1834
383.1899
383.5598
383.5638
383.9027
383.9062
383.9223
383.9375
384.0104
384.0147
384.1857
384.1995
384.3345
384.3393
384.3978
384.4022
384.5338
384.5379
384.5975
384.6039
384.8794
384.8892
384.9043
384.9711
384.9865
385.1605
385.1642
385.3718
385.3796
385.8173
385.8379
386.3149
386.3198
386.3315
386.5241
386.5299
386.7046
386.7075
386.7123
386.7153
386.7181
386.728
386.7323
386.7375
386.7477
386.7555
386.7615
386.7631
386.7719
386.7851
386.7894
386.7994
386.8301
386.842
386.8595
386.908
386.942
386.9496
387.1085
387.1121
387.1455
387.1518
387.199
387.2053
387.2588
387.323
387.5932
387.5971
387.6043
387.613
387.6867
387.6954
387.8905
387.895
387.9466
387.9532
388.0723
388.0772
388.2306
388.2351
388.2926
388.2974
388.6154
388.6199
388.7266
388.7319
388.8273
388.8335
388.949
388.9529
388.9711
389.6728
389.6772
389.8293
389.8336
390.6011
390.605
390.7849
390.7885
390.9169
390.9221
391.3927
391.3998
391.417
391.4265
391.7278
391.7351
392.161
392.1642
392.1689
392.6746
392.6778
392.6815
392.6857
392.6896
392.7037
392.7059
392.7139
392.7212
392.7276
392.7311
392.7386
392.7643
392.7702
392.7998
392.8059
392.8945
392.907
392.911
392.982
392.9866
393.09
393.0983
393.1094
393.1301
393.1316
393.1369
393.207
393.29
393.2974
393.401
393.4055
393.4251
393.9377
393.9409
393.9493
393.9636
394.0235
394.0284
394.1181
394.1294
394.1388
394.2972
394.3011
394.3141
394.3239
395.9172
395.9208
395.9338
395.9399
395.9971
396.0102
396.0169
396.1516
396.1631
396.1684
396.1881
396.2001
396.302
396.3057
396.4873
396.4906
396.5052
396.5133
396.72
396.7242
397.0445
397.0483
397.0547
397.4378
397.4411
397.4447
397.4705
397.4774
397.5989
397.6097
397.7412
397.7445
397.7493
397.8057
397.8099
398.359
398.3626
398.37
398.3804
398.5862
398.5892
398.594
398.6117
398.6197
398.8738
398.8775
398.8922
399.0761
399.0799
399.0877
399.3238
399.3279
399.3358
399.6054
399.6094
399.6292
399.6337
399.773
399.7769
400.212
400.2158
400.2614
400.2657
400.6545
400.6584
400.6773
400.6812
401.0066
401.0142
401.3126
401.3164
401.6365
401.6487
402.0112
402.0148
402.1321
402.1362
402.1446
402.2106
402.2155
402.582
402.5857
402.9391
402.9429
403.1703
403.1741
403.1872
403.9256
403.9297
404.9539
404.9579
404.973
404.995
405.0053
405.1799
405.1838
405.1961
405.2424
405.2551
405.2722
405.7966
405.8015
406.0329
406.0368
406.0592
406.2203
406.2247
406.2431
406.2994
406.3131
406.5497
406.554
406.8501
406.8538
406.8838
406.8993
406.9138
407.4212
407.4247
407.4359
408.9398
408.9432
408.9485
409.5145
409.5178
409.5225
409.974
409.9777
409.9886
410.9421
410.945
410.9486
411.4124
411.4158
411.4201
411.6454
411.6486
411.6531
411.9672
411.9714
411.9788
412.6329
412.6368
412.6467
413.1083
413.1119
413.125
413.1309
413.3868
413.3906
413.3997
413.4077
413.4438
413.451
413.6541
413.6583
413.6652
413.8442
413.848
413.8675
413.8835
413.906
413.9769
413.9809
414.0199
414.0266
414.4629
414.4667
414.5689
414.5746
414.5873
414.6154
414.6271
414.7044
414.7124
414.7257
414.8419
414.8477
415.0873
415.0936
415.4266
415.432
415.4434
415.4647
415.4987
415.5152
415.6144
415.63
415.7635
415.7677
416.2735
416.2803
416.3761
416.3824
416.6622
416.6707
416.7324
416.7457
417.008
417.0122
417.4825
417.4862
417.5557
417.559
417.8898
417.8937
418.2822
418.2854
418.2931
418.4858
418.4896
418.495
418.4965
418.5079
418.5144
418.5174
418.5229
418.526
418.5319
418.54
418.5414
418.5546
418.5704
418.5766
418.5982
418.6174
418.6292
418.6381
418.6728
418.7393
418.7438
418.8914
418.8948
418.8993
418.9337
418.9725
418.9931
419.0144
419.0296
419.0393
419.4342
419.4384
419.6337
419.6371
419.6895
419.6948
419.7592
419.768
419.9212
419.9252
419.9833
419.9905
420.3426
420.3508
420.4854
420.4895
421.1147
421.1184
421.4745
421.4796
421.6023
421.6066
421.6248
421.8276
421.8315
421.913
421.9247
421.9734
421.9839
422.375
422.3828
422.5537
422.5583
422.6148
422.6185
422.6268
423.8976
423.9013
424.1328
424.1364
424.4453
424.4483
424.4514
424.4591
424.4807
424.4837
424.4951
424.4987
424.513
424.5147
424.5216
424.5261
424.5363
424.5449
424.5599
424.5691
424.6275
424.6316
424.7066
424.7134
424.8352
424.8501
424.8672
424.895
424.9009
424.908
424.914
424.9985
425.002
425.0068
425.0469
425.0741
425.0775
425.1092
425.3477
425.3523
425.3857
425.3905
425.4389
425.4441
425.4544
425.5277
425.5324
425.6064
425.6223
425.7657
425.771
425.9063
425.9107
426.1357
426.1393
426.1706
426.1806
427.1509
427.1543
427.5244
427.5275
427.534
427.5442
427.6228
427.6267
427.9129
427.9204
427.929
427.9613
427.9653
427.9977
428.0316
428.0353
428.0852
428.0912
428.274
428.2772
428.284
428.3324
428.3391
428.3448
428.5058
428.5093
428.5172
428.8107
428.8154
428.8233
428.9906
428.9943
428.999
429.2005
429.2036
429.2071
429.2291
429.2388
429.364
429.3709
429.3767
429.5265
429.5302
429.5354
429.575
429.5805
429.6727
429.6789
429.8292
429.833
429.8468
429.8567
429.897
429.9061
430.1158
430.1188
430.1335
430.185
430.1915
430.3696
430.375
430.3866
430.3986
430.6205
430.6244
430.6477
430.6649
430.9354
430.9395
431.1168
431.1256
431.2733
431.2767
431.3011
431.8998
431.9036
431.9377
434.3609
434.3649
434.3702
434.3767
434.3942
436.5732
436.5766
436.5808
437.1348
437.1381
437.1468
437.2739
437.277
437.2882
437.2974
437.399
437.4029
437.4357
437.4841
437.4926
437.4967
437.5066
437.5167
437.5508
437.8529
437.8564
437.8687
438.8359
438.8393
439.1269
439.1303
439.1428
439.2628
439.2691
439.2779
439.2922
439.7921
439.7952
439.8013
439.812
440.7478
440.7512
440.7552
440.7968
440.8004
440.8049
440.8299
440.8389
440.8569
440.8695
441.0728
441.0777
441.2815
441.2852
442.4251
442.429
442.4341
443.2845
443.2882
443.2955
443.3054
443.4528
443.457
443.4679
443.4806
443.7435
443.7467
443.7524
443.76
443.7845
443.8166
443.923
443.9266
444.1756
444.1789
444.1886
444.2031
444.2469
444.2511
444.3259
444.354
444.3602
444.371
444.6024
444.6066
444.9674
444.9719
444.987
445.0958
445.1001
445.4389
445.4428
445.4671
445.479
445.8207
445.8252
445.8331
446.3577
446.364
446.371
446.4619
446.467
446.5643
446.5692
446.745
446.7489
446.9613
446.9675
446.9722
448.5962
448.5995
448.6059
448.9012
448.9049
449.4669
449.4704
449.4898
449.497
450.2316
450.235
450.2422
450.2509
450.279
450.288
450.2942
450.305
450.3084
450.3153
450.3171
450.3295
450.3333
450.3456
450.3512
450.3619
450.3663
450.3786
450.3995
450.4057
450.4575
450.4623
450.5107
450.5155
450.6066
450.6105
450.6722
450.6821
450.694
450.7041
450.8485
450.8523
451.1079
451.1111
451.115
451.1459
451.1519
451.1625
451.1686
451.2186
451.2251
451.2445
451.2594
451.2985
451.3108
451.4197
451.4254
451.4437
451.6909
451.6989
451.9267
451.9301
452.0835
452.0913
452.2532
452.2583
452.2776
452.4095
452.4333
452.4411
452.9693
452.973
453.1662
453.1705
453.5369
453.5409
455.2498
455.2533
455.2574
455.2696
455.2907
455.2955
455.5657
455.5721
455.579
456.224
456.2275
456.2314
456.2462
456.2478
456.2509
456.2564
456.2648
456.2675
456.28
456.2981
456.317
456.3482
456.3512
456.355
456.3688
456.4589
456.4618
456.4718
456.4804
456.6605
456.6661
456.6675
456.6693
456.6729
456.6757
456.6812
456.6903
456.7141
456.7197
456.7291
456.8927
456.8972
456.9299
456.9572
456.9587
456.9631
456.9942
456.9954
457.0016
457.2543
457.2579
457.2625
457.2708
457.2789
457.3759
457.5143
457.5284
459.2574
459.2608
459.2708
459.2809
459.3918
459.3958
459.3995
459.4144
459.4223
459.4447
459.4615
459.4724
459.5691
459.5733
459.7701
460.0768
460.0804
460.2355
460.2392
460.56
460.5633
460.5701
460.6239
460.6325
460.9564
460.9601
460.9726
460.9776
461.0251
461.0291
461.0577
461.0695
461.2696
461.2729
461.2856
461.2909
461.3371
461.3467
461.4095
461.415
461.6127
461.6182
461.6244
461.7523
461.7614
461.9008
461.9046
461.9223
462.1812
462.1854
462.3752
462.3797
462.8568
462.8604
462.867
462.9435
462.9588
463.0424
463.047
463.3076
463.3113
465.3883
465.392
465.4088
465.4134
465.6955
465.6987
465.7165
465.7245
468.0998
468.1035
468.1092
468.3134
468.3169
468.3252
470.0446
470.0481
470.0561
470.2011
470.2049
470.2124
470.4943
470.4993
470.5047
470.9559
472.0904
472.094
472.1035
472.91
472.9141
472.9657
472.9695
472.9778
472.9873
474.0236
474.0268
474.0418
474.0479
474.1373
474.1412
475.007
475.0101
475.0141
475.0227
475.0299
475.0398
475.1078
475.1117
475.1217
475.1411
475.1564
475.1634
475.4214
475.4253
475.4374
475.4519
475.4707
475.4875
475.5711
475.5749
475.5947
475.9365
475.9399
475.9444
475.9624
475.9776
475.9818
476.2418
476.2456
476.2593
476.3961
476.4008
476.7368
476.7404
476.788
477.1526
477.1638
477.1861
477.3959
477.3994
477.4434
477.4471
477.4568
477.4817
477.5006
478.9782
478.9816
478.9857
479.3337
479.3371
479.3442
479.3724
479.3796
479.656
479.6595
479.6631
479.6707
479.6793
479.6961
479.7267
479.7374
479.8131
479.8199
479.8303
479.9953
479.9986
480.0979
480.1022
480.4237
480.4272
480.4639
482.018
482.0212
482.0255
482.0577
482.0608
482.0701
482.1335
482.138
482.1492
482.1581
482.3091
482.3131
482.5374
482.5412
484.0779
484.0816
484.1004
484.1051
484.3635
484.3669
484.3826
484.4017
484.4075
487.1076
487.1108
487.1149
487.1755
487.1788
487.1829
487.2024
487.2063
487.2734
487.277
487.2849
487.2945
487.3572
487.3632
487.3774
487.4287
487.4411
487.4577
487.4841
487.4921
487.7582
487.7666
487.7752
