1.89148
1.89392
1.8992
1.902
1.92036
1.9298
2.2146
2.42804
2.43096
2.63604
2.92716
2.92948
2.96956
3.00312
3.01028
3.40832
3.66404
4.09856
4.10824
4.1214
4.12448
4.46444
4.46748
4.88736
4.94556
5.03956
5.04332
5.67796
5.97396
6.38604
6.64416
6.64812
6.76684
6.77516
6.78088
6.78996
7.05028
7.08372
7.23488
7.23756
7.828
7.83356
7.84084
7.92072
7.92436
7.92744
7.99444
8.0392
8.12756
8.14964
8.94612
8.98216
8.98532
9.0034
9.25568
9.25836
9.77116
9.80436
10.06316
10.06548
10.068
10.08008
10.32396
10.40904
10.54348
10.54612
10.54988
11.18268
11.19872
11.22664
11.5564
11.9768
11.97976
11.98504
12.02216
12.04476
12.536
12.53872
12.90052
12.91176
13.31088
13.76768
13.7706
13.77328
14.1876
14.18996
14.49052
14.56244
14.65396
14.77556
14.93388
15.0434
15.04556
15.37988
15.38364
15.39196
15.40504
16.64308
16.85
16.85268
17.22492
17.49064
17.49412
17.85068
18.17648
18.38408
18.48068
18.48332
18.7598
18.80032
19.68364
19.68636
19.7092
19.98368
20.00124
20.08116
20.10024
20.1312
20.36584
20.37492
20.37772
20.52112
20.52404
21.0744
21.33104
21.33368
21.4632
21.46928
21.66472
21.83968
21.862
21.86488
21.86776
22.11576
22.11852
22.38204
22.94816
22.95104
23.27572
23.27812
23.29616
23.66888
23.7376
24.3816
24.4054
24.84
24.93332
24.93632
24.98016
25.60536
26.38924
26.3914
26.69884
26.70112
27.5778
27.69884
27.81976
27.82272
27.82916
28.01676
28.10408
28.29388
28.29628
28.7312
28.73388
28.75344
29.09032
29.09292
29.10852
29.44928
29.4636
29.46692
29.92768
30.0748
30.30856
30.31308
30.99856
31.78716
31.79024
31.92756
31.9304
32.01364
32.01632
32.03484
32.04004
32.2046
32.31332
32.94512
32.98464
32.98732
32.99844
33.01076
33.29508
33.56244
33.57032
33.57304
33.61792
33.62156
33.63452
34.58692
34.925
34.94172
34.94452
35.07284
35.2806
35.30052
35.4234
36.0844
36.0876
36.12764
36.7118
37.1896
37.45396
37.67624
37.68824
37.9946
38.04952
38.06576
38.68496
39.22912
39.36528
40.48712
40.4896
40.53608
40.79704
40.79964
40.81304
40.8206
41.43884
41.53244
41.54968
41.85124
41.98964
42.29976
42.30336
42.33048
42.78468
42.83456
43.10576
43.13236
43.13484
43.15252
43.78324
43.78628
43.94708
44.3572
44.94884
44.95492
44.95732
44.96832
44.9862
45.46196
45.53428
45.83496
45.83756
45.95252
45.95796
46.06396
46.09468
46.59276
46.60564
46.60824
46.92896
47.29668
47.3024
47.93344
47.93692
47.94904
48.47448
48.78364
48.78656
48.97348
48.97584
49.38208
49.38448
49.75604
49.89636
50.3864
50.389
50.45752
50.9736
50.99744
51.00052
51.01732
51.07528
51.0782
51.08196
51.11096
51.25064
51.73056
51.84812
51.851
52.34952
52.4072
52.40952
52.41292
52.98936
53.2016
53.2046
53.26996
53.74588
53.75372
54.24976
54.2524
54.4126
54.4412
54.81904
54.83564
54.83896
54.88048
54.88312
54.9058
54.94728
55.59736
56.05268
56.06028
56.11884
56.456
56.64948
56.67004
56.67276
57.04716
57.05016
57.40716
57.41056
57.47212
57.4752
58.31392
58.35656
58.36668
58.47068
58.49532
58.49792
58.71744
58.72072
60.12712
60.29876
60.42772
60.70356
60.76916
60.77224
61.09884
61.46348
62.095
62.1162
62.28192
62.28444
62.31048
62.38524
62.48724
62.58436
62.8526
62.93296
63.04932
63.0596
64.01656
64.01932
64.04676
64.28756
64.29008
64.98652
64.98936
65.00936
65.30284
65.56052
65.56368
65.57856
65.62012
65.66216
65.69532
65.69804
65.99572
66.19876
66.54916
66.5572
66.59552
66.5982
66.78344
67.48828
67.50224
67.84488
67.8474
68.45656
68.52528
68.52768
68.53084
68.65596
68.6592
68.70208
68.91032
69.3976
69.599
69.75068
69.7532
69.7798
70.38372
70.3862
70.41072
70.8894
71.36148
72.21264
72.22056
72.22308
72.22592
72.597
72.86748
72.87004
73.37852
74.53108
74.53388
74.69716
74.83176
74.83464
74.904
74.90652
75.37536
75.3782
75.60972
75.61292
76.10584
76.10872
76.20156
76.30332
76.30684
76.37708
76.4788
76.48144
76.8648
76.8732
76.98156
76.98456
77.59596
77.8018
77.82124
78.41876
78.49352
78.53076
79.11956
79.13784
79.54428
79.54772
80.05572
80.05816
80.70432
81.2344
81.95992
81.96768
81.97016
82.06352
82.09544
83.45428
84.6172
84.6358
84.639
84.75052
84.76152
84.77192
85.38348
85.7318
85.73424
86.0728
86.08704
86.09024
86.8994
86.90232
86.9212
87.53696
87.54
87.94136
87.94448
88.32756
88.33032
89.21612
89.30448
89.307
89.31584
89.56956
89.6136
89.97396
90.35928
90.37924
90.38228
90.86772
91.69828
91.82652
92.30772
92.71192
92.72964
93.09808
93.46872
93.47744
94.09112
94.25552
94.25884
94.31284
94.3484
94.85676
95.04908
95.80764
95.92036
95.93772
96.01704
96.0196
96.02928
96.28856
96.97792
97.00032
97.01136
97.01488
97.01728
97.0232
97.17664
97.28932
97.56384
97.5748
97.57732
97.59772
97.65144
97.725
97.73364
98.20156
98.3254
98.5062
98.70648
98.72068
98.72804
98.8018
99.65824
99.68064
99.68352
100.24708
100.27896
100.33984
100.34236
100.38868
101.05312
101.61088
101.61372
101.91412
101.91844
101.92196
102.45812
102.49564
102.50656
102.50916
102.61428
102.6246
102.76436
102.80424
103.12264
103.12696
103.84772
103.85552
103.99272
103.99652
104.35384
104.35664
105.14852
105.33472
105.55704
105.56156
105.706
105.85244
105.85532
106.26232
106.26472
106.36916
106.38084
106.39088
106.3944
106.43456
106.85396
106.8756
106.96576
107.13236
107.1358
107.297
107.69096
108.07364
108.71812
108.72036
108.72272
108.73896
109.11568
109.68356
109.92304
110.20036
110.68092
110.68356
110.71256
110.71676
110.71952
111.12924
111.26872
111.57964
111.72032
112.22044
112.22848
112.77444
112.82996
113.12236
113.1254
113.35508
113.35772
114.10716
114.17976
114.18272
114.564
114.5668
114.59032
114.59988
114.63232
115.26372
115.32184
115.32444
115.41164
115.75096
115.76844
115.77292
115.7804
116.0088
116.01804
116.23044
116.23312
116.236
116.29812
116.61348
116.72148
116.90884
117.27132
117.27676
117.9688
117.973
118.10648
118.6306
118.63312
119.2514
119.3498
119.35228
119.35556
119.38672
119.76456
119.76692
120.76328
120.7658
120.85676
120.85992
121.17004
121.17864
121.19144
121.20292
121.85968
121.88268
121.95272
121.95536
122.3042
122.30672
122.38952
122.50444
123.58688
123.67076
123.67352
123.83204
123.83536
124.1126
124.31676
124.48616
124.71736
124.7208
125.09756
125.11168
125.12392
125.4638
125.4664
125.93844
126.0796
126.09996
126.1026
126.25964
126.2626
126.311
126.841
126.8446
126.87056
126.874
126.89712
127.80364
127.92236
127.956
128.03656
128.04184
128.0448
128.99776
129.00384
129.01816
129.03552
129.30408
129.42476
129.55916
129.57408
129.58252
129.62136
130.4478
130.45024
130.90144
130.90408
131.55268
131.55908
131.56196
131.57384
131.5926
131.957
132.263
132.26964
132.59292
132.59628
132.6202
132.93272
133.05376
133.31728
133.37472
133.57928
133.6306
133.64088
133.98448
133.9924
134.00484
134.04128
134.332
134.47828
134.58828
134.76044
134.7634
134.77784
135.19068
135.73544
135.7574
135.89852
136.24952
136.8266
136.83096
136.84832
137.21576
137.21804
137.31856
137.84396
138.02484
138.49024
138.49328
138.59464
138.61132
138.6748
139.25184
139.26428
139.26768
139.31208
139.35632
139.47444
139.5362
139.93876
139.94108
140.38892
141.01676
141.01916
141.0286
141.2292
141.26756
141.27008
141.27288
141.31048
141.32328
141.56204
142.11784
142.44788
142.45076
142.79696
142.79972
142.8024
142.83232
143.05968
143.06412
143.352
143.8714
143.88516
144.3262
144.78004
144.88836
144.89148
145.375
145.37764
145.38936
145.39256
145.4342
146.07732
146.08412
146.20612
146.20992
146.24192
146.733
146.74168
146.74564
146.93224
147.33132
147.33544
148.04716
148.0592
148.2072
148.22264
148.6416
148.6698
149.3902
149.39328
149.6786
149.82652
149.83208
149.95652
150.35872
150.57404
151.60196
151.60476
151.6358
151.64888
151.65812
151.89356
151.97964
152.1694
152.61432
153.23092
153.2462
153.74436
153.982
154.3526
154.35488
154.48852
154.49144
154.70852
154.94192
155.06592
155.25352
155.69312
155.83652
156.14124
156.14552
156.30344
156.73556
157.1058
157.10836
157.4698
157.47264
158.1104
158.3102
158.32912
158.83856
158.84688
159.55076
159.55312
159.79112
159.8206
159.94128
160.01592
160.02968
160.03252
160.16124
160.99972
161.01928
161.04576
161.04816
161.5734
161.57876
161.58596
161.59448
161.59712
161.62736
161.6416
161.675
161.68168
162.04236
162.04548
162.41052
163.28204
163.29288
163.3008
163.31624
163.79684
163.80188
163.83544
164.15824
164.1618
164.84952
164.8522
164.85504
165.10176
165.1046
165.49232
165.49492
165.65592
165.65952
165.6804
165.70668
166.08516
166.0876
166.57716
167.02032
167.0312
167.0336
167.0492
167.0522
167.54944
168.08032
168.36368
168.36656
168.72448
169.12596
169.12876
169.13188
169.15252
170.40632
170.62248
170.62488
170.63648
170.64008
170.7768
170.78736
171.8092
171.81252
172.14136
172.14412
172.16856
172.189
172.37316
172.5044
173.2744
173.29104
173.29456
173.64508
173.64792
173.72668
174.10108
174.38584
174.5172
174.55048
175.21168
175.6198
175.77848
175.83976
175.84196
176.5174
176.5388
176.55236
176.8128
176.82988
177.0524
177.05576
177.33372
177.33724
177.49952
177.71252
177.84168
177.9566
177.9616
177.97988
178.07656
178.40288
178.40812
179.0412
179.04396
179.11192
179.11472
179.11724
179.1424
179.14564
179.16496
179.16824
179.65224
180.31532
180.50044
180.506
181.15492
181.16048
181.1752
181.58668
181.8338
182.03676
182.04188
182.04484
182.22492
182.24352
182.48772
182.64872
182.81928
182.8304
182.8492
182.99376
183.06792
183.08468
183.33836
183.40648
183.40896
183.41188
184.24824
184.32688
184.32972
184.35116
184.93612
184.93852
184.98088
184.99444
185.62544
185.79636
185.95692
185.96312
186.37156
186.37532
186.37792
187.1268
187.13932
187.2852
187.83816
187.84856
188.29052
188.31412
188.31876
188.73528
188.7414
189.0974
189.47264
189.64872
190.09568
190.09884
190.2512
190.25412
190.25684
190.3178
190.84128
190.84984
190.85232
191.05408
191.05708
191.64212
191.79664
191.80028
191.93516
192.03588
192.03848
193.04756
193.58944
193.60744
193.6348
193.637
193.65576
193.67304
193.79272
194.28336
194.46656
194.49292
194.49936
194.55196
194.67368
195.30716
195.43984
195.44464
195.44836
195.60976
195.61228
195.67444
195.96784
196.10888
196.17928
196.19128
196.20892
196.22424
197.04604
197.1404
197.17808
198.02452
198.52932
198.66852
198.88776
198.8942
199.13288
199.1362
199.14532
199.16692
199.34688
199.6526
199.9182
199.9206
199.92308
199.93612
199.94144
200.01832
200.3684
200.69556
200.83028
200.97044
200.98304
201.01176
201.73752
201.88176
202.18812
202.39472
203.00788
203.01084
203.15284
203.15588
203.16648
203.16996
203.69584
203.89584
204.30544
204.32516
204.46
204.46336
205.7314
205.75356
205.99644
205.99932
206.01292
206.41452
206.73792
206.7414
207.16796
207.17236
207.64924
207.66648
208.31076
208.38736
208.39256
208.83084
208.83368
208.86024
209.18544
209.8748
209.937
210.04172
210.04444
210.5392
210.65608
210.65904
210.6652
210.8496
211.15308
211.16508
211.38272
211.38868
211.50164
211.74784
211.75636
211.76292
211.8692
211.87248
212.09628
212.31348
212.31708
212.74516
212.76528
212.7818
213.46404
213.69392
213.69664
214.19236
214.43008
214.44152
214.44424
214.46284
214.56248
214.56508
215.02112
215.036
215.47104
215.476
215.65988
215.68052
215.73064
215.76868
215.77116
215.86936
216.0022
216.52744
216.531
216.53796
217.05332
217.28404
217.375
217.832
217.97584
217.98224
218.29852
218.30128
218.40416
218.40736
218.51572
218.55812
218.72688
218.73708
219.08148
219.48332
219.58864
219.69372
219.842
220.12016
220.1298
220.13348
220.32332
220.32628
220.46532
220.71108
220.75732
221.10288
221.1056
221.11556
221.4726
221.47532
222.13428
222.13672
222.2778
222.3292
222.33172
222.41068
222.42772
222.84884
222.85608
222.90476
223.06084
223.07624
223.80124
223.81016
223.93672
223.94412
224.02824
224.03104
224.11652
224.29464
224.59392
225.00564
225.02024
225.02328
225.30284
225.31684
225.58312
225.60048
225.64344
225.66948
225.68304
226.01648
226.21244
226.21532
226.31276
226.76372
226.90808
227.0366
227.07044
227.0728
227.22672
227.2314
227.26896
227.28228
227.291
227.30228
227.72288
228.09544
228.24624
228.24868
228.27296
228.57864
228.5918
228.91176
228.93404
229.31728
229.42808
230.0652
230.39704
230.60848
230.82416
231.22496
231.82632
231.8292
232.109
232.34644
232.34924
232.71432
232.7166
232.7272
233.05208
233.06084
233.94932
233.95188
233.95492
233.9672
233.96992
234.87616
234.89068
234.89764
234.94652
234.9494
235.07488
235.08712
235.1008
235.26956
236.32168
236.32456
236.32776
236.34808
236.57916
236.592
236.59484
236.63152
236.72588
236.72832
236.73092
236.79124
236.934
237.06956
237.54548
237.55752
238.36132
238.50268
238.52956
239.06572
239.31004
239.31284
239.34052
239.52564
239.83004
240.09824
240.157
240.15944
241.4914
241.49384
241.5188
241.87384
241.87952
242.06972
242.0746
243.0114
243.16788
243.1754
243.32288
243.34536
243.44628
243.44952
243.5204
244.47164
244.57708
244.57964
244.9438
245.07288
245.07836
245.08684
245.26104
245.27108
245.54656
245.55992
246.4496
246.67064
246.67688
246.69184
246.70944
247.18492
247.7604
247.76884
247.81836
248.11676
248.7972
248.88952
248.89172
249.02948
249.03228
249.045
249.27448
249.3002
249.307
250.32104
250.35776
250.49388
250.51488
251.17608
251.69552
251.71628
251.842
252.13028
252.1338
252.31544
252.32424
252.72244
252.73184
252.76736
252.77368
253.10168
253.47908
253.49452
254.09892
254.11736
254.30576
254.30796
254.65536
254.85176
254.8558
255.05052
255.81508
255.93008
255.93424
255.94568
256.04256
256.07256
257.01008
257.01568
257.04376
257.5744
257.58128
257.58408
257.6092
257.62728
257.63116
257.64716
258.09572
258.2582
258.2712
258.64732
258.66024
258.66284
258.9498
258.95336
258.99
259.63388
259.65016
259.653
259.67508
259.6784
260.0666
260.72372
260.74828
260.75236
261.38216
261.38644
261.38896
261.39196
261.57324
262.21444
262.2178
262.23432
262.741
262.74332
262.76264
262.7966
263.10472
263.2124
263.22244
263.35944
263.45432
263.47664
263.47952
263.92372
263.92928
264.33308
264.35392
264.35628
264.36208
264.5022
264.50876
265.01648
265.01892
265.0426
265.04544
265.14816
265.90608
265.9172
265.91988
266.33556
266.34076
266.59124
266.6024
267.15516
267.1582
267.205
268.00256
268.19116
268.19348
268.41008
268.41308
268.48144
269.11804
269.121
269.19364
269.23792
269.24036
269.25652
269.31964
270.155
270.69076
271.11148
271.41736
271.41964
271.477
271.75088
271.75632
271.75956
271.7968
272.0558
272.50184
272.50636
272.515
272.71048
272.721
273.00636
273.01192
273.30068
273.30324
273.54944
273.68376
274.11688
274.11948
274.17272
274.17572
274.35536
274.44044
274.45896
275.01576
275.01832
275.02144
275.0542
275.60892
275.91932
275.92256
276.08416
276.2176
276.23524
276.8718
277.17412
277.48824
277.49632
277.49928
278.01508
278.4042
278.41056
278.44272
278.45896
278.8014
278.90724
279.53312
279.53988
279.85996
279.86252
280.36712
280.56268
280.56516
281.08296
281.28168
281.29116
281.61952
281.78632
282.39212
282.88784
283.09
283.70128
283.7036
283.75748
283.76012
284.30972
284.3124
284.54684
284.73136
284.73676
285.11076
285.47712
285.51644
285.91712
286.274
286.31908
286.32244
286.8562
286.85888
286.86228
286.90976
287.06544
287.8196
287.92636
287.92932
288.03636
288.05648
288.06668
289.01232
289.02424
289.02692
289.02968
289.0668
289.06984
289.59048
289.59284
289.6148
289.61752
289.63732
289.76788
290.44888
290.57232
291.05556
291.09392
291.16012
291.16296
291.18268
291.19032
291.54064
292.42496
292.428
292.89772
292.90048
293.1506
293.15432
293.35048
293.366
293.4664
293.52104
293.52896
293.53532
294.01564
294.01836
294.21456
294.45688
294.48004
294.752
295.5156
295.55876
295.78544
295.98844
296.0588
296.29348
296.29616
296.66108
296.71376
296.72076
296.88364
297.0552
297.1826
297.1908
297.27736
297.94148
297.944
298.06592
298.06848
298.2092
298.21324
298.31824
298.41864
298.43912
299.31972
299.66864
299.67204
299.94952
299.95196
300.13096
301.11004
301.1124
301.42932
301.43192
301.63736
301.64004
303.13812
303.14368
303.17928
303.87096
304.03916
304.04204
304.05524
304.38248
304.3924
304.39492
304.89704
304.9014
305.06208
305.09208
305.42736
305.487
305.62924
305.9838
306.0762
306.07928
306.09828
306.2642
306.63152
306.63896
306.6534
306.7388
307.41552
307.51924
307.53676
308.27832
308.28148
308.37156
308.47164
308.47404
308.74816
309.28204
309.28596
309.28884
309.33368
309.3366
309.37944
309.83856
309.984
309.98984
310.00212
310.59148
310.59396
310.67372
310.94524
311.02804
311.10276
311.10568
311.11248
311.13352
311.36472
311.36832
311.48924
312.0234
312.53332
312.5496
312.55936
312.57548
312.8362
312.9616
313.56296
313.65164
313.66916
313.69448
314.37344
314.50768
314.75324
315.70212
315.85156
316.135
316.21132
316.3144
316.3176
316.74592
316.74832
316.78988
317.11672
317.12248
317.48
318.12088
318.12492
318.27308
318.27576
318.33656
318.34092
318.44548
318.85924
318.86196
319.9452
319.9482
320.00332
320.03248
320.03516
321.04408
321.0468
321.30572
321.5912
321.63496
322.38376
323.08624
323.08956
323.97472
323.9782
323.9978
324.0038
324.06412
324.43796
324.59696
324.60356
325.37364
325.37912
325.39144
325.80956
326.54312
326.57644
326.98004
327.0118
327.02076
327.02356
327.5756
327.79464
327.80544
327.80768
327.8116
328.419
328.46312
328.46588
328.49024
328.66116
329.02812
329.04828
329.67132
329.67708
329.99936
330.597
330.5998
330.6202
330.69212
330.69536
330.71992
331.1862
331.42692
331.43184
331.60076
331.63384
332.204
332.35676
332.64592
332.70796
332.72124
332.72324
332.74444
333.3048
333.63108
333.81528
334.03172
334.04016
334.04904
334.06936
334.3086
334.35748
334.7768
334.7876
335.1404
335.14512
336.03764
336.07308
336.43724
336.44576
336.59932
337.14672
337.15872
337.22596
338.77672
338.78012
338.80832
338.81108
339.1874
339.19192
339.43364
339.76136
339.7682
339.79496
339.80492
339.808
339.92972
340.38712
340.42
340.423
340.72496
340.73108
341.07444
341.42024
341.43988
341.44256
341.67156
341.74316
341.74624
342.122
342.1318
342.17196
342.54516
343.12316
343.14372
343.43572
343.4476
344.52508
344.54068
344.6516
344.65456
345.13596
345.35268
345.63012
345.63292
345.92732
345.93384
346.30584
346.39012
346.3932
346.73164
346.73964
347.84548
348.12772
348.31812
348.74352
348.75596
348.75888
349.13832
349.32984
349.48004
349.48296
349.57532
350.1064
350.25896
350.26212
350.34336
350.66892
350.88804
350.9348
350.96328
351.02756
351.94616
351.94928
351.97028
352.17016
352.18624
352.6388
353.02076
353.04356
353.04608
353.04908
353.05028
353.32072
353.6004
353.60288
353.63956
353.66724
353.67584
354.24892
354.25252
354.747
354.7564
354.7592
354.88436
355.24648
355.25016
355.52764
355.95364
356.1614
356.16388
356.2096
356.21452
356.241
356.3956
356.57148
356.7818
356.78744
356.84136
356.84448
356.88964
357.71812
357.72156
358.04632
358.15536
358.16952
358.71452
358.75292
358.757
359.18528
359.2708
359.29392
359.29708
359.77468
359.77804
359.91812
359.9212
360.08988
360.21336
360.90244
361.31408
361.45956
361.61044
361.79708
362.077
362.65724
362.65976
362.78192
362.7854
362.80588
362.9488
362.95132
363.35592
363.57212
363.73496
363.96816
364.74032
364.74292
364.85144
364.85408
365.48224
365.92824
366.6532
366.66808
366.76652
366.76892
366.85036
366.93612
367.55912
367.63032
367.6326
367.6366
367.94296
368.22488
368.44632
368.44904
369.12212
369.12952
369.7998
369.81008
369.82924
370.21792
370.22288
370.22644
370.22932
370.35388
370.70728
370.73604
370.77324
370.7764
371.05616
371.50936
371.5122
371.72796
371.73092
372.23896
372.2424
372.96148
373.10532
373.60676
373.60996
373.62856
373.74196
374.3376
374.3408
374.34468
374.85992
374.88316
374.88596
374.96228
375.20208
375.31372
375.32676
375.34576
375.66652
376.00876
376.0196
376.46932
376.92308
376.94232
377.07244
377.07512
377.22216
377.6028
377.75416
377.84276
377.84572
377.97732
378.396
378.4022
378.50896
378.51192
378.7564
379.27672
379.8542
379.86064
380.12632
380.30604
380.30844
380.72992
380.75112
381.11392
381.11764
381.12916
381.4958
382.11436
382.12012
382.301
382.33404
382.33732
382.34892
382.43324
382.8602
382.8764
382.87908
383.08024
383.67252
383.81248
383.82392
383.9336
383.93644
383.94676
383.95196
384.04224
384.04476
384.0614
385.012
385.01496
385.01828
385.03676
385.05556
385.08428
385.31416
385.51432
385.59944
385.63692
385.74696
385.74964
386.19308
386.20652
386.29464
386.318
386.3214
386.40412
387.19464
387.2026
387.20488
387.21748
387.53528
387.53752
387.54052
387.74352
388.6688
389.1112
389.14692
389.5544
389.68684
389.69608
389.74544
389.74828
389.94928
389.95284
390.33432
390.34612
390.5224
391.30084
391.57816
391.5808
391.61252
391.61976
391.63652
392.36024
392.36928
392.92008
392.92448
393.50032
393.50272
393.50972
393.51256
393.73548
393.74076
393.74948
393.77692
393.80032
393.99044
393.99328
394.03756
394.04052
394.13628
394.41264
394.41528
394.42192
394.42976
394.43344
394.49308
394.59148
394.59456
394.61648
394.62076
395.27732
395.28892
395.29164
395.44988
395.45428
395.60876
395.61172
396.2884
396.30216
396.47848
396.48164
396.55564
396.63968
396.65412
396.65892
396.85428
397.40644
397.40892
397.42152
397.4576
397.6458
397.88084
397.90412
398.45408
398.45868
398.54224
398.63024
398.6336
399.20236
399.21476
399.69856
399.83496
399.83768
400.78496
400.78752
400.79016
400.79336
400.92944
400.932
401.13092
401.13836
401.1466
401.46152
401.71684
401.77588
401.8948
402.19676
402.20836
402.21952
402.39036
402.39312
402.4068
402.4098
402.5714
402.72116
402.72432
403.42744
403.91964
403.92272
404.292
404.29452
404.79756
405.10324
405.10592
405.13148
405.65244
406.051
406.05432
406.09772
406.11136
406.36936
406.38432
406.38724
406.64996
406.66756
406.96492
406.9672
407.1956
407.74516
407.95092
407.9532
407.97052
407.97312
408.2916
408.30376
408.30628
408.63028
408.63464
408.85592
408.8618
409.04312
409.223
409.24908
409.5332
409.53896
409.54216
410.38296
410.39512
410.46692
410.52084
410.52424
410.75844
411.27184
411.29536
411.69772
411.8528
411.86028
412.20524
412.30944
412.31936
412.3216
412.32428
412.32988
412.72508
412.7276
412.76856
412.7716
413.1294
413.13288
413.13808
413.49768
414.10764
414.12676
414.1298
414.28636
414.33688
414.3526
414.35572
414.86332
414.866
414.87664
414.87996
415.82716
415.94924
415.9518
416.05168
416.0542
416.06676
416.07916
416.52128
417.01152
417.01424
417.05612
417.21328
417.3362
417.62436
417.6398
417.6454
417.6708
417.68296
418.16864
418.1746
418.65032
419.39244
419.49992
419.50396
419.6618
419.96912
420.13856
420.14232
420.39292
421.05428
421.07152
421.08924
421.09812
421.97256
421.97776
422.17484
422.1776
422.18276
422.19704
422.427
422.73424
422.73724
422.894
422.91708
423.69464
424.15768
424.19108
424.19404
425.20028
425.2026
425.20552
425.21524
425.22004
425.23596
426.52104
426.52596
426.6142
426.68504
427.44148
427.49692
427.70224
427.94692
427.96368
427.96628
428.10608
428.10884
428.12252
428.93208
428.93448
429.17828
429.64516
429.83352
429.84324
429.86976
430.00204
430.0052
430.16556
430.16828
430.41656
430.4294
430.46556
431.18592
431.24156
431.24412
431.94756
431.9504
432.22132
432.3618
432.36508
432.4924
432.504
432.93752
432.94468
433.2366
433.55824
433.607
433.7942
434.097
434.1018
434.47584
435.26604
435.56844
436.10836
436.1112
436.48416
436.8878
437.03912
437.04176
437.06248
437.48068
437.50088
437.50556
438.14812
438.15656
438.17328
438.48264
439.01296
439.13432
439.13884
439.16192
439.48264
439.489
439.91844
440.68964
440.95744
440.96164
440.97304
440.99508
441.09452
441.09788
441.49748
441.5
442.24196
442.58612
442.764
443.087
443.08956
443.3044
443.30784
443.71156
443.8638
444.14256
444.15984
444.3312
444.75732
444.75972
445.12744
445.1334
445.4738
445.48428
445.90028
446.1266
446.332
446.3346
446.39536
446.8702
446.87648
446.92872
447.13284
447.8386
447.94984
447.95308
448.0506
448.05308
448.18988
448.38696
448.59804
449.03656
449.03908
449.05568
449.0724
449.20348
449.65132
449.65632
449.66712
449.79212
449.91996
450.62544
450.64256
450.64544
450.65612
451.26208
451.2732
451.6596
451.89176
451.95352
451.98668
452.29056
452.3058
452.67704
452.84248
452.87256
452.87528
453.07712
453.63668
454.0242
454.12176
454.35296
454.3556
454.73424
454.7372
454.74048
454.91952
454.92356
455.19888
455.20148
455.25828
455.71624
455.92308
455.96948
455.97212
456.51664
456.52412
456.6214
457.1292
457.14492
457.23824
457.24064
457.42812
457.61612
457.75972
457.89592
458.11676
458.20472
458.2072
458.3522
458.46268
458.46712
458.52276
459.79956
459.81328
460.28908
460.86132
461.04024
461.04348
461.60568
461.6082
461.61096
461.64804
461.95424
462.00976
462.13784
462.22636
462.2302
462.60244
462.97896
463.50152
463.50448
463.65628
463.68412
463.68672
463.73936
463.74356
463.77712
464.32976
464.54544
464.98244
464.99788
465.494
465.54252
465.65004
465.75044
465.75308
465.82384
466.5458
466.54836
467.13316
467.46156
467.6932
467.69588
468.13812
468.71448
468.80148
468.80732
468.8726
468.87548
469.83612
469.8386
469.87488
469.87792
469.88076
469.97008
470.12384
470.2122
470.22124
470.38476
470.38796
470.5954
471.14284
471.21768
471.23048
471.26156
471.28756
471.70288
471.72108
471.7234
471.87784
472.44364
472.44676
472.84724
473.14868
473.15324
473.37328
473.38108
473.54816
473.55856
473.57156
473.5924
474.0344
474.32892
474.33144
474.40064
474.72612
475.71264
475.85688
475.86028
476.30516
476.48224
476.78284
477.03268
477.12952
477.4776
477.48424
478.10984
478.32876
478.33156
478.84972
478.8524
478.86052
478.8634
479.135
479.56284
479.80484
479.94188
479.94456
479.95792
479.96048
480.03972
480.04272
480.05396
480.30576
481.01212
481.06072
481.64104
482.05084
482.71204
482.71524
483.21928
483.89828
484.01388
484.0178
484.2212
484.22448
484.23032
484.23368
484.23732
484.63608
484.66048
484.6634
485.56016
485.94084
485.94696
485.987
485.99032
486.24544
486.24868
486.6482
487.66732
487.66996
488.10256
488.16792
488.51092
488.51388
488.52728
488.78088
488.81132
488.84032
489.78316
489.79324
490.67884
490.91096
491.1262
491.12884
491.32836
491.37412
491.37692
491.51476
491.96244
492.02056
492.545
492.55372
492.86844
493.22032
493.2376
493.24076
493.4138
493.41692
493.75584
493.76212
494.10508
494.79028
495.42532
495.52756
495.54984
495.55272
496.33544
496.65672
496.67228
496.67576
496.77672
496.78244
496.79104
497.06028
497.06284
497.43916
497.45068
497.48264
497.48536
497.8436
498.27772
498.39052
498.3934
498.52284
498.5256
498.77848
499.0812
499.44016
499.44264
499.47332
499.9388
499.95064
499.95336
500.16624
500.43256
500.62876
500.70852
500.71512
500.73368
500.85508
501.28408
501.296
501.31716
501.31972
501.60048
501.60348
502.06168
502.21684
502.22052
502.2234
502.62684
502.6294
503.32328
503.40316
503.40556
503.4088
503.41792
504.47964
504.93568
504.9448
504.94728
505.2686
505.29492
505.8578
505.86052
505.98144
506.38288
506.39152
506.72792
506.74276
507.18656
507.30908
507.70424
507.8492
508.31688
508.36188
508.74736
508.7708
508.78488
509.12152
509.12364
509.341
509.49808
510.12544
510.12816
510.2718
510.31348
510.34052
510.85348
510.8562
511.06824
511.8214
511.94128
512.03984
512.0596
512.06816
512.65212
513.00924
513.01228
513.02544
513.02852
513.05728
513.3176
513.31984
513.59196
513.63936
513.64264
513.65104
514.24136
514.24804
514.2996
514.46772
514.97884
514.98896
515.1216
515.52648
515.52976
515.53312
515.55652
515.55972
515.86732
516.101
516.48468
516.48748
516.50508
516.5078
516.67724
516.80476
517.13236
517.40448
517.47816
517.92752
517.94568
518.17648
518.17852
518.19908
518.204
518.72684
518.72976
519.02736
519.04652
519.04888
519.22244
519.22516
519.79552
520.07348
520.09312
520.50128
520.90504
520.90764
520.9216
521.29344
521.32152
521.56964
521.57292
521.58032
521.62556
521.99656
522.0498
522.08128
522.30064
522.33128
522.35048
522.98124
523.27436
523.27688
523.5768
523.6322
523.63484
523.64556
523.66564
523.85092
524.17252
524.2166
524.76644
525.10296
525.2426
525.24592
525.26368
525.27972
525.391
525.39508
525.8024
525.90496
526.23352
526.23848
526.35752
526.52312
526.53732
526.89912
526.91516
526.94892
527.2038
527.5766
527.59092
528.38
528.52372
528.88464
528.90236
528.90528
529.13356
529.13668
529.46096
529.90736
530.28084
530.28396
530.3074
530.53484
530.53748
530.7214
530.73024
531.0024
531.05484
531.05848
531.63404
531.69236
531.7348
531.75564
531.76936
532.432
532.47004
532.49972
532.52616
532.53976
532.59396
533.0752
533.31304
533.37032
533.38592
533.43876
533.4412
533.48828
533.90224
534.00568
534.008
534.20064
534.20288
534.75936
534.76168
534.99496
535.08632
535.107
535.13792
535.31548
535.33256
536.35832
536.65084
536.655
537.04292
537.04516
537.19576
537.19736
537.20228
537.2052
537.51884
537.55
537.65888
537.72128
538.39144
538.40652
538.50352
538.73472
538.90176
539.3046
539.84928
539.85192
539.86064
540.3112
540.32096
540.32396
540.73276
540.75084
541.11236
541.1186
541.12132
541.51452
541.69492
542.12848
542.14404
542.32564
542.32796
542.33056
542.33356
542.85904
542.86176
542.86492
543.95484
543.95796
544.03724
544.04232
544.06444
544.30304
544.31428
545.01468
545.03136
545.4128
545.60656
545.60912
545.63544
545.6378
545.64072
546.30968
546.31268
546.39192
546.57348
546.57872
546.84076
546.84324
546.93356
547.26548
547.43556
547.45684
547.56884
547.7122
547.92008
547.93112
548.69756
548.70016
549.99192
550.12564
550.1282
550.2538
550.88644
550.89104
550.91224
551.15096
551.4604
552.2516
552.2552
552.4216
552.61748
552.61972
553.23948
553.24228
553.31264
553.58664
553.89456
554.1018
554.10476
554.62356
554.63484
554.93232
554.93728
555.13604
555.13844
555.75844
555.76376
555.87236
555.87544
555.99744
557.07484
557.0774
557.22812
557.23056
557.7158
557.73048
557.75976
557.76256
558.24556
558.24824
558.29056
558.30292
558.30932
558.63176
558.63468
558.67228
559.5104
559.51276
559.72172
560.32276
560.95368
560.95688
560.97448
561.17468
561.178
561.2784
561.2816
561.28432
561.59428
561.59772
561.60912
561.74724
561.88744
562.04932
562.24336
562.34332
562.34736
562.40028
563.00152
563.00452
563.06012
563.10156
563.38348
563.38624
563.9274
563.93888
564.01732
564.02456
564.03596
564.6408
564.88928
564.8918
565.0306
565.06516
565.08396
565.09712
565.79272
565.7954
565.94088
566.0674
566.61564
566.63496
566.63736
566.80512
567.0344
567.06032
567.07604
567.48904
567.86172
567.86488
568.47528
568.48088
568.4832
568.62
568.84264
568.8538
568.8602
568.9362
569.35012
569.35336
569.3564
569.3752
569.56996
569.57284
569.59264
570.3934
570.51488
570.51756
570.75012
570.75292
571.2796
571.2832
571.45356
571.62188
571.62576
571.85236
571.86164
572.12912
572.32824
572.33116
572.52436
572.76752
573.11656
573.11936
573.1412
573.14416
573.15848
573.47508
574.30348
574.42044
574.42288
574.86052
574.86312
574.86872
574.87684
575.8254
575.93916
575.94572
576.05172
576.18828
576.31444
576.31732
576.99572
577.02608
577.04536
577.0536
577.31344
577.31688
577.59052
577.59456
577.64184
577.65224
577.73284
577.73736
578.07356
578.4288
578.43156
578.62324
578.62688
578.97908
579.16448
579.16692
579.21924
579.64708
580.0238
580.33096
580.38616
580.396
580.43592
580.85684
581.24572
581.63544
581.66356
581.82012
581.9498
581.95284
582.03064
582.0332
582.12248
582.2294
582.23196
582.23476
582.26104
582.32612
582.38752
582.65144
582.90672
582.91024
583.21768
583.30568
583.33408
583.33676
583.82932
583.83236
584.3586
585.03624
585.11336
585.11568
585.13208
585.13488
585.27056
585.72144
585.94512
585.94804
585.97736
586.02684
586.11372
586.19148
586.19412
586.2264
586.2354
586.78052
586.84736
586.84996
587.18616
587.4732
587.59196
587.5948
587.89324
587.89544
587.95288
587.95568
587.97632
587.98488
588.08524
588.4248
588.4278
589.01892
589.03084
589.04324
589.37564
589.90836
589.91984
590.10424
590.10724
590.1098
590.5912
590.6222
590.74136
590.82812
590.97468
590.97732
590.98904
591.46468
591.4878
591.50708
591.51056
592.0074
592.01076
592.30488
592.3072
592.31064
592.5204
592.5524
592.55476
592.57424
592.57832
592.74736
593.36052
593.38672
593.54644
593.67288
593.9506
593.98888
594.4158
594.42276
594.52872
594.87508
595.25212
595.5622
595.56508
595.58844
595.59128
595.65432
595.65672
596.23852
596.24196
596.2518
596.5608
596.56376
597.07996
597.28776
597.3216
598.0972
598.19924
598.20196
598.20496
598.23992
598.45828
598.60172
599.26764
599.2706
599.6166
600.04584
600.33076
600.48008
600.50928
600.60844
600.61104
601.1428
601.3174
601.32016
601.8434
601.86724
602.40068
602.53036
603.10392
603.19096
603.61916
603.8538
604.1506
604.31088
604.31668
604.32856
604.52768
604.72596
604.72848
604.79284
605.11864
605.12144
605.12452
605.51408
605.95644
606.27792
606.28044
606.28496
606.28848
606.36912
606.87612
607.5606
607.62144
607.6688
607.848
607.94936
607.9518
607.96932
607.9732
608.04744
608.05264
609.02848
609.03168
609.05952
609.08376
609.3188
609.61308
609.61492
609.64096
609.64456
609.6676
610.47944
610.48256
610.4982
610.51584
611.00068
611.38028
611.71152
611.71408
611.85168
611.85428
612.17212
612.31296
612.412
612.42304
612.9854
613.06688
613.4808
613.48332
613.61652
613.70136
613.70392
613.71676
613.71944
613.81976
613.83208
613.83472
614.14844
614.15132
614.56068
614.56516
615.00636
615.00932
615.1126
615.23044
616.0022
616.00468
616.46212
616.46844
616.47788
616.59352
616.60692
616.86992
616.88284
616.89192
616.89532
616.96276
616.96572
617.12544
617.3654
617.74032
617.74288
617.77232
617.88784
618.65528
618.65784
619.17324
619.17548
619.50696
619.50976
619.59788
619.83308
619.83528
619.84708
619.99428
620.04116
620.40364
620.40652
620.5136
620.85088
620.85356
621.1292
621.1392
621.63416
622.09176
622.12848
622.38612
622.48024
622.66648
623.1448
623.15032
623.15508
623.19244
623.35104
623.65388
623.80784
623.81072
624.06728
624.0704
624.4258
624.42872
624.52008
624.52712
624.53016
624.5812
624.97236
625.165
625.65436
625.65724
625.7766
625.77916
625.78164
626.23796
626.24048
626.34104
626.34436
626.65216
626.68432
626.68692
626.77044
627.20024
627.20264
627.61136
627.92708
628.12052
628.12312
628.126
628.62876
628.63272
628.67168
628.708
628.74352
629.66868
629.67156
629.78956
629.79196
629.8608
630.1962
630.28476
630.29488
630.2982
630.61368
630.7122
631.1006
631.39236
631.74824
632.31936
632.32932
632.41428
632.82576
632.82908
632.92492
632.92812
632.95984
632.9632
633.62232
633.62512
633.92512
633.92748
633.9978
634.40444
634.40804
634.49776
634.51976
634.52248
635.28704
635.30576
635.35668
635.72164
635.86112
635.86356
636.15192
636.15472
636.35124
636.35524
636.53184
636.76404
636.80672
636.90068
637.07216
637.11876
637.12192
637.12836
637.13148
637.48248
638.12284
638.14368
638.31832
638.32092
638.38664
638.67864
638.87168
638.87484
638.88868
638.89164
639.10328
639.8192
639.95872
640.05884
640.15004
640.32904
641.00876
641.01104
641.02484
641.02832
641.04052
641.04248
641.31832
641.32108
641.64448
641.6478
641.67244
641.69996
641.74692
642.49792
642.50584
642.50848
642.621
642.6276
642.97864
643.70012
643.72692
643.7296
643.76156
643.7642
644.59748
644.6826
644.83276
644.83528
644.83848
645.25776
645.4112
645.422
645.44168
645.7148
645.71788
646.09844
646.10112
646.14192
646.32268
646.38444
646.38668
647.85876
648.08484
648.08784
648.9158
648.91872
648.95396
649.155
649.15728
649.16096
649.17064
649.20912
649.78168
649.96912
649.97192
650.36872
650.74296
650.93436
650.9366
650.95728
651.56956
651.5842
651.92184
651.97304
652.642
652.98036
652.98372
653.43748
653.76232
653.92172
653.93204
654.03104
654.03792
654.1752
654.49688
654.50056
654.65012
654.71044
654.7168
654.7226
655.32456
655.48692
655.48896
655.76
655.763
655.82512
655.88824
656.08436
656.08712
656.10708
656.11288
656.53884
657.23908
657.35384
657.36364
657.42384
657.4264
657.48832
658.06008
658.06656
658.33432
658.6746
658.68424
658.68676
658.76584
658.773
659.0686
659.0812
660.29196
660.2958
660.29832
660.3168
660.52916
660.53672
660.70052
660.70968
661.71828
661.72108
661.74188
661.91788
661.92048
662.0076
662.06976
662.4766
663.1394
663.14652
663.14936
663.16732
663.22528
663.90676
663.90948
664.05064
664.05292
664.05808
664.77032
664.77416
664.99752
664.99984
665.5678
665.80344
665.81608
665.83724
666.0628
666.36732
666.3962
666.77044
666.7728
667.28996
667.31716
667.32036
667.62048
667.70632
667.70976
667.868
667.8706
668.33188
668.33464
668.76456
669.13404
669.14136
669.4768
669.4852
669.48792
670.12328
670.12584
670.19428
670.33772
670.33996
670.3508
670.87864
670.881
670.88432
671.83712
671.8398
671.95204
671.95476
672.04556
672.04944
672.07288
672.07564
672.853
673.022
673.02472
673.03084
673.03404
673.03744
673.08148
673.08452
673.31752
673.3202
673.5964
673.5992
673.65052
673.65332
673.7532
673.9574
674.61404
674.8704
674.87392
675.53792
675.5444
675.73916
675.78224
675.78496
676.05884
676.06188
676.22624
676.2286
676.251
676.33928
676.34508
676.9048
677.58708
678.05816
678.07488
678.07792
678.32092
678.32384
678.45388
678.45676
678.60636
678.6662
678.85768
678.86032
678.90376
679.10828
679.13396
679.50348
679.7538
679.75688
680.2526
680.25552
680.46992
680.87668
680.87984
680.88376
681.46088
681.46368
681.99444
681.99692
682.48564
682.49104
683.28364
683.2864
683.99368
684.07056
684.07332
684.22912
684.35676
684.60628
684.84752
684.85072
685.338
685.4176
685.42048
686.02684
686.05852
686.0612
686.99752
687.00504
687.00792
687.04088
687.08812
687.2878
687.30552
687.7838
687.78644
688.57308
688.57544
688.57916
689.25972
689.26356
689.26628
689.74808
689.75056
689.8542
689.93732
690.30848
690.3148
690.31756
690.33236
690.97728
690.98804
690.9912
690.99396
691.06248
691.25704
691.52628
691.61248
691.6162
692.42172
692.425
692.4346
692.43776
693.10316
693.10828
693.113
693.4498
693.69812
694.07508
694.2014
694.54924
694.75748
694.76
694.76356
694.93304
694.936
694.93944
695.36872
695.37572
695.37916
695.58908
695.97856
697.16704
697.1692
697.17216
697.2116
697.3472
697.3498
697.88896
697.89188
698.39396
698.39684
698.51484
698.51744
698.52
698.75784
699.1048
699.10724
699.71068
699.77928
699.86952
699.88004
700.34888
700.75396
700.76244
701.1404
701.14272
701.357
701.51116
702.12296
702.12568
702.34004
702.34904
702.86592
702.86996
702.88456
702.8872
702.90856
703.07892
703.0896
703.09228
703.83704
703.97372
703.97604
704.06104
704.06372
704.07376
704.41376
705.03268
705.04652
705.04904
705.0852
705.08824
705.099
705.2206
705.324
705.3274
705.59836
705.68644
705.7834
706.0596
706.67648
707.08924
707.2534
707.26324
707.27196
707.27552
707.32328
707.92372
707.92628
708.37552
708.3778
708.41572
708.46428
708.59568
709.2616
709.26432
710.33172
710.33556
710.60836
710.62484
710.71808
710.87512
710.9382
711.07176
711.53356
711.5368
711.74784
711.7518
711.7678
711.77056
712.05944
712.28316
712.28576
712.79336
713.02964
713.0438
713.04692
713.0498
713.06764
713.94272
713.94556
714.5484
714.55108
714.59212
714.81624
715.36008
715.36252
715.37852
715.381
716.0704
716.07328
716.32488
716.32744
716.3462
716.84172
717.40664
717.51376
717.51608
717.51916
717.54828
717.55112
717.77472
717.78736
718.19896
718.93508
718.93756
718.95784
719.36436
719.37636
720.15156
720.15472
720.35168
720.54056
720.57864
720.58152
720.70068
720.87188
720.89416
720.89744
720.94896
721.11244
721.3626
722.0702
722.07484
722.20156
722.20364
722.47172
722.73632
723.2798
723.29196
723.47652
723.5096
723.71376
723.83172
724.0282
724.06904
724.12168
724.12472
724.57192
724.57472
725.22812
725.231
725.74044
725.74332
726.24992
726.38712
726.39808
726.80668
726.82048
726.82284
726.9956
726.99892
727.01252
727.01524
727.37456
727.37832
727.40624
727.558
727.56044
727.74572
727.74872
727.94272
728.39408
728.82224
729.08228
729.25096
729.25356
729.34924
729.35188
729.46448
729.46868
729.80976
730.33732
730.3886
730.40008
730.5254
730.9064
730.96332
731.29892
731.31964
731.32244
731.62072
731.62316
732.32344
732.3264
732.37276
732.37496
732.72092
732.73096
732.78484
733.1332
733.13884
733.48896
733.91468
734.11376
734.31632
734.31936
734.32232
734.35192
734.90204
734.90476
735.09664
735.10068
735.83944
735.84224
735.95452
735.95692
736.07336
736.26632
736.51032
736.51892
737.02996
737.05112
737.09716
737.32816
737.60972
737.61216
737.93976
738.18616
738.18916
739.01872
739.02212
739.09808
739.63676
739.63992
739.66428
739.75764
739.77068
740.2634
740.28388
740.28796
740.78744
740.78984
740.98908
740.99172
740.9974
741.372
741.37776
741.39768
741.85192
742.13668
742.13916
742.15032
742.15284
742.4376
742.4412
742.5854
742.77448
742.78956
742.7926
743.1734
743.17652
743.96728
743.98948
744.00692
744.049
744.05192
744.08432
744.89456
744.89868
744.90112
745.0538
745.5426
745.6232
745.68564
745.84428
745.87396
745.90932
746.05136
746.05532
746.05892
746.08212
746.70548
746.8592
746.86196
747.24956
747.25236
747.48724
747.65116
747.755
748.43964
748.48168
748.48468
748.57476
748.58252
748.8724
749.0182
749.02132
749.09768
749.5174
749.52012
749.63104
749.91444
749.91732
750.1386
750.42716
750.42996
750.4484
750.45136
750.69936
750.70272
751.05152
751.067
751.06916
751.13332
751.13876
751.15772
751.5254
751.65436
752.10232
752.10496
752.38508
752.3876
752.5104
752.51284
752.51584
752.81968
753.11888
753.12204
753.2118
753.21468
753.48772
754.36124
754.36452
754.43264
754.4356
754.50852
754.51076
754.92852
755.21412
755.24804
755.25104
755.25492
755.2694
755.31844
755.32144
755.58772
756.83168
756.84524
756.85192
757.43488
757.43928
757.44144
757.7368
757.74356
757.982
758.00548
758.154
758.552
758.55816
758.82396
758.83536
759.42384
759.95124
759.95384
759.99456
759.99768
760.0108
760.3266
760.73176
760.73436
760.9986
761.00944
761.0124
761.51504
761.87404
761.87664
762.37848
762.38764
762.40708
762.7384
762.74124
762.76036
762.77192
763.31052
763.72884
763.8726
763.87544
764.15676
764.333
764.7654
764.79312
764.7954
765.13904
765.4892
765.49516
765.50592
765.7542
765.937
766.12856
766.1326
766.2968
766.31196
766.31544
766.37836
766.88792
766.89112
766.89432
766.9288
767.1182
767.22896
767.83584
767.843
767.84596
767.95612
767.97088
768.05804
768.07156
768.08192
768.08572
768.55096
769.03828
769.06536
769.0702
769.07848
769.32496
769.32752
769.60072
769.6052
769.61512
769.679
769.91364
770.15304
770.37328
770.66212
770.66496
771.04232
771.19304
771.1958
771.26984
771.55764
772.00428
772.36296
772.36824
772.5614
772.60224
772.60564
773.15628
773.3224
773.78544
774.26276
774.27736
774.2802
774.78224
775.00648
775.0092
775.02136
775.57868
775.82708
776.58312
776.58548
776.59616
776.7652
777.34768
777.35108
777.354
777.3702
777.60356
777.76688
777.77228
778.13196
778.2362
778.24692
778.45604
778.45884
778.48072
778.63144
778.98056
779.21992
779.45724
779.55336
779.61968
780.25728
780.26772
780.33056
780.35772
780.36144
780.365
780.45852
780.58116
781.39712
781.45616
781.47844
781.48132
781.80952
782.43188
782.43412
782.59064
782.70528
783.44128
783.56516
783.56808
783.58088
783.89064
783.89408
784.02792
784.4802
784.94416
785.1044
785.10792
785.1562
785.33048
785.33304
785.5546
785.82524
786.33668
786.62404
786.65492
786.83788
788.44196
788.44668
788.4496
788.92148
788.92796
788.93044
788.94168
788.99776
789.92224
789.93172
789.93452
790.16296
790.16528
790.16884
790.18536
790.48064
790.63148
790.97964
791.49856
791.50096
792.31492
792.3184
792.44048
792.44308
792.56904
792.83412
793.19048
793.19316
793.2434
793.6066
793.81304
793.99172
793.99488
794.34284
794.38644
794.52256
794.53524
794.73576
794.73904
794.77076
795.08568
795.31624
795.87552
795.88456
796.16268
796.32476
796.32792
796.33832
796.81172
796.81432
796.81732
796.93724
797.14876
797.15252
797.4964
797.53508
798.14536
798.1482
798.33796
798.34044
798.3632
798.8804
798.88384
798.90232
798.94928
799.1244
799.12752
799.81976
799.84484
799.84788
799.96792
800.07012
800.07284
800.08836
801.0398
801.04528
801.0656
801.0752
801.07776
801.61112
801.61972
801.66804
801.67052
801.6736
801.70128
801.94616
802.68896
802.69132
802.73452
802.98832
803.61008
803.759
804.28868
804.29152
804.31164
804.55008
804.66592
804.75664
804.7596
805.2064
805.22384
805.6848
805.68836
805.83948
805.84244
805.846
806.1948
806.22852
806.57088
806.99892
807.1822
807.52244
807.654
808.03996
808.4372
808.62204
808.7206
808.72648
808.72932
808.7454
809.40504
809.5288
809.5314
809.55672
810.07904
810.08172
810.64424
810.6468
810.83428
810.8368
811.08372
811.08644
811.09392
811.09692
811.10504
811.22304
811.22828
811.23112
811.34508
811.37048
811.53652
811.93972
811.95732
811.96028
812.48828
812.49564
812.52688
813.49044
813.49396
813.57716
813.57976
813.59028
813.95124
813.96248
814.6084
815.1464
815.3154
815.33172
815.77908
816.15328
816.32028
816.47696
816.47968
816.60708
816.6408
816.681
817.27208
817.27488
817.47812
817.73952
817.77016
817.82736
817.93792
817.94312
817.961
818.0704
818.07292
818.53548
818.6022
818.62768
818.63104
818.7324
818.73536
818.98968
819.45224
819.4812
819.522
819.5468
819.81
819.82556
820.244
820.53932
820.68944
820.69336
820.90848
821.2702
821.4882
821.59988
821.87124
822.19888
822.20188
822.20448
822.22628
822.27036
822.31816
822.87756
822.87968
823.0362
823.8508
824.2794
824.31272
824.40664
824.41168
824.4328
824.9854
824.98972
825.02976
825.15684
825.15916
825.17044
825.58852
825.94676
825.94924
825.95216
826.33748
826.36872
826.37156
826.52232
826.52476
826.53824
826.54088
826.59772
826.76244
827.09172
827.09408
827.30384
827.30604
827.45528
827.729
827.73156
827.89112
827.8936
828.15904
828.169
828.3354
828.347
828.80456
829.07604
829.1336
829.1358
829.36752
829.37352
829.50296
830.15368
830.30216
830.36016
830.36276
830.39284
830.88284
830.89484
830.95728
830.96428
831.08952
831.83064
831.833
831.8672
831.8714
831.95748
832.06292
832.07876
832.3418
832.74144
833.0468
833.06456
833.07052
833.08864
833.10016
833.22264
833.33244
833.60572
833.60844
833.61716
833.67208
833.69028
834.40204
834.4048
834.6268
834.62908
834.63148
834.74128
834.74372
834.78124
834.8202
835.65648
835.65912
835.78188
835.87384
835.87628
836.18552
836.21556
836.4534
836.5584
836.60348
836.80668
836.80976
836.88476
836.8876
837.07364
837.09644
837.76444
837.882
837.931
838.52492
838.74164
838.80188
838.83812
839.02928
839.17308
839.56796
839.57032
840.07752
840.55136
840.5542
840.60172
840.92252
841.03156
841.08116
841.08412
841.11564
841.1842
841.54896
841.5876
841.83164
841.83424
841.84984
842.1614
842.25524
842.50248
842.80504
842.8078
842.98756
842.99004
843.01204
843.015
843.15452
843.15716
843.1684
843.27388
843.3724
843.37516
843.56892
843.72112
843.72352
844.24584
844.24848
844.74624
844.8388
844.98828
845.47792
845.65764
845.7082
845.71072
845.7562
845.7596
845.8972
845.90016
846.15588
846.15824
846.82996
846.92272
846.92504
847.27672
847.28596
847.55224
847.55472
847.64104
847.64356
848.23372
848.69196
848.69432
848.77848
848.80608
848.86292
848.95584
849.3328
849.78888
849.79144
849.81036
849.9446
850.31244
850.43312
850.44136
850.48912
850.806
850.81332
850.96684
851.47184
851.47464
851.58456
851.76684
851.77036
852.06268
852.08036
852.08296
852.15736
852.1602
852.4596
852.47308
852.82816
852.92216
852.9248
853.72288
853.82928
853.83184
854.48404
854.51248
854.62792
855.12396
855.1456
855.14876
855.53108
855.53584
855.5386
855.60824
856.07076
856.46516
856.47716
856.5408
856.55692
856.5636
856.78612
856.78968
856.98464
856.98732
857.3402
857.3434
857.40252
857.4052
857.5968
857.7804
857.79488
857.8368
858.37832
858.382
858.52696
858.7908
859.13216
859.31224
859.31524
859.72056
859.87348
859.89044
860.09684
860.3372
860.77512
860.77988
861.15252
861.35656
861.50156
861.50448
862.11952
862.12208
862.1492
862.1532
862.35376
862.35616
862.36432
862.36772
862.40504
862.7628
862.87956
862.8866
862.92812
863.1014
863.10464
863.84284
863.98144
863.98448
864.0632
864.066
864.08228
864.08508
864.62944
865.03856
865.04108
865.04428
865.0476
865.06988
865.2426
865.33008
865.3372
865.34032
865.60168
865.60484
865.6358
865.67712
865.68432
866.67248
866.67556
866.81212
866.8146
866.91468
866.939
867.0272
867.03072
867.03372
867.38632
867.39672
867.39916
867.42952
867.5718
867.57456
867.6016
868.03768
868.05616
868.2306
868.24304
868.48892
868.51928
868.5216
868.61632
868.61904
868.93708
869.46432
869.72952
869.75224
869.93912
870.48304
870.81496
870.82208
870.82584
870.8616
871.23748
871.62736
871.827
871.82936
872.10748
872.11024
872.14144
872.85956
872.89244
872.91148
872.9314
872.94412
873.3516
873.58432
873.5874
874.1924
874.19488
874.4382
874.45208
874.45504
874.60868
874.67284
874.78708
874.78956
875.51016
875.86068
875.86352
875.86908
875.87192
875.90228
875.90808
876.40276
876.40652
876.41088
876.41224
876.46156
876.52664
876.64452
876.64728
877.28868
877.45892
877.46128
877.57344
877.5758
877.7884
877.79928
878.24712
878.24996
878.33976
878.49356
878.52412
878.80676
878.80924
878.95968
878.96292
879.37024
879.37308
879.50596
879.5084
879.56084
879.60988
879.6124
879.61512
879.82424
879.82776
879.83188
880.41916
880.84512
880.8478
880.8798
880.9258
881.06684
881.06984
881.07248
881.49156
881.49504
881.80064
881.80344
881.9324
882.02952
882.0318
882.17408
882.24636
882.85888
883.08024
883.3652
883.71912
883.73944
883.82104
883.82388
883.93892
883.97188
884.116
884.12388
884.5472
884.84328
884.99632
884.99876
885.37456
885.43848
885.44172
885.45496
885.47224
885.70164
885.71836
885.72128
885.96296
886.3188
886.58272
886.78632
887.00592
887.00884
887.49992
887.50284
887.69144
887.84416
887.84668
887.85052
888.0036
888.14108
888.14348
888.47368
888.4762
888.49708
888.74892
888.7516
888.7546
888.90844
889.0702
889.38604
889.5576
889.57128
889.58448
889.58668
889.83216
889.83748
890.41324
890.41604
890.50648
890.53432
890.76004
890.76268
891.3074
891.45648
891.63436
891.63756
891.89104
891.89376
892.03696
892.15892
892.1622
892.33452
892.78012
893.1382
893.15016
893.50268
894.12864
894.13156
894.13476
894.35748
894.36008
894.36604
894.38508
894.8844
894.88908
894.89264
895.1078
895.58008
895.85044
895.853
895.97296
895.97568
896.0644
896.08348
896.08788
896.092
896.3234
896.3278
896.46544
897.04184
897.04724
897.06852
897.08148
897.34828
897.61516
897.62236
897.68064
898.01756
898.16548
898.57184
898.57652
898.57996
898.77596
898.77904
898.98604
898.98932
899.11988
899.12328
899.1376
899.14156
899.5516
899.70684
899.70916
900.13444
900.13756
900.14976
900.1526
900.23536
900.32048
900.3276
900.75136
900.90596
901.31648
901.42244
901.42504
902.15168
902.18456
902.18716
902.28908
902.30176
902.58328
903.3028
903.30528
903.34008
903.36476
903.36936
903.53604
903.53904
903.96012
904.02244
904.02468
904.71928
904.77036
904.92368
905.02108
905.05924
905.55108
905.81404
905.81644
905.81912
905.88832
906.54188
906.78536
906.78816
906.82988
906.83236
907.21388
907.23992
907.24284
907.28884
907.29228
907.30736
907.3138
907.34936
907.65308
907.65584
908.53004
908.5352
908.53832
908.89408
908.91628
908.96316
909.10264
909.11136
909.1168
909.11976
909.39784
909.8044
909.94248
910.2666
910.29028
910.29564
910.784
910.86108
910.86964
910.87228
911.38916
911.39208
911.39576
911.46036
911.70604
911.70956
912.133
912.49564
912.49852
912.50296
913.41768
913.58488
913.60904
913.61156
913.8094
913.81248
913.85604
913.87416
914.02384
914.02624
914.05604
914.13228
914.88432
914.89668
915.49292
915.49548
915.82396
916.63184
916.71376
917.04812
917.36836
917.37084
917.49944
918.04108
918.04796
918.05108
918.40752
918.41268
918.62172
918.62492
918.89624
918.89948
918.93808
919.22868
919.45756
919.46008
919.47396
919.54616
919.92608
919.9882
920.0078
920.25044
920.57432
920.58184
920.5848
920.87684
921.104
921.1938
921.54236
921.55684
921.67684
921.8338
921.83628
921.86828
922.405
922.53024
922.7734
923.33152
923.3342
923.74636
923.74932
923.88428
923.88672
924.0536
924.202
924.33988
924.3598
924.50656
924.75996
924.76308
924.80144
925.1564
925.1588
925.50976
926.1402
926.14256
926.30424
926.37632
926.37948
926.49576
926.69644
926.89892
926.90156
926.91808
926.9716
927.09484
927.1558
927.84444
927.84916
927.8624
927.86516
927.9754
927.97832
928.0686
928.07112
928.08372
928.11048
928.35756
928.53396
928.53664
929.00936
929.03196
929.03464
929.33408
929.34164
929.34652
929.60832
929.62728
929.63028
929.69772
929.70028
930.46544
930.48488
930.48748
930.55392
930.55728
930.69172
930.84816
931.08368
931.08752
931.60536
931.608
931.72312
931.7728
932.20416
932.39676
932.52748
932.53024
932.56136
932.7548
932.90724
932.91152
933.14728
933.52712
933.52996
933.53296
933.62676
933.62984
933.73876
933.94356
934.01996
934.04024
934.12776
934.57348
934.59556
934.7948
934.81768
934.83784
934.87904
935.1492
935.48064
935.91128
935.91464
936.01128
936.01392
936.53744
936.54104
936.55408
936.5566
936.83856
936.94576
936.94876
937.09236
937.09524
937.1076
937.45748
937.889
937.97444
937.97684
938.1036
938.2644
938.29048
938.30536
938.4476
938.64284
938.67532
938.9958
939.17036
939.3002
939.303
939.33116
939.3338
939.60852
939.61136
939.69256
939.84132
939.8548
939.87336
940.569
940.86664
940.98456
941.41876
941.42136
941.48392
941.4868
941.49
941.76036
941.76256
941.77392
941.9514
941.9542
941.95808
942.0086
942.55304
942.82124
942.82396
942.99484
943.15552
943.15872
943.92656
943.92948
943.9472
943.95
944.08204
944.14856
944.15584
944.78896
944.9342
944.93836
944.96916
944.972
945.18972
945.19304
945.62512
945.64856
945.74304
945.74568
945.83436
946.03748
946.04012
946.2686
946.48188
946.50808
947.39584
947.57312
947.84536
947.84804
947.85104
947.86828
947.87128
948.05208
948.57024
948.68344
948.71116
948.71448
949.2488
949.31076
949.31348
949.31648
949.53448
949.9846
950.07656
950.07932
950.67492
951.03572
951.04524
951.06972
951.35744
951.63376
951.63936
951.96668
952.93296
952.93544
952.94864
952.9512
952.9588
953.00572
953.40584
953.44596
953.449
953.83624
953.83872
953.84128
953.85596
953.8588
954.35676
954.54716
954.74108
954.99848
955.32032
955.35048
955.73552
955.88244
956.34816
956.3506
956.80684
957.15908
957.25768
957.52156
957.53584
957.75568
957.75844
958.15104
958.29728
958.29976
958.38044
958.88568
958.88984
958.91748
959.13696
959.13972
959.8514
959.97828
960.08508
960.0878
960.361
960.5386
961.03368
961.05728
961.06048
961.07768
961.331
961.6166
961.64072
961.69436
961.70552
962.23644
962.2392
962.26304
962.31992
962.85432
962.8568
962.88784
962.89044
963.14972
963.16948
963.17244
963.2866
963.69372
963.96208
963.96524
963.97768
963.9812
964.44136
964.47248
965.11744
965.11996
965.31872
965.32132
965.44936
965.85876
965.86148
966.09088
967.2304
967.25548
967.2634
967.26748
967.40588
967.40956
967.50256
967.50952
967.70776
967.71068
967.71696
968.11152
968.11604
968.51776
968.52028
968.52384
968.67532
969.27352
969.28772
969.29128
969.8128
970.15384
970.28296
970.28544
970.759
970.7618
970.76456
971.28072
971.28404
971.60368
971.60956
971.66516
971.73348
971.73816
971.93492
971.93932
971.9888
971.99136
972.02524
972.34464
972.34812
972.38336
972.38684
972.57988
972.75596
972.7686
972.7714
973.2408
973.52972
973.53216
973.53524
973.99688
974.00004
974.14776
974.15044
974.20432
974.51384
974.51636
974.519
974.939
975.1134
975.1156
975.277
975.2796
975.41272
975.41584
975.44192
975.81764
975.82008
976.32924
976.33168
976.91328
976.91728
976.92008
976.92284
976.9502
977.45824
977.47468
977.47904
977.8218
977.84644
978.76512
978.76772
978.96792
978.97496
978.97876
978.99244
979.10504
979.62152
979.6944
980.23088
980.2338
980.31876
980.33248
980.34416
980.57404
980.59656
980.93628
981.14084
981.14364
981.15628
981.40436
981.4068
982.01092
982.01352
982.40324
982.53736
982.98224
983.33944
983.34188
983.54572
983.55048
983.5956
983.68716
983.7422
983.745
983.93748
983.95012
983.95344
984.54548
984.54804
984.58212
984.58684
984.90612
984.97844
984.98088
985.20448
985.21228
985.64072
985.64288
986.01936
986.36888
986.37184
986.40876
986.75428
987.16992
987.20488
987.32824
987.65992
987.79644
987.88488
988.35104
988.77668
988.77928
988.8208
989.15004
989.15312
989.512
990.14312
990.15124
990.32512
990.3284
990.3652
990.36776
990.51332
990.89696
990.90252
990.92036
991.70948
991.8564
991.86272
991.86508
991.97852
991.98908
991.9942
992.08384
992.09388
992.22312
992.57284
993.0404
993.06536
993.08252
993.23256
993.335
993.63108
993.64512
993.66156
993.8436
994.28024
994.45216
994.97
994.99424
994.9996
995.2338
995.55332
995.76316
995.93096
995.93364
995.9384
995.94188
995.96124
996.06976
996.0858
996.09824
996.26948
996.5034
996.63016
996.64072
997.07556
997.08076
997.17624
997.54228
997.54508
997.78332
997.80872
998.0292
998.47424
998.71312
999.12072
999.1262
999.12932
999.29108
999.29356
999.83552
999.83988
999.86832
999.8718
1000.1
1000.10936
1000.11256
1000.6698
1000.67216
1000.9222
1000.94652
1000.94976
1001.061
1001.2158
1001.21832
1001.87308
1002.08432
1002.20704
1002.20956
1002.60872
1002.61424
1002.7818
1002.78444
1002.81416
1003.88772
1003.89032
1003.94776
1003.97744
1003.98116
1003.98852
1004.6024
1004.93672
1005.1538
1005.15636
1005.4508
1005.46172
1005.72468
1005.90116
1006.10992
1006.1128
1006.13548
1006.73452
1007.08932
1007.09184
1007.41836
1007.42108
1007.69336
1007.88072
1007.99276
1008.19404
1008.37736
1008.68236
1008.6846
1008.91368
1008.91628
1008.95696
1009.20112
1009.20496
1009.21672
1009.63336
1010.19272
1010.19688
1010.19984
1011.0674
1011.15756
1011.26136
1011.52072
1011.57728
1011.58244
1011.58512
1012.3696
1012.3748
1012.75396
1012.7572
1012.76708
1012.78472
1012.78776
1012.80616
1012.837
1013.36124
1013.4104
1013.41324
1013.89316
1013.89568
1014.09368
1014.1082
1014.39624
1014.81484
1015.21356
1015.6978
1015.71996
1016.11768
1016.12032
1016.14864
1016.15108
1016.16532
1016.172
1016.42548
1016.42916
1016.4318
1016.78932
1016.80368
1016.80648
1016.87364
1016.8982
1017.45668
1017.94092
1018.35632
1018.35988
1018.44492
1018.44788
1018.57696
1018.77232
1018.77548
1019.326
1019.32944
1019.74796
1019.89436
1019.8968
1020.17228
1020.37436
1020.41784
1020.78284
1020.95136
1021.147
1021.1586
1021.50996
1021.75752
1021.7606
1022.0002
1022.14408
1022.33708
1022.35636
1022.8924
1022.90732
1023.06656
1023.39192
1024.07392
1024.07656
1024.0792
1024.08256
1024.11052
1024.3418
1025.0548
1025.359
1025.62004
1025.62308
1025.6368
1025.6962
1025.70128
1026.03544
1026.341
1026.34352
1026.4662
1026.58352
1026.5994
1026.60248
1027.014
1027.01632
1027.25128
1027.25392
1027.35964
1027.4466
1027.44952
1027.93968
1028.71784
1028.7764
1029.2276
1029.22996
1029.58904
1029.60128
1029.60376
1029.75724
1029.8714
1030.4328
1030.43528
1030.4778
1030.48088
1030.48348
1030.48616
1030.50512
1030.99732
1031.67564
1031.67832
1031.74984
1031.75268
1031.77936
1031.78216
1032.15104
1032.15372
1032.23356
1032.23628
1032.623
1032.62568
1032.65236
1032.65496
1032.88516
1033.09752
1033.10016
1033.62616
1033.7782
1034.06516
1034.63984
1034.64888
1034.65292
1034.68356
1034.99124
1034.99336
1035.17068
1035.197
1035.7354
1035.73776
1035.98028
1036.12088
1036.44188
1036.47212
1036.67328
1036.67564
1037.55136
1037.554
1037.87444
1038.68692
1039.71828
1039.72276
1039.83336
1039.83616
1039.84224
1040.22892
1040.2432
1040.24588
1040.62276
1040.63868
1041.20556
1041.21032
1041.49308
1041.4954
1041.78948
1041.7922
1041.94324
1041.94556
1041.948
1042.72852
1043.27972
1043.56104
1043.56468
1043.69524
1043.69784
1043.92696
1043.92996
1044.36524
1044.36776
1044.38596
1044.39228
1044.45128
1044.45784
1044.90664
1044.90924
1044.97228
1045.00336
1045.00596
1045.58956
1045.6888
1045.69464
1046.2896
1046.31208
1046.31456
1046.318
1046.37728
1046.89128
1046.89364
1046.89736
1046.9772
1046.9802
1047.00136
1047.00432
1047.139
1047.81136
1047.8148
1047.84996
1047.8528
1048.0228
1048.76808
1049.39888
1049.40552
1049.6574
1049.9226
1049.99832
1050.41532
1050.535
1050.67448
1050.75908
1051.33488
1051.33736
1051.49576
1051.89632
1051.89908
1051.9838
1052.36672
1052.36912
1053.15588
1053.15968
1053.1686
1053.80236
1053.94728
1054.13908
1054.34424
1054.3484
1054.45528
1054.4578
1054.89992
1054.92612
1054.92844
1055.84744
1055.988
1055.99044
1055.99292
1056.0734
1056.08976
1057.0444
1057.08568
1057.1214
1057.12776
1057.34432
1057.34768
1057.62216
1057.62456
1057.68268
1057.6924
1057.6952
1058.07832
1058.17572
1058.17888
1058.1826
1058.701
1058.70396
1059.01236
1059.14212
1059.14464
1059.148
1059.15088
1059.58908
1059.93964
1059.9592
1060.01788
1060.22912
1060.37732
1060.3802
1060.96264
1060.99128
1061.239
1061.25984
1061.26264
1062.5098
1062.51556
1062.51856
1062.5676
1062.95136
1062.96012
1062.98268
1063.0316
1063.08304
1063.26628
1063.26864
1064.7576
1064.77388
1064.7862
1064.8786
1065.0054
1065.00872
1065.02504
1065.03084
1065.05976
1065.671
1065.98892
1066.91564
1066.92536
1067.065
1067.83172
1067.83556
1067.87648
1067.87904
1067.98728
1067.99076
1068.0102
1068.07384
1068.11104
1068.69684
1069.26844
1069.3204
1069.56172
1069.664
1069.8406
1069.843
1069.84588
1069.98352
1070.3302
1070.8736
1070.87892
1070.88196
1070.91016
1071.1194
1071.31148
1071.31392
1071.34892
1071.41516
1071.41772
1071.42688
1072.0804
1072.41496
1072.41732
1072.68728
1072.92212
1072.92516
1073.22556
1073.22832
1073.68676
1073.69448
1073.72576
1074.28188
1074.2858
1074.75396
1074.75668
1075.17412
1075.20576
1075.20824
1075.21088
1075.35776
1075.45172
1075.45404
1075.4568
1075.5814
1075.58388
1075.75624
1075.95056
1075.97616
1076.50584
1076.50888
1076.55156
1076.55532
1077.1166
1077.29024
1077.99104
1077.9938
1078.52888
1078.82952
1078.8714
1078.87656
1079.01692
1079.192
1079.19616
1079.28256
1079.49464
1079.532
1079.6226
1080.14432
1080.31276
1080.48508
1080.50488
1080.50748
1080.77856
1080.78112
1081.00988
1081.0144
1081.3434
1081.34644
1081.55056
1081.63728
1081.64004
1081.64296
1081.84112
1081.92264
1082.4316
1082.78808
1082.7906
1083.32156
1083.342
1083.75792
1083.89352
1083.89644
1084.296
1084.36424
1084.4826
1084.83448
1084.83728
1085.0308
1085.17844
1085.18112
1085.53168
1085.53424
1085.53708
1086.38004
1086.38292
1086.6946
1086.90976
1086.9184
1087.11764
1087.97388
1087.97648
1087.99164
1087.9942
1088.08908
1088.09156
1088.206
1089.07212
1089.07872
1089.09804
1089.3668
1089.64076
1089.67268
1089.704
1089.7064
1090.07484
1090.8046
1091.0466
1091.14024
1091.16108
1091.16344
1091.30048
1091.76496
1091.76732
1091.77048
1092.04444
1092.04692
1092.25932
1092.33224
1092.78544
1092.80908
1092.81348
1093.41424
1093.41636
1093.42748
1093.78848
1093.82256
1093.9098
1094.34068
1094.72572
1094.72848
1094.74776
1094.77792
1094.89068
1094.89328
1094.93092
1095.26976
1095.5454
1095.557
1095.92232
1096.11688
1096.11952
1096.32276
1096.63044
1096.64652
1096.7388
1096.74196
1097.02496
1097.1116
1098.00752
1098.0326
1098.59732
1099.29164
1099.7664
1100.0854
1100.08852
1100.0912
1100.70068
1100.70296
1101.09752
1101.10828
1101.11376
1101.13548
1101.45188
1101.61064
1101.95208
1101.95448
1102.34632
1102.35556
1102.74304
1102.74588
1102.74852
1102.8856
1103.07336
1103.07628
1103.87452
1103.87668
1103.95752
1103.98736
1104.1778
1104.30812
1104.51188
1104.51412
1104.51688
1104.68064
1104.75096
1104.76608
1104.97832
1105.07928
1105.08316
1105.42472
1105.71696
1105.7198
1105.74968
1106.3434
1106.3462
1106.52488
1106.74276
1106.94572
1106.96108
1106.97368
1107.36152
1107.37948
1107.64564
1107.64876
1108.23152
1108.2342
1108.28032
1108.4952
1108.49784
1109.23748
1109.2398
1109.31868
1109.32236
1109.35408
1109.99976
1110.00292
1110.15224
1110.29332
1110.41492
1110.41744
1110.48936
1110.52212
1110.84752
1111.24756
1111.32292
1111.32544
1112.02528
1112.05004
1112.08216
1112.65444
1113.2746
1113.27756
1114.02348
1114.02596
1114.4134
1114.41588
1114.56844
1115.74348
1115.9074
1116.07908
1116.19824
1116.36116
1116.36484
1116.78288
1116.7852
1117.17372
1117.17656
1118.17792
1118.32064
1118.32352
1118.36852
1118.41988
1118.90304
1118.92428
1118.9276
1119.99316
1120.09528
1120.09764
1120.10024
1120.10448
1120.27004
1120.7204
1121.0344
1121.06788
1121.07084
1121.11024
1121.11332
1121.34916
1121.63744
1121.6404
1121.6832
1122.18872
1122.19176
1122.19488
1122.24728
1122.25644
1122.307
1122.89616
1122.93636
1123.23504
1123.82252
1123.85524
1123.85812
1123.92688
1125.1856
1125.28152
1125.28404
1125.30528
1125.30824
1125.35528
1125.66972
1125.6728
1125.92016
1125.92264
1125.9928
1126.268
1126.87852
1126.88092
1126.99184
1127.07184
1127.21176
1127.26012
1127.89848
1127.93812
1127.9408
1128.11424
1128.11672
1128.21224
1128.21548
1128.2204
1128.2238
1128.32276
1128.32696
1128.51988
1128.82184
1128.82604
1129.12772
1129.24416
1129.25432
1129.49472
1129.49796
1129.63816
1130.42672
1130.43
1130.47704
1130.65676
1130.70488
1130.93764
1131.19752
1131.75328
1131.75568
1131.75888
1131.85028
1131.85276
1132.72888
1132.73136
1133.06868
1133.07128
1133.07456
1133.23688
1133.23928
1133.33916
1133.8832
1133.889
1134.2502
1134.2558
1134.32864
1134.33144
1134.50756
1134.72676
1134.92824
1135.90448
1136.12816
1136.13064
1136.19352
1136.19624
1136.37912
1136.3818
1136.61616
1136.6194
1136.96528
1137.077
1137.35764
1137.61048
1137.61336
1138.26732
1138.29448
1138.29712
1138.62664
1138.63
1138.89768
1138.95224
1139.26824
1139.27028
1139.274
1139.61276
1139.63556
1139.99992
1140.00312
1140.41672
1140.41912
1140.4222
1140.42956
1140.52168
1140.77712
1141.0832
1141.09892
1141.1022
1141.91972
1141.95456
1141.99456
1141.997
1142.16572
1142.46076
1142.62036
1142.62284
1142.64568
1143.54428
1143.54716
1143.56424
1143.89132
1143.89572
1144.0364
1144.8398
1144.84296
1144.846
1144.86604
1144.90452
1144.90908
1145.2774
1145.4052
1145.40868
1145.41112
1145.77796
1145.78368
1146.57552
1146.77684
1147.32944
1147.86348
1147.8974
1147.9
1147.91008
1148.1916
1148.375
1148.37752
1148.79892
1148.80336
1149.16728
1149.38268
1149.38516
1149.53636
1149.82336
1149.8264
1149.82904
1150.15764
1150.16468
1150.37344
1150.37692
1150.91168
1150.91476
1150.93388
1151.00384
1151.85356
1151.88576
1151.88828
1151.90344
1152.10884
1152.22952
1152.35008
1152.37784
1153.043
1153.04552
1153.06084
1153.06372
1153.09152
1153.11272
1153.2652
1153.63308
1153.63556
1153.66604
1154.05532
1154.75852
1154.76148
1154.8654
1154.86792
1155.52412
1155.63396
1155.63676
1155.85268
1155.85528
1156.03912
1156.04216
1156.35908
1156.36172
1156.43232
1156.4632
1156.49812
1156.54228
1157.14032
1157.14432
1157.3124
1157.786
1158.01372
1158.02436
1158.22184
1158.22508
1158.61072
1158.6132
1158.98
1159.18484
1159.19444
1159.51232
1159.5148
1159.952
1159.95456
1159.9604
1160.00296
1160.12664
1160.8462
1160.84952
1161.05984
1161.06284
1161.95424
1162.3522
1162.89004
1162.90304
1162.90552
1163.26632
1163.286
1163.28868
1163.33312
1163.33576
1163.87848
1164.32908
1164.54356
1164.54588
1164.54896
1164.87428
1164.87704
1165.05932
1165.28836
1165.325
1165.33616
1165.33876
1166.2366
1166.2422
1166.2534
1166.38908
1166.72348
1166.73288
1167.13576
1167.13828
1167.41396
1167.4212
1167.42388
1167.94636
1167.9586
1168.0194
1168.91384
1168.91632
1169.01684
1169.25212
1169.44396
1169.4744
1169.47756
1170.03444
1171.09548
1171.09872
1171.61028
1171.61724
1171.61948
1171.91704
1171.97732
1171.97948
1172.28944
1172.29204
1172.60804
1172.93812
1172.96604
1173.02092
1173.54436
1173.5574
1173.56028
1174.36212
1174.36512
1174.36816
1174.69956
1174.72236
1175.334
1175.33888
1175.36828
1176.0848
1176.08728
1176.11452
1176.11752
1177.043
1177.04576
1177.30156
1177.33052
1177.33324
1177.82612
1178.0332
1178.03576
1178.25888
1178.38184
1178.3844
1178.4204
1178.42336
1178.8082
1178.811
1179.2358
1179.6584
1179.74812
1179.75076
1179.9032
1179.90568
1180.18776
1180.36212
1180.365
1180.36784
1180.79448
1181.15848
1181.17124
1181.17416
1181.51912
1181.78136
1182.14856
1182.34468
1182.41964
1182.42388
1182.50856
1182.903
1182.9056
1182.93188
1183.11492
1183.11776
1183.59824
1183.68144
1183.85556
1183.993
1183.99568
1183.99864
1184.09168
1184.09376
1184.09668
1185.06736
1185.36924
1185.37184
1185.65416
1185.7072
1185.98908
1186.02536
1186.38988
1186.4746
1186.50744
1186.50996
1186.639
1186.64176
1187.0496
1187.05188
1187.08116
1187.47224
1187.47556
1187.50664
1187.70212
1187.7046
1188.36356
1188.42812
1188.4322
1188.91648
1188.93592
1188.93876
1189.12656
1189.12916
1189.8858
1190.26568
1190.42624
1190.47188
1190.66444
1190.67044
1190.87692
1191.2934
1191.296
1191.62324
1191.63168
1191.71012
1191.7132
1191.89724
1191.97792
1191.98044
1192.151
1192.3244
1192.78396
1192.7938
1192.87704
1192.87936
1193.02132
1193.02404
1193.25456
1193.52612
1193.52916
1194.22728
1194.25172
1194.26616
1194.72144
1194.72424
1195.08472
1195.09124
1195.1904
1195.19332
1195.218
1195.54276
1196.02984
1196.11872
1196.12208
1196.2618
1196.26444
1196.4856
1196.48932
1197.12232
1197.26748
1197.3752
1197.37748
1197.57792
1197.58112
1197.77692
1197.94912
1197.95176
1197.9544
1197.958
1197.9726
1198.23616
1198.27308
1198.38484
1198.39296
1198.40076
1198.67432
1198.86748
1198.9942
1199.27188
1199.28096
1199.28372
1199.66836
1199.6712
1199.7846
1199.78732
1199.95984
1199.96364
1200.2352
1200.24516
1200.2548
1200.25792
1200.27252
1201.5116
1201.51512
1201.52936
1202.44668
1202.79148
1203.27868
1203.28172
1203.28428
1203.311
1203.33476
1203.33784
1203.64832
1203.73652
1203.73932
1204.09496
1204.52744
1204.53028
1204.53504
1204.63456
1204.8638
1204.86648
1205.07044
1205.07276
1205.07952
1205.39816
1205.4116
1205.51016
1205.51324
1205.874
1206.28216
1206.87964
1206.89348
1206.96664
1207.39756
1207.40092
1207.40928
1207.5522
1207.5548
1207.745
1207.75028
1208.38672
1208.3998
1208.90608
1209.15872
1209.16184
1209.16424
1209.63288
1209.6358
1209.66772
1209.6702
1209.7802
1210.03696
1210.39188
1210.39432
1210.55164
1210.56276
1210.76544
1210.76784
1210.80916
1211.67376
1211.9048
1212.0228
1212.04344
1212.18748
1212.19024
1212.36592
1212.36852
1212.37168
1212.45572
1212.49336
1212.54072
1212.81968
1213.16524
1213.51672
1213.5224
1213.55724
1213.70376
1213.82908
1214.31628
1214.32044
1214.33396
1214.3366
1214.4036
1214.92296
1214.9486
1214.953
1215.00292
1215.85552
1215.86164
1215.8804
1215.88352
1216.00648
1216.00888
1216.09952
1216.117
1216.282
1216.6502
1217.07012
1217.08416
1217.11012
1217.36368
1217.36648
1217.65044
1217.65904
1217.68272
1217.686
1217.7268
1217.90876
1218.27352
1218.70624
1218.79524
1218.79788
1218.92152
1218.93136
1218.934
1219.04028
1219.32996
1219.3326
1219.3678
1219.41216
1219.4182
1220.54612
1220.54892
1220.57036
1220.58756
1220.63508
1220.63836
1220.72404
1221.06884
1221.07168
1221.21264
1221.60832
1221.61172
1221.6522
1221.65748
1221.83604
1221.89108
1222.02036
1222.29488
1222.2972
1222.30016
1222.54584
1222.74464
1222.74828
1222.78016
1222.78364
1222.81728
1223.36628
1223.46856
1223.74084
1223.78836
1223.79172
1224.02236
1224.04276
1224.05132
1224.34372
1224.34664
1224.6626
1225.02664
1225.02904
1225.03692
1225.23088
1225.23324
1225.237
1225.7096
1225.71256
1226.36968
1226.82784
1226.83224
1226.90448
1227.13288
1227.58452
1227.58876
1228.13
1228.13236
1228.31236
1228.73632
1228.75936
1228.7736
1228.85932
1229.4274
1229.43064
1229.54948
1230.12496
1230.12736
1230.30684
1230.58628
1230.58884
1230.6062
1230.6156
1230.63664
1231.05064
1231.51244
1231.61764
1231.8386
1232.01984
1232.02228
1232.02484
1232.23444
1233.00492
1233.00748
1233.41384
1233.41604
1233.5176
1233.52056
1233.56708
1233.57032
1233.95636
1233.98176
1234.13044
1234.20188
1234.47096
1234.48796
1234.55804
1235.0622
1235.0678
1235.07328
1235.41364
1235.44572
1235.9576
1236.14536
1236.14768
1236.16404
1236.1668
1236.57264
1236.95008
1236.95552
1237.3758
1237.72468
1237.72736
1237.92604
1238.47808
1238.49712
1238.72316
1238.73536
1238.73828
1238.7434
1238.76872
1238.8558
1238.88028
1239.68536
1239.99044
1239.99276
1240.14372
1240.15944
1240.16236
1240.36324
1240.80268
1240.81744
1240.82004
1240.86716
1240.87004
1240.9768
1240.97956
1241.7522
1242.03932
1242.41324
1242.4156
1242.55572
1242.55836
1242.62504
1242.80256
1243.325
1243.91076
1244.21196
1244.37532
1244.3776
1244.40312
1244.80408
1245.15492
1245.53288
1245.78084
1246.15096
1246.32856
1246.39484
1246.39796
1246.47264
1246.59632
1246.92832
1246.93128
1246.95364
1247.1722
1247.61188
1247.62276
1247.85324
1247.9962
1248.09536
1248.09816
1248.11432
1248.13492
1248.38556
1249.06688
1249.07552
1249.07776
1249.09484
1249.11412
1249.1306
1249.38612
1249.38912
1249.63364
1249.66828
1249.68344
1249.71368
1250.03856
1250.04112
1250.38836
1250.3912
1250.49716
1251.01308
1251.04668
1251.04988
1251.10276
1251.36232
1251.3742
1251.52364
1251.6612
1251.66632
1251.76036
1251.76348
1252.09088
1252.48168
1252.59152
1252.88204
1252.96492
1253.0238
1253.13084
1253.29464
1253.29728
1253.32028
1253.32312
1253.45904
1253.53696
1253.56348
1253.75356
1254.21364
1254.62252
1254.77616
1254.77868
1254.7814
1254.79208
1255.0148
1255.18188
1255.452
1255.45448
1255.65772
1255.91376
1256.27296
1256.27596
1256.53016
1256.69408
1256.69636
1257.07972
1257.0826
1257.08548
1257.16428
1257.1668
1257.37536
1257.38728
1257.60028
1257.6028
1257.62456
1257.85276
1257.8556
1258.43988
1258.56608
1258.5684
1258.59356
1258.59648
1258.70972
1258.8932
1259.03188
1259.03444
1259.15012
1259.27392
1259.44372
1259.4464
1259.44928
1259.47736
1259.47996
1259.4828
1259.69164
1259.69384
1259.69864
1259.71512
1260.01748
1260.02656
1260.02936
1260.42708
1260.4298
1260.52264
1260.5262
1260.77664
1260.95496
1261.27856
1261.30116
1261.57176
1261.57468
1261.82308
1262.5448
1262.59188
1262.69128
1262.69408
1262.78252
1262.7854
1263.07624
1263.81784
1263.82076
1264.17044
1264.2002
1264.71384
1264.71668
1264.77592
1265.25308
1265.25576
1265.28812
1265.63748
1265.64008
1265.67084
1265.8012
1265.80448
1265.89956
1265.91164
1265.91456
1266.77564
1266.8344
1266.84196
1266.84472
1266.99244
1267.46156
1267.48204
1267.49332
1267.95012
1268.11456
1268.11748
1268.37696
1268.58916
1268.59192
1268.84508
1268.93384
1268.93632
1269.36876
1269.37128
1269.5592
1269.56448
1269.95708
1270.3288
1270.58548
1270.59192
1270.59456
1270.59764
1270.7898
1271.14236
1271.45724
1271.46044
1271.49048
1271.493
1271.90712
1271.9142
1271.917
1271.93348
1272.16964
1272.17516
1272.35804
1272.61176
1272.6652
1272.6932
1272.7762
1272.779
1272.92456
1272.9374
1273.58792
1273.6228
1273.62628
1273.68872
1273.69404
1273.85212
1274.45016
1274.45276
1274.57456
1274.78288
1274.7852
1274.80708
1274.81048
1275.34348
1275.91048
1275.91436
1276.20364
1276.37616
1276.37956
1276.40208
1276.40472
1276.89056
1277.17736
1277.17996
1277.19672
1277.38328
1277.38652
1277.53364
1277.54836
1278.17124
1278.34112
1278.34404
1278.40156
1278.40432
1278.91876
1278.92176
1279.13616
1279.29508
1279.88664
1280.01508
1280.09024
1280.11948
1280.3632
1281.07528
1281.36504
1281.65276
1281.70148
1281.70504
1281.70792
1282.02204
1282.49076
1282.54304
1282.55004
1283.23084
1283.23356
1283.43752
1283.44168
1283.44436
1284.17792
1284.24732
1284.2688
1284.34872
1284.35368
1284.35704
1284.39472
1284.62976
1284.68692
1285.22136
1285.23964
1285.24316
1285.64164
1285.88844
1285.89156
1285.89576
1286.16864
1286.17632
1286.23592
1286.23928
1286.57908
1286.9574
1287.08484
1287.0936
1287.09624
1287.09928
1287.12064
1287.40532
1287.42432
1287.49152
1287.49428
1287.76116
1287.78728
1288.38276
1288.73424
1288.7538
1288.75664
1289.21324
1289.2158
1289.84828
1289.87072
1289.93176
1290.05608
1290.0594
1290.2492
1290.26236
1290.46684
1290.4704
1290.77032
1291.10848
1291.1112
1291.218
1291.23896
1291.24208
1291.37468
1291.37728
1292.77416
1292.77708
1293.0126
1293.01496
1293.03344
1293.41776
1293.42056
1293.73068
1293.73808
1293.8938
1293.897
1294.10992
1294.40172
1295.04444
1295.04748
1295.39348
1295.54236
1295.54688
1295.634
1295.67724
1296.52488
1296.729
1296.73124
1296.73416
1297.14052
1297.3018
1297.41568
1298.00708
1298.00972
1298.01228
1298.33588
1298.33832
1298.55536
1298.55856
1298.70168
1298.70432
1299.2304
1299.23332
1299.51488
1299.63416
1299.63776
1300.1662
1300.19264
1300.19568
1300.86304
1300.86636
1300.8962
1301.39368
1301.3968
1301.45648
1301.68508
1301.6882
1302.149
1302.44596
1302.82876
1302.89672
1302.9096
1302.91208
1303.18924
1303.50632
1303.55788
1303.56156
1303.61256
1303.61584
1304.32016
1304.49424
1304.49704
1304.70076
1304.71124
1304.71508
1305.1356
1305.1464
1305.72008
1306.323
1306.48256
1306.55688
1306.79252
1306.82228
1306.83816
1307.37488
1307.37804
1307.77816
1308.36284
1308.36568
1308.76792
1308.79588
1308.83652
1308.83912
1309.1838
1309.19156
1309.19432
1309.53632
1309.54488
1309.56508
1310.17864
1310.23652
1310.3846
1310.416
1310.92476
1310.94792
1311.13052
1311.6034
1312.10352
1312.10904
1313.08972
1313.09208
1313.122
1313.12464
1313.12712
1313.6514
1313.65392
1313.65748
1313.75032
1313.9438
1313.94772
1314.6464
1315.03052
1315.03764
1315.04428
1315.2194
1315.22432
1315.74096
1315.75244
1315.87312
1315.8756
1315.8798
1316.33392
1316.82816
1316.86152
1317.7804
1317.78496
1318.27824
1318.40076
1318.72812
1318.89548
1319.178
1319.18064
1319.21436
1319.56696
1319.57908
1319.69268
1319.80108
1319.84184
1319.8444
1320.24316
1320.24652
1321.20164
1321.20456
1321.20768
1321.41288
1321.93772
1321.9408
1322.27572
1322.38768
1322.8236
1322.85436
1323.24008
1323.24956
1323.53076
1323.53348
1323.53644
1323.94668
1324.798
1324.80276
1325.15612
1325.43264
1325.75004
1326.0364
1326.03892
1326.46864
1326.47096
1326.80352
1326.80588
1326.8742
1326.87692
1327.00856
1327.06484
1327.43404
1327.83208
1328.6496
1328.6524
1328.8754
1329.01328
1329.01688
1329.02004
1329.0688
1329.52796
1329.5682
1329.57112
1329.6102
1329.64312
1329.85728
1330.25532
1330.75368
1330.75712
1330.77436
1330.81964
1331.00768
1331.33624
1331.5326
1332.12348
1332.63744
1332.64224
1332.64484
1332.97308
1333.03864
1333.04144
1333.06224
1333.06516
1334.15516
1334.15848
1334.44312
1334.44564
1334.85104
1335.28772
1335.423
1336.17876
1336.21596
1336.21836
1336.22824
1336.25432
1336.257
1336.296
1336.89696
1337.00696
1337.2046
1337.7734
1338.03432
1338.03652
1338.444
1338.44644
1338.47704
1338.78564
1338.81084
1339.34464
1339.34804
1339.91412
1340.18844
1340.3878
1340.39044
1340.79588
1341.18808
1341.5382
1341.54408
1341.79188
1341.79448
1342.15272
1342.16644
1342.407
1342.494
