0.2858
1.90184
1.90924
1.91664
1.9352
1.9646
2.20564
2.39384
2.39996
2.40936
2.42088
2.62824
2.63564
2.97952
2.99664
3.6802
4.09472
4.09684
4.12144
4.43956
4.45432
4.88324
4.89
4.91512
5.03252
5.047
5.55308
5.6472
5.96816
6.19136
6.19376
6.19808
6.20248
6.36208
6.64612
6.76452
6.77536
6.7894
6.79728
7.04964
7.06436
7.45068
7.81688
7.84896
7.90288
8.1356
8.943
8.98624
9.00024
9.20104
9.21164
9.22796
9.42508
9.61428
9.72688
9.73696
9.77208
9.79204
10.05376
10.05876
10.30568
10.54508
10.54992
10.55648
11.18204
11.62672
12.00616
12.01712
12.3038
12.30628
13.29564
13.76888
14.02504
14.03744
14.17552
14.18208
14.48784
14.4906
14.57724
14.67288
14.9122
15.02296
15.04972
15.05476
15.36796
15.3898
15.9146
15.93876
16.15132
16.43088
16.4368
16.61888
16.62664
16.8272
16.84988
17.13704
17.14568
17.16452
17.25944
17.481
17.51896
18.00028
18.17132
18.17576
18.56472
18.56704
18.75048
18.76292
19.0048
19.0164
19.36804
19.52052
19.52772
19.65424
19.69032
19.9884
20.05616
20.12744
20.37528
20.52036
20.60988
20.91844
21.32364
21.32588
21.33104
21.38356
21.47352
21.48324
21.82952
21.85092
21.85908
21.89368
22.93404
22.94108
22.94656
23.12284
23.269
23.2758
23.31308
23.66644
23.73228
23.7412
23.98352
23.9898
24.36896
24.8372
24.83996
24.84984
24.94212
25.02172
25.08064
25.08348
25.09272
25.59708
25.85864
26.27576
26.29408
26.48068
26.48332
26.713
27.06304
27.25008
27.56304
27.66776
27.68004
27.81808
27.83648
28.09972
28.27332
28.2842
28.69296
28.76208
29.07816
29.08516
29.08764
29.43532
29.44704
29.98196
30.07144
30.08968
30.13928
30.30008
30.82636
30.83336
30.83756
30.84396
31.03868
31.04176
31.05136
31.78696
31.79848
31.92588
31.92892
32.01488
32.269
32.57184
32.97696
32.98828
32.99336
33.01668
33.2764
33.54864
33.55528
33.61124
33.61516
33.61788
34.05512
34.07396
34.44628
34.57588
34.59828
34.9106
35.06092
35.07448
35.27104
35.40824
35.4112
35.61968
35.62192
35.74212
35.75448
35.99524
36.0804
36.12116
36.49352
36.53096
36.7112
36.78948
36.80016
36.93176
36.93884
36.94172
37.44408
37.63992
37.66972
37.68348
37.96176
38.04828
38.0558
38.07892
38.09132
38.65472
38.65764
38.68536
39.11516
39.35228
39.70432
39.7802
40.04436
40.4648
40.48452
40.49104
40.78988
40.79304
40.80616
40.81896
40.8362
41.51172
41.53336
41.62688
41.83264
41.84848
41.90528
41.98148
41.98484
42.29408
42.29688
42.42708
42.82092
43.1412
43.56196
43.76704
43.76952
43.8228
44.1398
44.36912
44.72972
44.83132
44.94124
44.94392
45.21656
45.46068
45.831
45.8348
45.93576
46.05324
46.06244
46.09132
46.3602
46.5882
46.73104
46.73548
46.9158
46.92116
46.93516
47.29108
47.29392
47.9258
47.92916
47.94252
47.96324
48.18968
48.9576
48.96128
49.3664
49.3696
49.78204
49.8816
50.21588
50.34424
50.43536
50.70752
50.96324
50.99596
51.06684
51.11272
51.13312
51.59068
51.72272
51.74056
51.84212
52.23392
52.8948
52.89932
52.98232
52.9846
53.19308
53.74096
53.75468
53.77476
54.25408
54.3926
54.63552
54.80464
54.80936
54.89772
54.9318
55.064
55.64516
56.63588
57.01896
57.39764
57.7482
57.76936
57.94064
57.9522
58.28576
58.2884
58.33256
58.47776
58.48032
58.7148
58.72736
59.23536
59.66684
60.11196
60.12268
60.28344
61.08424
61.71244
62.01772
62.0772
62.2316
62.24032
62.24412
62.30224
62.39092
62.56264
62.57656
62.8262
62.94312
63.04592
63.77608
63.78412
63.79448
64.04832
64.2742
64.3064
64.98748
64.9952
65.0524
65.06364
65.2778
65.55476
65.55884
65.72312
66.00356
66.44816
66.51204
66.56112
66.68172
67.47436
67.48436
67.49296
67.73824
67.76444
68.03968
68.207
68.43516
68.44504
68.6144
68.62672
68.91472
69.10224
69.10612
69.27124
69.29476
69.39836
69.40824
69.56672
69.5718
69.74828
69.75084
70.01248
70.37504
70.39128
70.7482
70.88404
70.88664
71.36648
71.37156
71.84512
72.21808
72.4458
72.6596
72.66272
72.84696
73.37104
74.5044
74.68432
74.70172
74.89532
74.92168
74.925
75.33936
75.35916
75.60668
75.64148
76.1006
76.1082
76.29664
76.2986
76.4698
76.48232
76.75916
76.98516
76.9878
77.77428
77.7832
77.7908
77.7942
78.11276
78.4154
78.4214
78.42868
78.47672
78.4798
78.48176
78.49248
78.5218
78.52736
79.12528
79.53756
79.54044
79.6246
80.72768
81.0742
81.22044
81.22832
81.3798
81.96672
81.96948
82.05132
82.06056
82.07604
82.17976
82.4094
82.54244
82.54748
82.99296
83.46212
83.50276
83.74772
84.18204
84.62672
84.7422
84.75264
85.37744
85.70164
85.718
86.06984
86.0724
86.08464
86.09224
86.21044
86.83792
86.9244
86.93036
87.42928
87.64776
87.91284
88.07356
88.36568
88.43796
88.67184
89.2948
89.30752
89.31
89.56824
89.95348
89.95772
90.27592
91.2324
91.25832
91.8212
91.82864
92.28032
92.28396
93.08616
93.09124
93.458
94.05464
94.23056
94.274
94.30008
94.35656
94.39056
94.57192
94.83096
94.84256
95.0298
95.78024
95.7868
95.79152
95.91948
95.93272
96.01916
96.02316
96.03616
96.27068
96.5848
96.97088
96.98356
97.28708
97.56044
97.57616
97.71452
97.72072
97.72596
98.10852
98.18328
98.69172
98.7204
98.72488
98.73448
98.74436
99.63432
99.682
100.20892
100.21712
100.30456
100.33812
100.38588
100.55916
100.68524
101.5288
101.55548
101.63856
101.7414
101.91328
101.91636
102.13168
102.49636
102.5048
102.50804
102.6116
102.7994
102.8074
102.99012
103.11672
103.13032
103.72492
103.73184
103.74092
103.85144
103.85732
103.86924
103.99756
104.73456
104.98872
105.1334
105.1418
105.17576
105.3198
105.55996
105.57356
105.85256
106.23696
106.25936
106.3624
106.36916
106.42748
106.4518
106.46852
106.84072
106.84764
107.26568
107.842
108.0422
108.05744
108.60996
108.716
108.73064
108.75992
108.76176
108.99612
109.10688
109.10988
109.6702
109.84152
110.18696
110.1984
110.2008
110.22836
110.40476
110.50768
110.67416
110.68612
110.69128
110.88164
111.11872
111.27056
111.31028
111.68764
111.83592
111.8538
112.12396
112.2098
112.76792
112.81044
112.88224
113.10068
113.12012
113.34072
114.16848
114.18072
114.54008
114.59512
114.61372
115.30284
115.30528
115.74288
115.75388
115.75728
115.76392
115.77212
115.99904
116.21532
116.21736
116.70872
117.26064
117.27412
117.2768
117.48188
117.63444
117.91492
117.97552
118.10084
118.10332
118.62192
118.65156
118.654
118.71348
118.93308
119.25116
119.25412
119.36732
119.65436
119.75764
119.76212
119.78728
120.01912
120.02376
120.34584
120.35692
120.73024
120.75288
120.82528
120.85504
121.16788
121.1892
121.85184
121.85944
122.29552
122.39144
122.74688
123.26088
123.57644
123.58392
123.82584
123.83084
123.83884
124.10912
124.28464
124.28692
124.2916
124.63324
125.08708
125.09032
125.09696
125.45852
126.06568
126.24012
126.24852
126.28544
126.29504
126.3152
126.41412
126.8376
126.85136
127.05452
127.7926
127.7966
127.92008
127.92316
128.02032
128.02264
128.04704
128.27244
128.97564
129.01552
129.02
129.02884
129.06844
129.29012
129.29732
129.55688
129.6324
129.6342
129.99172
130.11452
130.41672
130.52148
131.35184
131.35648
131.55464
131.57164
131.63572
131.93832
132.09164
132.24072
132.2816
132.55624
132.55884
132.59916
132.60244
132.61876
132.9334
133.15212
133.15512
133.55296
133.6328
133.63516
134.00004
134.02268
134.02792
134.27372
134.27712
134.28952
134.4566
134.47648
134.73932
134.74892
134.75732
135.25112
135.73752
136.60232
136.82668
136.83096
137.08768
137.82136
138.01424
138.08368
138.25844
138.4972
138.58188
138.59972
138.61432
139.23944
139.2938
139.2964
139.52148
139.64204
140.4266
140.5334
141.00376
141.01004
141.24568
141.71872
141.84096
142.23444
142.2972
142.79956
142.80272
142.81136
142.8218
142.82856
143.05376
143.05592
143.06364
143.34624
143.36848
143.5632
143.86984
144.33428
144.67116
144.87992
144.88952
145.37224
145.37468
146.08372
146.21092
146.2146
146.71832
146.7226
146.75272
146.76128
146.91708
146.92084
147.32128
147.33876
147.3534
147.75096
147.9606
148.02784
148.17024
148.18624
148.64828
148.66604
148.66848
149.3914
149.41344
149.68032
149.69444
149.81972
150.3366
150.364
150.3668
150.56496
151.59348
151.59876
151.60784
151.9732
152.01172
152.1454
152.1564
152.16024
152.59688
152.71276
152.71948
152.724
153.21784
153.23904
153.24612
153.73872
153.97452
154.35556
154.4928
154.70688
155.24776
155.8284
155.8312
155.83944
156.1282
156.29564
156.75612
157.10144
157.1048
157.4448
158.08156
158.09676
158.13172
158.27288
158.3124
158.33312
158.56752
158.57
158.85224
158.85616
159.04524
159.05892
159.06304
159.78436
159.78704
159.9114
160.02328
160.02588
160.03788
160.291
160.46412
160.9862
161.001
161.02636
161.0642
161.28184
161.29128
161.56892
161.58016
161.61548
161.74656
161.74996
161.9936
162.3728
163.2716
163.2868
163.29292
163.39496
163.78928
163.8064
163.80868
163.85912
164.03604
164.0388
164.13992
165.10016
165.10312
165.6432
165.6526
165.82316
166.05672
166.143
167.04564
167.35704
167.46204
167.60252
168.06332
168.06596
168.25664
168.35432
168.79756
168.81192
168.9416
169.13692
169.45144
169.85028
170.39756
170.40836
170.413
170.61424
170.6234
170.63304
170.78392
171.0506
172.08492
172.50792
172.51044
172.70148
173.1374
173.29532
173.6324
173.63512
173.64056
174.37472
174.51712
175.20884
175.222
175.45564
175.60508
175.75828
175.76692
176.08236
176.09244
176.43568
176.51264
176.73292
176.73912
176.74404
176.79808
176.82236
177.03652
177.03896
177.32352
177.33656
177.48572
177.82824
177.83556
177.84808
177.96104
177.9748
178.395
178.40172
179.01152
179.01548
179.08
179.10648
179.12612
179.4778
179.50824
179.533
179.60332
179.92812
180.10464
180.10748
180.29612
180.44756
180.51776
180.53324
181.13452
181.1524
181.16292
181.56496
181.80864
181.82524
181.82748
181.83
182.04132
182.04672
182.05188
182.21744
182.2428
182.46108
182.79532
183.09064
183.37932
183.38596
183.48632
184.07888
184.29296
184.36264
184.3652
184.91228
184.92992
184.98924
185.04024
185.69816
186.2874
186.3284
186.47676
186.73248
187.24264
187.59948
187.68608
187.83204
188.29588
188.75172
188.78588
189.09476
189.10636
189.47156
189.70328
190.07368
190.10744
190.24288
190.29884
190.30828
190.36592
190.3936
190.5848
190.5894
190.71932
190.72632
190.8524
191.04936
191.05336
191.55104
191.78532
191.79076
191.92256
191.92756
191.94072
192.02728
192.29176
192.98684
193.0034
193.028
193.05312
193.067
193.2878
193.59752
193.6022
193.72412
193.72676
194.4596
194.46364
194.47816
194.49108
194.5072
194.55428
194.56156
194.98284
195.34204
195.41768
195.4224
195.4436
195.60668
195.65324
195.95296
195.9664
196.18228
196.1966
196.21604
196.90292
197.06376
197.13072
197.40036
198.14632
198.14932
198.66736
198.67112
198.8778
199.02468
199.12396
199.13944
199.14352
199.17264
199.18748
199.21124
199.21948
199.77524
199.9092
199.91828
199.94216
200.17828
200.18908
200.3646
200.7566
200.95036
200.99624
201.01784
201.19284
201.3656
201.56012
201.8804
202.176
202.3348
202.33868
202.58488
202.68424
203.10688
203.13988
203.19768
203.8666
203.89784
204.31164
204.45856
204.473
204.79772
205.46476
205.52064
205.73768
205.73996
205.99144
205.9956
206.0212
206.1538
206.3988
206.5638
206.69756
206.70024
207.16356
207.19192
207.19348
207.55684
207.56408
208.01632
208.36848
208.80888
208.81448
208.82068
208.82352
208.8686
209.15868
209.64392
209.8486
209.88584
209.9274
210.01548
210.06332
210.53768
210.55328
210.66656
210.8112
210.83796
211.13732
211.14084
211.38132
211.49028
211.7352
211.73792
211.8514
211.88164
212.0772
212.31976
212.50264
212.75404
212.76068
212.77792
213.36716
213.6632
213.66904
213.68668
214.17608
214.42844
214.43232
214.57476
215.01032
215.01288
215.0568
215.46116
215.65092
215.65332
215.76172
215.79148
216.00444
216.51084
216.51628
216.55448
216.60456
217.02712
217.54524
217.94624
218.28784
218.29328
218.3312
218.73468
219.04076
219.69172
219.82788
219.83172
219.83612
220.11644
220.1214
220.29052
221.09772
221.10984
221.11284
221.13652
221.28096
221.31228
221.4542
222.31176
222.31416
222.59084
222.72152
222.84672
222.85728
222.87296
223.07016
223.33696
223.5522
223.92232
224.01992
224.02268
224.0314
224.28008
224.98804
225.00668
225.02652
225.02884
225.04816
225.05204
225.05396
225.06688
225.28224
225.28712
225.57744
225.63704
225.74116
225.98912
226.20516
227.08436
227.21348
227.21564
227.26672
227.27308
227.2936
227.69132
227.72168
227.72676
227.96568
228.07124
228.0832
228.08588
228.2458
228.46464
228.50028
228.503
228.5788
228.77912
228.90504
228.90744
228.94344
229.12132
229.29344
229.41908
229.4792
229.5446
230.39048
230.40608
230.56204
230.77748
230.7836
231.22264
231.47888
231.6286
231.83028
232.09336
232.3252
232.33336
232.71164
232.72688
232.94536
232.94996
233.04656
233.0608
233.10548
233.32656
233.36116
233.76908
233.9502
233.9754
234.00528
234.62768
234.636
234.64608
234.89316
235.06068
235.07536
235.12192
235.1598
235.44896
235.51528
235.53076
235.62476
236.112
236.3152
236.31776
236.337
236.3464
236.5424
236.5466
236.5944
236.7182
236.75312
236.9124
236.9246
237.12772
237.19172
237.2128
237.21492
237.27072
237.54408
238.48128
238.48804
238.49188
238.52684
238.89896
238.9012
239.0428
239.06828
239.30672
239.31172
239.33256
239.44236
239.52384
239.52968
239.69088
239.82004
239.83584
240.14768
240.17772
240.94008
241.08296
241.39568
241.48992
241.49556
241.50556
241.7556
241.76064
242.05508
242.07256
242.69156
243.15592
243.15784
243.3124
243.31476
243.32836
243.41952
243.44232
244.15388
244.17704
244.17948
244.46732
244.47492
244.57236
244.59792
244.92272
244.94052
245.07804
245.24836
245.26684
245.52268
245.53396
246.10684
246.27324
246.4478
246.61052
246.67064
246.69908
246.71496
247.22392
247.73164
247.7376
247.747
247.7524
247.76436
247.86504
248.35172
248.79364
248.8414
248.86416
249.02652
249.03256
249.18852
249.30468
249.32056
249.85964
249.94896
249.95136
250.30132
250.39512
250.39736
250.4994
250.70732
251.25348
251.27908
251.58904
251.68656
251.84548
252.13976
252.311
252.32172
252.32496
252.71352
252.7714
253.1068
253.113
253.12872
253.29552
253.29808
253.45628
253.45968
253.79284
254.07936
254.11176
254.27688
254.28068
254.31536
254.40976
254.72632
254.84868
254.8554
255.83816
255.92232
255.9264
255.93016
255.94952
256.02448
256.04336
256.27928
256.29052
256.3108
256.98924
257.03268
257.04976
257.08228
257.29048
257.56468
257.57164
257.62416
257.62644
258.25256
258.61768
258.636
258.65304
258.66244
258.90232
258.94396
258.9638
259.00716
259.56524
259.56904
259.64988
260.04768
260.07728
260.69664
260.703
260.76784
260.869
261.0834
261.37496
261.37948
261.38556
261.54588
261.768
262.20456
262.21704
262.40624
262.72972
262.74164
262.78628
262.79592
263.20528
263.21972
263.44712
263.48716
263.91916
263.93188
264.26384
264.3354
264.34456
264.49572
264.5012
264.74248
265.01672
265.03276
265.12952
265.91196
266.3362
266.3388
266.34208
266.57468
266.58484
266.59048
266.61284
267.11012
267.4776
267.76244
267.99144
268.01516
268.3482
268.75736
269.10424
269.23192
269.2472
269.79324
269.79576
270.0286
270.03572
270.14708
270.14988
270.6862
271.39692
271.73204
271.73472
271.75304
271.8102
272.05152
272.0554
272.07704
272.08612
272.49248
272.51204
272.7126
272.72104
272.97172
272.97884
273.27856
273.53808
273.55208
273.68336
273.6862
274.06512
274.06752
274.43312
274.45164
274.4882
274.61668
274.91012
274.91264
275.01592
275.5062
275.52288
275.53104
275.54412
275.60456
276.07008
276.07608
276.08412
276.19552
276.34628
276.49608
276.8536
276.98176
277.12964
277.23504
277.4734
277.48168
277.49968
277.50128
277.64656
277.64916
277.717
278.40904
278.4114
278.76196
278.76496
278.77128
278.908
279.26564
279.5248
279.86548
280.05208
280.14296
280.33828
280.3404
280.37556
280.54996
280.55268
280.56976
281.09172
281.30024
281.308
281.88808
282.32316
282.41156
282.49664
282.4996
282.734
283.26284
283.84332
283.84568
283.8676
284.12636
284.13232
284.2896
284.2986
284.30124
285.09848
285.1008
285.10712
285.11384
285.12216
285.46692
285.72896
286.08848
286.0916
286.2668
286.31768
286.4036
286.40704
286.41716
286.4334
286.85036
286.85512
287.0494
287.06128
287.80276
287.81392
287.92464
287.94352
288.04296
288.05656
288.28872
288.49148
288.96784
288.9958
289.028
289.04252
289.286
289.57048
289.57336
289.60952
290.26484
290.53936
290.54516
290.55092
291.09292
291.15904
291.44156
292.10512
292.41776
292.42024
292.5858
292.76372
292.89508
292.89792
293.33904
293.35092
293.35312
293.51788
293.52792
294.01176
294.0144
294.44556
294.45024
294.47056
294.48632
294.7226
294.72524
295.4896
295.51304
295.53384
295.54576
295.99268
296.15328
296.25456
296.70828
296.71148
296.7182
296.72132
297.04264
297.0536
297.1834
297.2668
297.8908
297.8934
298.03968
298.22856
298.61908
298.68252
299.31976
299.65936
299.66796
299.93108
299.9484
299.9508
300.10956
300.50684
301.05488
301.4112
301.63396
301.63812
302.41312
302.77296
302.77508
303.11364
303.13428
303.15388
303.25556
303.27072
303.84296
303.84892
303.98944
304.02204
304.37852
304.78568
304.90012
305.05704
305.09192
305.1088
305.62088
305.63148
305.82464
305.98632
306.00524
306.08172
306.62204
306.62444
306.6332
306.64612
306.68216
306.68496
306.70116
307.0634
307.23476
307.41764
307.42708
307.50888
308.08108
308.43404
308.46104
308.67196
308.79788
309.26752
309.34156
309.54076
309.56044
309.67832
309.8268
309.98356
310.01612
310.41828
310.93732
310.94044
311.0866
311.10384
311.33352
311.7886
311.93764
311.95892
312.029
312.0396
312.42596
312.4444
312.52536
312.54252
312.56996
313.01396
313.01692
313.51296
313.6488
314.3338
314.50332
314.71964
315.06288
315.59636
315.69968
315.84644
316.12396
316.3036
316.3146
317.09932
317.12928
317.14548
317.46476
318.25028
318.25688
318.31976
318.33312
318.58584
318.73552
318.84908
318.85148
318.89356
319.06612
319.797
319.93784
320.03208
320.03656
320.04016
320.05792
320.47712
321.00188
321.02412
321.02808
321.2884
321.29644
321.57436
321.5794
322.37712
322.93232
323.07328
323.11396
323.73924
323.87284
323.98168
323.98464
324.0342
324.04996
324.58684
324.59236
324.98224
325.36264
325.37672
325.3832
325.39476
326.00456
326.35436
326.55092
326.78132
326.79928
326.97348
326.98604
327.02428
327.4522
327.78848
327.80644
327.82064
328.479
328.48868
329.38064
329.383
329.6946
329.99212
330.58712
330.59008
330.68288
330.69452
330.7428
331.42028
331.59124
331.60092
331.60388
331.80996
331.82032
332.18084
332.49
332.69892
332.70364
332.71844
332.80096
334.02212
334.04084
334.29504
334.33108
334.75608
334.75844
335.13848
335.15524
335.44348
335.79232
335.90496
336.00708
336.00976
336.30052
336.42288
336.55748
336.5876
336.7096
337.00508
337.1318
337.13452
337.13864
337.33904
338.09144
338.24328
338.77156
338.77484
338.80748
338.81144
339.04684
339.1828
339.3262
339.43496
339.69936
339.7614
339.76372
339.80944
339.81252
340.38252
340.38548
340.42256
340.43204
340.44128
340.72024
340.72596
340.94316
341.1582
341.16092
341.5158
342.1116
342.48804
342.49108
342.90428
343.11716
343.1236
343.12652
343.1572
343.44448
343.44716
343.50288
343.78788
344.0754
344.07748
344.3626
344.51528
344.52192
344.52644
344.64544
344.81404
345.11904
345.12324
345.13308
345.64488
346.32076
347.03508
347.26812
347.83848
347.85384
347.85648
347.86248
348.13484
348.30664
348.78788
349.104
349.1072
349.47644
350.09972
350.30832
350.3136
350.42088
350.59272
350.8452
350.86952
351.06772
351.55108
351.8218
351.82464
351.94276
352.03784
352.04084
352.30316
352.478
352.9222
353.0026
353.01328
353.04328
353.08156
353.3124
353.59332
353.63192
354.22388
354.25084
354.25804
354.735
355.21304
355.2462
355.37348
355.37588
355.5106
356.20332
356.21536
356.48548
356.77992
356.84296
356.92528
357.34124
357.69244
357.69832
357.86988
357.8756
358.14424
358.15872
358.67944
358.69004
358.76752
358.77888
359.26172
359.26868
359.74988
359.92604
360.08216
360.20704
360.20912
360.3386
360.86668
360.88028
361.02656
361.3042
361.33396
361.45944
361.60408
361.60644
361.795
361.80544
362.06976
362.18432
362.20408
362.75256
362.81956
362.94136
362.94388
362.96744
363.34344
363.34696
363.55968
363.56768
363.5706
363.8002
363.95064
363.95316
364.07176
364.07532
364.29872
364.73548
364.73804
364.86268
365.18548
365.4568
365.47028
365.57896
365.79592
366.64172
366.65388
366.77364
366.92808
367.59684
367.6504
367.7718
367.77444
367.91924
367.92972
367.93292
368.22684
368.22916
368.43992
368.88424
369.11728
369.12224
369.59488
369.7966
369.80416
370.02456
370.21516
370.2184
370.76932
371.03788
371.04412
371.04828
371.48984
371.50772
371.51016
371.66248
371.70372
372.15792
372.16264
372.23104
372.6098
372.61884
372.93832
373.60532
373.72992
373.96288
374.03108
374.3408
374.34288
374.35572
374.8534
374.86164
375.3086
375.31136
375.32456
375.3468
375.66512
376.0226
376.0498
376.2186
376.4552
376.5112
376.88584
376.9146
376.92828
377.09044
377.31896
377.32204
377.61696
377.83844
377.84096
378.31176
378.31492
378.41404
378.49744
378.50252
379.69812
379.70024
379.86368
379.88108
380.12872
380.1398
380.14432
380.30752
381.104
381.11484
381.11996
381.135
381.4698
382.0974
382.105
382.2702
382.32148
382.33676
382.35288
382.42568
382.5804
382.85332
382.85808
382.87468
382.8892
383.07216
383.33308
383.80316
383.82584
383.93136
383.93412
383.945
384.03804
384.04128
384.2898
384.5968
385.00308
385.01264
385.01532
385.07036
385.07224
385.58728
385.59184
385.6318
385.64068
385.64456
385.6546
385.74464
385.9158
386.0718
386.19164
386.19404
386.29944
386.38988
386.3948
386.42396
387.18928
387.19392
387.21644
387.52148
387.54184
387.56448
387.741
387.8478
388.21132
388.65064
388.65912
388.66888
389.07736
389.51184
389.52768
389.68668
389.691
389.74
389.93668
390.49956
390.50432
390.52524
391.26228
391.3042
391.30656
391.52008
391.60576
391.60948
392.04412
392.35096
392.354
392.36936
392.3742
392.92136
392.93424
393.3858
393.48016
393.49664
393.49944
393.72328
393.73468
393.74552
393.80568
393.9834
393.99276
393.9972
394.0004
394.31456
394.40596
394.4092
394.41348
394.57532
394.5814
394.58828
395.13932
395.26388
395.26656
395.33376
395.43688
395.64876
396.07024
396.234
396.45928
396.46148
396.63452
396.63868
397.39588
397.40404
397.40636
397.41796
397.422
397.5224
397.53116
397.8434
398.44384
398.45564
398.4992
398.50148
398.60168
398.63836
398.88724
399.035
399.19776
399.20208
399.22328
399.28844
399.32128
399.57516
399.67796
399.80928
400.12996
400.32288
400.32796
400.62512
400.6318
400.77784
400.91756
400.9224
400.93496
401.13712
401.14228
401.23992
401.47504
401.70024
401.70296
401.70592
401.85412
402.05264
402.1948
402.20308
402.22732
402.37288
402.39276
402.73128
403.436
403.57688
403.91548
403.93068
404.11756
404.12044
405.10532
405.1324
405.62972
405.9114
406.031
406.0334
406.1248
406.34656
406.3488
406.35616
406.50576
406.64832
406.651
406.66596
406.9532
406.96956
407.02248
407.08244
407.4206
407.43384
407.72156
407.72424
407.94484
407.94812
408.28968
408.30064
408.30976
408.3148
408.61356
408.6252
408.84852
408.85092
409.02296
409.05992
409.2266
409.3026
409.529
409.54212
409.7798
409.96296
409.97444
410.30768
410.50924
410.5254
411.28588
411.85096
411.85548
412.1232
412.30556
412.31272
412.319
413.1126
413.11728
413.15052
413.31944
413.49488
413.64984
413.7418
413.74484
414.10416
414.10724
414.26036
414.3326
414.34944
414.42052
414.4448
414.85788
414.88476
415.06572
415.82536
415.93768
415.94552
416.04868
416.28896
416.2968
416.49336
417.01896
417.06288
417.06684
417.3058
417.3084
417.58612
417.5882
417.64956
417.65684
418.17484
418.41196
418.4178
418.61756
419.08432
419.35748
419.411
419.47984
419.48232
419.71004
419.95348
419.9696
420.13576
420.13812
420.36916
420.38632
421.02656
421.0808
421.0976
421.27816
421.43064
421.4344
421.96048
421.9708
422.17988
422.1828
422.41664
422.72708
422.8644
422.87172
422.8816
423.11172
423.69688
423.7166
423.83308
424.13092
424.145
424.15768
424.47568
425.20624
425.2476
426.05004
426.20492
426.50236
426.5104
426.7694
427.18024
427.43368
427.5128
427.69504
427.91008
427.9418
428.08952
428.0988
428.1084
428.53368
428.80612
429.62912
429.63152
429.83472
429.9918
429.99788
430.16244
430.1968
430.40752
430.41024
430.4136
430.41668
430.45868
430.4608
431.1376
431.14016
431.93748
431.98
432.01112
432.4852
432.49304
432.93288
432.9534
433.25236
433.5396
433.55392
433.55676
433.7942
433.79704
433.91912
434.10212
434.10512
434.47168
435.21852
435.53268
435.56328
436.07696
436.11088
436.48952
436.4944
436.72864
436.91332
437.01192
437.01484
437.04108
437.08828
437.25424
437.473
437.49876
437.54412
437.72988
437.92512
438.1572
438.15956
438.29264
438.46612
438.473
439.01076
439.28788
439.46444
439.48644
439.90548
439.90884
440.60568
440.66848
440.95424
440.97312
440.98176
441.09636
441.33384
441.47836
441.7508
441.75524
442.3294
442.74616
443.07108
443.26988
443.61236
443.61648
443.71176
443.86708
444.30732
444.31748
444.72904
445.11512
445.12064
445.74368
446.03608
446.2728
446.27728
446.39128
446.7406
446.8652
446.87828
447.08512
447.56644
447.82792
447.95196
448.30356
449.03488
449.30312
449.5806
449.58508
449.61188
449.63696
450.43884
450.62408
450.6404
451.05104
451.26748
451.26964
451.27404
451.63692
451.63936
451.68944
452.27784
452.31856
452.8814
453.06868
453.0924
453.62644
453.85116
453.85412
454.02596
454.04096
454.32972
454.33232
454.90988
455.20108
455.20332
455.58332
455.94128
455.98216
456.51068
456.6114
456.61716
457.1414
457.21884
457.41464
457.50208
457.73336
457.73604
457.88964
458.06268
458.20904
458.613
458.86476
459.08208
459.10524
459.50924
459.78848
460.9014
461.04164
461.38464
461.60064
461.61148
461.6264
461.64216
461.64624
461.94136
461.97644
462.22172
462.24328
462.58696
462.97452
463.1018
463.1046
463.47852
463.48556
463.51348
463.652
463.72896
463.78664
463.78948
464.309
464.54096
464.76064
464.97728
464.97964
465.49984
465.50704
465.6356
465.6384
465.73076
465.73484
465.95056
466.55716
466.56196
467.10172
467.11288
467.11568
467.36924
467.4564
467.68612
467.70864
467.92796
468.13732
468.6012
468.77512
468.78472
468.86268
468.88256
469.52996
469.84488
469.91676
469.91968
470.37288
470.795
470.80724
471.21584
471.3112
471.67132
471.7014
471.86292
472.24116
472.438
472.71
472.75944
472.84936
473.13008
473.13948
473.345
473.36904
473.5506
473.55384
473.58764
473.5956
474.3064
474.71792
475.0536
475.27624
475.27868
475.68688
475.69256
475.85036
476.30232
476.30636
477.09484
477.11404
478.25148
478.31384
478.3272
478.40344
478.4294
478.43232
478.58492
478.72344
478.85088
478.85312
478.86876
479.06112
479.80644
479.81004
479.92996
479.93248
480.0454
480.307
480.31252
480.98864
481.04504
481.29616
481.56664
481.5742
481.7578
482.01044
482.69252
482.70244
483.21232
483.22664
483.32412
483.9026
484.00236
484.0048
484.21556
484.224
484.22772
484.2294
484.35464
484.64056
485.40352
485.40884
485.4176
485.92472
485.9594
485.96184
486.63108
487.03572
487.52056
487.65652
487.66988
487.68844
488.09592
488.36648
488.50316
488.50532
488.52888
488.61288
488.7804
489.05368
489.79552
489.79772
489.83008
490.1436
490.35376
490.7342
490.73944
490.90368
490.90656
491.11228
491.12396
491.58668
491.58896
491.9266
491.98708
492.01276
492.57516
492.89104
493.05148
493.24144
493.42432
493.76748
494.1136
494.25796
494.2762
494.39264
494.69472
494.92256
495.50836
495.78928
495.79528
495.9208
496.33792
496.46184
496.66316
496.77956
496.782
496.80384
497.04876
497.05676
497.40276
497.40876
497.7122
497.80524
497.80776
497.81424
498.06044
498.27576
498.50276
498.50836
498.76832
498.80416
499.01992
499.41592
499.4452
499.4488
499.55532
499.56688
499.847
499.92368
500.15812
500.41144
500.43528
500.64608
500.73464
501.29812
501.97084
502.19544
502.20076
502.20584
502.61688
502.77988
503.30944
503.40032
503.40276
503.6524
503.87644
503.87888
504.02908
504.36244
504.47132
504.9376
504.94584
504.94828
505.22316
505.84352
505.96304
505.9686
506.30556
506.34972
506.5074
506.72128
507.02128
507.0258
507.61524
507.61764
507.685
507.84572
507.85456
507.87248
508.30512
508.72184
509.0964
509.10524
509.10888
509.32284
509.49024
509.87668
510.09304
510.2534
510.3114
510.44956
510.84832
510.85336
511.06136
511.07012
511.57852
511.8056
511.93512
511.93724
511.94924
512.04604
513.02384
513.046
513.05312
513.29852
513.3012
513.56776
513.57976
513.583
513.59176
513.64324
514.26724
514.46176
514.46492
514.96964
515.5084
515.5144
515.54576
516.48324
516.49
516.51944
516.68492
517.10712
517.10932
517.47488
517.9362
518.1864
518.24364
518.55048
518.7002
519.02952
519.04212
519.0534
519.33452
519.33656
519.34596
519.69304
519.72736
520.49552
520.50296
521.21432
521.46976
521.58156
521.62368
521.98592
522.23384
522.3094
522.3504
522.98356
523.26076
523.40632
523.62148
523.62632
523.64976
523.70588
524.11064
524.12836
524.19032
524.21136
524.21996
524.54424
524.76432
524.79136
524.80588
525.24116
525.38364
525.39248
525.39656
525.809
526.3508
526.51272
526.52456
526.5316
526.89996
526.90808
526.93876
527.19096
527.5886
527.75124
527.76876
527.77112
528.11676
528.39096
528.7368
528.89192
529.12464
529.46148
529.92728
530.30172
530.71468
530.72772
531.6962
531.77208
532.53268
533.06708
533.09752
533.312
533.31512
533.34128
533.43384
533.47208
534.00228
534.00484
534.1906
534.20556
534.209
534.74744
535.08944
535.09156
535.3016
535.31156
536.62828
536.64172
536.79432
537.02384
537.03284
537.03528
537.52436
537.62072
537.97496
537.98716
538.32152
538.48952
538.73532
539.27124
539.70176
539.8506
540.1422
540.14456
540.3178
540.32372
541.10548
541.11152
541.3406
541.49468
542.30996
542.32892
542.43908
542.5938
542.60412
542.6068
542.858
542.8702
543.06148
543.06984
543.80084
543.92752
544.0386
544.29136
544.3086
544.49728
544.9958
545.02388
545.57736
545.57968
545.61176
545.62136
545.63044
546.01224
546.29324
546.3084
546.53884
546.81284
546.91588
546.91936
547.42992
547.5334
547.76092
547.91564
547.91924
548.29024
548.69104
548.9194
549.07808
549.0988
549.33908
549.35152
549.35668
549.51896
549.71852
549.97656
550.111
550.69136
550.88412
550.90712
551.4642
551.73928
552.02304
552.16104
552.25744
552.61732
552.62112
552.96136
553.2318
553.602
553.8306
553.88876
554.0362
554.10968
554.61344
554.61816
554.6398
554.83204
554.93028
555.1352
555.14384
555.59444
555.74232
555.90816
555.99384
556.77612
556.78328
557.07156
557.0744
557.08936
557.20256
557.61988
557.62428
557.72384
557.76088
557.78448
558.10848
558.11128
558.17932
558.29904
559.34688
559.35832
559.59068
559.9744
560.07816
560.18428
560.30644
560.31212
560.56016
560.56276
560.94848
561.26524
561.34772
561.58132
561.58432
561.5938
561.74744
561.75352
561.86608
561.86864
562.22916
562.23576
562.25468
562.369
562.94988
563.52236
563.99712
563.99952
564.0096
564.01548
564.03364
564.117
564.87852
564.88512
565.07852
565.0988
565.5398
565.92396
565.93132
565.94068
565.9432
566.03484
566.03804
566.37832
566.61016
567.0278
567.03008
567.04492
567.04884
567.06492
567.19828
567.48652
567.48908
567.52576
567.53044
567.85776
568.467
568.70472
568.70744
568.83964
568.84312
569.11588
569.3576
569.58288
569.81068
570.31304
570.32584
570.50612
570.5112
571.6158
571.84792
571.8506
571.86152
572.12996
572.30936
572.3246
573.10488
573.12476
573.47248
573.79464
574.11056
574.11312
574.27084
574.32948
574.35704
574.42876
574.85632
574.87432
575.06752
575.07016
575.80608
575.82912
575.93476
575.93824
576.04212
576.3312
577.00932
577.01712
577.07712
577.29636
577.31536
577.63268
577.68824
578.111
578.40064
578.41792
578.44016
578.615
578.62
578.74228
578.96252
579.13456
579.14684
579.21448
579.59524
579.6282
580.0094
580.02032
580.31476
580.41332
581.2494
581.64448
581.65672
581.94488
581.94716
581.967
582.14328
582.14596
582.23892
582.27868
582.632
582.63568
583.20688
583.20964
583.89988
584.3252
585.0972
585.51752
585.93496
585.94476
586.18808
586.19052
586.53672
587.06788
587.59892
587.88864
587.89184
587.9988
588.81704
588.92872
589.01396
589.01736
589.36112
589.89776
589.9034
589.91192
590.1164
590.38916
590.59524
590.61556
590.95984
590.96856
590.97132
591.31388
591.47008
591.48716
591.49308
592.01708
592.28608
592.306
592.57056
592.92688
593.07328
593.36164
593.37652
593.55008
593.67008
593.78888
593.94228
593.9744
594.34792
594.39704
594.879
594.88628
595.24584
595.55684
595.58504
595.595
596.22656
596.24284
596.24536
596.55012
596.57572
597.07268
597.07536
597.27956
597.28596
597.28888
597.34028
597.9622
598.07644
598.08168
598.1984
598.2102
598.43292
598.46712
598.76852
599.12016
599.28084
599.28304
599.4058
599.52012
599.60608
599.61156
599.63148
599.8466
599.86604
599.94344
600.32572
600.3386
600.5952
600.83064
600.8332
601.0554
601.14648
601.30892
601.92548
601.9626
602.33028
602.72204
603.28128
603.85312
603.85996
604.1288
604.31652
604.3214
605.11568
605.12392
605.47156
605.47364
606.10636
606.31752
606.31944
606.34496
606.41924
606.42252
606.8484
606.86216
606.8758
607.41752
607.81592
607.94136
607.95868
608.04788
609.01544
609.05528
609.30432
609.33616
609.60448
609.64664
609.90784
609.93024
610.46524
610.48632
610.82528
610.82892
611.33644
611.84912
612.30356
612.31304
612.40584
612.40928
612.42968
612.43216
612.98204
613.02936
613.0582
613.05952
613.06344
613.10764
613.46084
613.6998
613.70576
613.70836
613.80452
613.82076
613.82364
614.2492
614.26512
614.26776
614.54304
614.5544
615.05804
615.06036
615.16508
615.16812
615.7464
615.96444
616.06556
616.44984
616.4558
616.60884
616.9128
616.92228
617.31272
617.33712
617.86848
617.87288
617.8762
618.0914
618.63804
618.64416
618.66132
618.9056
618.92712
619.17488
619.48352
619.715
619.71764
619.83852
619.85752
620.0936
620.37428
620.8472
620.85588
620.9898
621.124
621.1268
621.13668
621.14392
621.62632
621.62856
621.63128
622.01664
622.12004
622.15556
622.36824
622.38132
622.38444
622.6502
622.65352
623.11596
623.78456
623.99416
624.07688
624.39716
624.42992
624.91224
625.78472
625.8062
626.26904
626.30848
627.18456
627.19116
627.19348
627.2004
627.23324
627.4164
627.80188
627.95116
627.97028
628.00396
628.1126
628.1262
628.53716
628.53976
628.64992
628.65916
628.72132
628.74656
628.75148
628.95136
628.95388
629.2966
629.61392
629.77364
629.78724
629.79084
629.8062
630.11152
630.12624
630.26768
630.27504
630.60896
630.96872
631.0998
631.36664
632.31252
632.32884
632.41176
632.60064
632.82752
633.00232
633.51164
633.54472
634.32364
634.50676
634.50884
634.5172
634.7364
635.29548
635.85264
635.8626
635.86804
635.87024
636.137
636.15096
636.15628
636.31192
636.31508
637.1146
637.11716
637.13212
637.471
637.47648
637.72564
638.10776
638.1406
638.27992
638.3516
638.4316
638.6224
638.75236
638.86568
638.86868
639.81988
639.82476
639.95328
639.95824
640.0492
640.30788
640.91884
640.92312
641.00184
641.03592
641.04996
641.30828
641.32064
641.58112
641.63728
641.682
641.68384
641.68576
642.00496
642.00756
642.03116
642.48868
642.50352
642.61732
642.63088
643.0092
643.69712
643.76144
643.79324
643.81812
644.69384
644.83096
645.07624
645.08084
645.40152
645.40388
645.41068
645.68384
646.0756
646.08892
647.19056
647.30324
647.41668
647.41944
647.60104
648.041
648.92604
648.9292
648.93196
649.12076
649.21684
649.7744
649.95964
649.96704
649.99188
650.26984
650.842
650.94632
650.94868
650.95868
650.96604
651.44272
651.56872
651.79184
651.90296
651.90508
651.91632
652.21544
652.878
652.95556
652.96836
653.4044
653.93032
654.02984
654.16268
654.4976
654.49972
654.70652
654.71336
655.09948
655.32604
656.08212
656.0888
656.35568
656.47252
657.08268
657.29488
657.35548
657.43064
657.86644
658.07232
658.45404
658.65156
659.05504
659.06992
659.07652
659.61036
659.61532
660.28912
660.29676
660.30584
660.3918
660.72192
661.7116
661.71448
661.75712
661.90192
662.44424
662.47112
663.132
663.13488
663.1404
663.15084
663.42392
663.88368
664.038
664.05648
664.06072
664.76868
665.01144
665.0336
665.21736
665.57328
665.79708
666.09684
666.50424
667.04588
667.05052
667.08644
667.27392
667.60044
667.69648
667.85076
667.85504
667.869
668.13892
668.3084
668.31136
668.32756
669.12576
669.48056
669.48964
669.79416
670.12704
670.2824
670.3102
670.44184
670.44568
670.86792
670.87248
670.88336
671.82192
671.82428
671.93872
672.05184
672.30844
672.31136
672.5986
673.01036
673.02812
673.0348
673.30416
673.3172
673.59272
673.94596
673.965
674.43908
674.46004
674.85948
674.86284
675.53972
675.5432
675.71764
675.8502
676.14348
676.20796
676.2512
676.33276
676.90856
677.29576
677.30816
677.53684
677.54208
677.57424
677.67808
678.06152
678.24572
678.61368
678.61596
678.85192
678.872
678.89436
679.50556
679.52152
679.86356
680.22024
680.22264
680.22504
680.46948
680.47232
680.86984
681.17644
681.44752
681.78808
681.99668
682.34344
682.34768
682.46496
682.82824
682.83112
683.27112
684.06224
684.06528
684.31492
684.3356
684.38456
684.57248
684.62908
684.74408
684.83956
685.16236
686.0352
686.10108
686.29752
686.98972
686.99532
687.00084
687.04908
687.06928
687.29844
687.75928
687.79172
688.56644
689.25284
689.25548
689.84468
689.85588
690.0518
690.06484
690.3038
690.3068
690.30904
690.9456
690.96968
691.25512
691.2612
691.35616
691.60628
691.6112
691.80448
691.8164
692.15568
692.15816
692.40748
692.41712
692.42264
693.09304
693.2784
693.45188
693.45448
693.70212
693.7092
694.27704
694.39052
694.533
694.73412
694.74896
694.92524
694.94092
695.36384
695.38524
696.09984
696.44212
696.85568
696.9544
697.25492
697.33904
697.88216
697.89384
698.31352
698.50752
698.73888
699.07704
699.27556
699.60808
699.86484
700.14568
700.14808
701.12368
701.47684
701.48304
701.76496
702.10012
702.12096
702.13664
702.2744
702.3454
702.34932
702.42724
702.85968
702.88244
703.07012
703.09708
703.93864
704.05112
704.06812
704.79664
705.00888
705.03464
705.08476
705.29592
705.59024
705.59604
706.05
706.05212
706.50736
706.51016
706.86552
706.89928
707.24444
707.24832
707.31792
707.35124
707.78604
708.26036
708.26604
708.26816
708.45888
709.22
709.264
709.27412
709.47216
709.914
710.5968
710.71184
711.0554
711.05828
711.2894
711.50836
711.739
711.74912
712.27568
712.28424
712.29836
713.05252
713.20284
714.5308
714.54288
714.55248
715.35088
715.3642
715.767
716.06476
716.32928
716.33324
716.34196
716.34488
716.3672
717.06912
717.39984
717.52004
717.76152
718.17028
718.7126
718.71568
718.94972
718.98048
719.33592
719.38852
719.67996
720.10964
720.5766
720.5788
720.86052
720.86852
721.34672
721.47592
721.49576
721.62868
722.05972
722.06656
722.19864
722.21756
722.46464
722.72568
722.73348
723.23168
723.46208
723.47752
723.66132
723.82212
724.05392
724.1234
724.12976
724.5284
724.53404
724.56372
725.7354
726.06264
726.24364
726.37716
726.59416
726.7948
727.01444
727.37956
727.382
727.3928
727.53068
727.75064
728.15712
728.37324
728.39324
728.81172
729.06268
729.2478
729.34816
729.76224
730.33364
730.55272
730.74216
731.28584
731.28796
731.30208
731.87252
732.1366
732.31524
732.32212
732.80772
733.1224
733.13928
733.48668
734.26424
734.33124
734.33676
734.33968
734.75
734.87596
735.08948
735.81432
735.94668
736.04756
736.31496
736.50216
737.01708
737.10424
737.3086
737.31772
737.32068
737.5912
737.6002
737.61112
737.6974
737.74152
738.20804
738.21076
738.4052
738.40996
738.78372
739.10592
739.11384
739.49192
739.60476
739.61352
739.76564
739.77312
740.16008
740.25392
740.65636
740.65988
740.66624
740.79888
740.80176
740.98672
741.28704
741.29596
741.38976
741.50068
741.96252
742.12972
742.13176
742.775
742.7858
742.79076
742.805
742.80908
743.1506
743.165
743.41628
743.95052
744.03392
744.03616
744.0426
744.38432
745.09864
745.10476
745.3288
745.59132
745.7642
745.86572
745.881
745.88364
746.0614
746.28636
746.6986
746.96248
747.23484
747.481
747.50272
747.66056
747.74888
747.75988
748.26936
748.56604
748.99288
749.5056
749.8364
749.90504
749.92308
750.13212
750.13636
750.42224
750.43748
750.56024
750.5694
750.68924
751.05348
751.1398
751.14192
751.50884
751.51216
751.65476
752.15552
752.2532
752.25556
752.48552
752.49532
752.50452
752.51244
752.65156
752.84724
752.85088
753.12116
753.12348
753.20668
753.44812
753.47436
753.47764
753.49992
754.38176
754.93576
755.22452
755.2398
755.25416
755.31708
755.58904
755.60748
756.08116
756.08908
756.22736
756.83776
756.85672
756.95756
757.4288
757.438
757.4418
757.738
757.7402
757.97388
757.97644
758.24308
758.5624
758.80116
758.82204
758.91232
758.91548
759.05096
759.39408
759.39708
759.61092
759.99132
760.07832
760.24368
760.28156
760.7108
760.87908
760.9936
761.00092
761.0102
761.08532
761.08784
761.8686
762.01952
762.33344
762.36604
762.51032
762.7288
763.11964
763.28404
763.62092
763.71816
763.72064
763.86664
763.892
764.15168
764.15516
764.31932
764.32236
764.7444
765.12444
765.15704
765.16104
765.48716
765.49056
766.11632
766.27592
766.28344
766.43064
766.60712
766.72656
766.8768
766.88296
766.89428
767.06816
767.08268
767.43716
767.828
767.83032
768.0544
768.0566
768.0594
768.31476
768.5408
769.0562
769.07564
769.30904
769.59324
769.6026
769.60832
769.89572
770.5398
770.65652
770.66228
770.66484
771.00504
771.18028
771.18248
771.2008
771.25492
771.74348
771.74576
771.96364
772.24168
772.34504
772.5362
772.7566
772.7614
773.00684
773.14184
773.2872
773.36376
773.76324
774.2518
774.26724
774.2764
774.78788
775.0044
775.01284
775.02156
775.54628
775.81592
776.58028
776.58256
776.58516
776.594
776.59972
776.60176
776.98968
777.33796
777.34084
777.36292
777.587
777.59364
777.60004
777.7628
777.76544
777.80532
778.8434
778.85388
779.61068
780.26552
780.33956
780.34196
780.70572
781.43652
781.45032
782.00392
782.00636
782.39716
782.39944
782.41956
782.68404
783.21668
783.22236
783.55944
783.57608
783.86528
783.88188
783.99028
784.01204
784.325
784.92048
785.12324
785.3218
785.33044
786.2986
786.34764
786.47184
786.61748
786.62012
786.82752
787.13372
787.79692
788.44008
788.4532
788.91968
788.9248
788.9774
789.83616
790.16208
790.47004
790.4776
790.6182
790.62664
790.6296
790.94128
791.2028
791.36288
791.49516
791.50396
792.31464
792.42976
792.45152
792.55996
792.86136
793.04944
793.2066
793.20884
793.91552
793.99224
794.33048
794.7248
794.7354
795.30064
795.31556
795.60736
795.86992
796.15104
796.32024
796.33104
796.6782
797.13784
797.16436
797.73824
798.10416
798.2922
798.33736
798.34
798.456
798.87228
799.08656
799.08968
799.58216
799.82296
799.95272
799.95588
800.06784
800.0706
800.51532
800.93152
801.031
801.32992
801.59464
801.60024
801.61736
802.67372
802.69996
802.70248
803.34328
803.34664
803.5848
803.61388
804.26896
804.30012
804.30244
804.54352
804.66836
804.6716
804.76044
805.07796
805.21036
805.22464
805.38964
805.67748
805.81208
805.81452
806.17672
806.17996
806.1912
806.19756
806.22624
806.53648
806.5676
806.9942
807.17876
807.43868
807.44088
807.52048
807.78672
808.047
808.42308
808.72564
808.74868
809.40224
809.40516
809.52372
809.54948
809.92492
810.20416
810.62776
810.63048
810.6336
810.73068
810.83196
810.83448
811.07636
811.08996
811.21152
811.22616
811.2336
811.33624
811.34484
811.7164
811.92516
811.9386
811.94616
811.9582
812.48156
812.56384
813.94088
813.94552
813.95456
814.49344
814.73944
814.74176
815.52544
815.70676
816.31124
816.45836
816.60432
816.6596
816.7212
817.25652
817.7366
817.745
817.92964
817.93496
818.07324
818.59424
818.6454
818.73636
818.99708
819.78944
819.79576
819.83224
820.21476
820.51852
820.683
820.70076
820.77276
821.24124
821.257
821.47572
821.47804
821.86048
822.18608
822.2044
822.31312
822.88268
823.1274
823.37204
823.3782
824.2674
824.28556
824.4068
824.42384
825.15824
825.1606
825.53556
825.93016
826.3744
826.50716
826.7644
827.27684
827.62116
827.87004
827.87296
827.87832
828.14316
828.33296
828.832
829.13052
829.1372
830.28128
830.42308
830.42568
830.87384
830.88388
830.89184
830.90112
831.08136
831.08692
831.95808
831.96272
831.96508
832.04308
832.32396
832.333
832.63808
833.07708
833.3224
833.61196
834.07812
834.38932
834.54296
834.73064
834.736
835.09104
835.25804
835.26176
836.16868
836.18316
836.22896
836.44908
836.79112
837.0566
837.05888
837.09608
837.45304
837.77016
837.86984
837.89256
838.3138
839.01664
839.01916
839.17348
839.55336
839.56412
840.0674
840.09296
840.53624
840.90588
840.909
841.04528
841.14732
841.15032
841.19912
841.24288
841.8248
841.83936
841.85588
842.12132
842.33344
842.52132
842.68428
842.78276
842.9344
843.01812
843.17336
843.34248
843.34524
843.69392
843.7094
844.00884
844.3736
844.73452
844.9852
845.01044
845.43304
845.636
845.71296
845.7164
845.8998
846.14832
846.94744
847.54412
847.6452
847.67904
848.29552
848.50064
848.5242
848.70604
848.7082
849.319
849.63528
849.63756
849.79676
850.4184
850.42044
850.4408
850.80888
851.55892
851.57536
851.7898
851.80384
852.05352
852.05756
852.45164
852.45856
852.46604
852.81944
852.82624
852.90908
852.91152
853.04728
853.2688
853.28072
853.71932
853.767
853.82692
854.03788
854.47152
854.47448
854.59604
854.59868
854.85212
854.8546
855.12384
855.13328
855.14136
855.54548
855.54896
855.62944
856.4648
856.53864
856.79216
856.80176
856.968
856.97072
857.7764
857.7792
857.91752
857.9208
857.9992
858.00208
858.33964
858.76292
859.11644
859.31868
859.61052
859.70928
860.33016
861.14176
861.3514
861.72748
862.12752
862.13332
862.28052
862.35304
862.60344
862.87312
862.87912
863.08064
863.82532
863.96564
863.96824
863.97192
864.06412
864.33096
864.49856
864.50364
865.00392
865.03888
865.0962
865.32304
865.32564
865.59728
865.61684
865.76216
866.3702
866.65988
866.67092
866.8036
866.90156
866.90424
867.36872
867.3872
867.57596
867.59428
868.05364
868.21792
868.22016
868.22836
868.50168
868.92328
868.93616
869.24956
869.72732
869.74244
869.7592
870.33916
870.3466
870.8018
871.04452
871.04688
871.06172
871.21776
871.22704
871.23036
871.73728
871.8372
872.01888
872.12016
872.15652
872.51496
872.5356
872.9218
872.94608
873.2276
873.24128
873.58604
873.59484
874.43432
874.5802
874.65508
874.77876
874.80152
875.25964
875.32456
875.5416
875.86556
875.87872
876.37524
876.4088
876.44688
876.71312
877.20104
877.27276
877.4578
877.46028
877.55492
877.78424
877.79832
878.02404
878.24564
878.27276
878.43448
878.51464
878.67768
878.80196
879.34488
879.53516
879.5572
879.65512
879.82528
880.40896
880.54668
880.827
880.9404
881.07592
881.49064
881.52004
881.6462
881.7898
881.91672
882.07796
882.08576
882.24848
882.8398
883.04176
883.2408
883.70432
883.71944
883.72236
883.81796
884.1068
884.14004
884.80508
885.00356
885.40048
885.47124
885.95148
885.95388
886.06332
886.3118
886.57004
886.58124
886.96668
887.48412
887.49996
887.68608
887.81212
887.8444
887.87928
888.13088
888.13712
888.47712
888.7396
888.75592
888.89748
888.9268
889.15484
889.34928
889.558
889.56744
889.57024
889.58468
889.83108
889.83336
889.83804
890.34276
890.40728
890.41
890.53476
891.02768
891.28912
891.29364
891.62356
891.8736
891.89088
892.14432
892.18516
892.3442
892.7366
893.13828
893.14092
893.51904
893.79796
894.12084
894.3482
894.764
894.88004
894.88796
894.9294
895.09312
895.09772
895.83644
895.962
896.07164
896.07604
896.32496
897.03528
897.04116
897.09568
897.32636
897.3486
897.61832
897.62048
897.684
897.68588
897.99808
898.00104
898.0442
898.141
898.57612
898.58548
898.58796
898.77776
899.10428
899.12832
899.144
899.6834
899.69112
900.10904
900.1304
900.31828
900.32208
900.58664
900.87652
900.88148
900.88716
901.3022
901.65532
901.98792
902.14984
902.16496
902.2842
902.2872
902.30812
902.46844
902.47264
903.10032
903.30124
903.44424
903.70076
904.035
904.7178
904.94372
905.04988
905.0718
905.3196
905.82384
906.188
906.529
906.53408
906.54892
906.56012
906.77412
906.78944
907.19988
907.2338
907.31656
907.32424
907.45032
907.65928
908.14524
908.15312
908.1556
908.53376
908.5462
908.87504
908.87752
908.98004
909.10416
909.11784
909.12052
909.32748
909.43104
909.77716
910.21092
910.21704
910.2756
910.30692
910.31544
910.31808
910.85892
910.86276
911.14224
911.42788
911.68752
911.9688
912.0828
912.48344
912.4856
912.59772
912.6004
913.36872
913.37124
913.37468
913.57624
913.70604
913.82524
913.88072
914.01516
914.04788
914.05092
914.0546
914.72088
914.7294
914.89072
915.49108
915.54948
916.0574
916.06064
916.33832
916.62336
916.63052
916.70748
916.87008
917.03496
917.22344
917.228
917.50604
918.02548
918.39748
918.40196
918.61848
918.6322
918.88476
919.2028
919.20948
919.44636
919.45712
920.00408
920.5624
920.57016
920.57252
920.92712
920.92996
921.09876
921.10188
921.40604
921.5428
921.6682
921.67156
921.67772
921.69596
922.38588
922.7448
923.33216
923.62608
923.74036
923.876
923.88436
924.34168
924.35812
924.76008
924.7784
925.13552
925.14172
925.4936
925.49644
926.14236
926.34328
926.47596
926.47844
926.62648
926.9178
926.97088
927.1204
927.58028
927.85772
927.97152
928.08064
928.08688
928.33288
928.53188
928.63128
929.01312
929.0438
929.0518
929.33376
929.33868
929.3584
929.60436
929.60652
930.48584
930.52768
930.53072
930.75976
930.93944
931.07124
931.1266
931.43024
931.65476
932.20804
932.23936
932.53204
932.55532
932.76436
932.89272
932.8954
932.89784
933.13308
933.26388
933.29456
933.59244
934.11312
934.13184
934.134
934.33048
934.55464
934.76816
934.77208
936.0094
936.289
936.52968
936.53192
936.59228
936.83516
936.9316
937.44636
937.45424
937.45648
937.97264
938.09316
938.09548
938.30084
938.62028
938.63148
939.01664
939.31008
939.32196
939.5946
939.59872
939.86012
940.01176
940.5614
940.7416
940.87116
941.42344
941.75384
941.75624
941.91128
941.98888
942.54648
942.81636
942.9924
943.36816
943.3722
943.9338
944.06956
944.13476
944.14556
944.93852
944.94592
944.94844
945.15112
945.63168
945.83056
946.04144
946.25872
946.26164
946.4892
946.87692
947.85112
947.85672
948.01384
948.01992
948.56628
948.64368
949.319
949.32112
949.51368
950.65412
951.0336
951.04204
951.0556
951.10044
951.35056
951.377
951.62416
951.62732
951.9788
952.33656
952.9032
952.94256
953.13492
953.13972
953.39104
953.39808
953.44772
953.84132
953.84532
953.85028
953.86088
953.87192
954.54284
954.73016
955.08408
955.14968
955.63284
955.88336
955.88564
956.34136
956.34396
957.13472
957.13692
957.15296
957.51704
958.16296
958.31792
958.46004
958.88536
958.88988
959.09276
959.60332
959.84276
959.85416
959.97464
959.977
960.08064
960.33848
961.03916
961.04284
961.12192
961.32876
961.33756
961.61004
961.61444
962.2328
962.24596
962.24832
962.83972
962.84656
963.14644
963.149
963.1514
963.1628
963.82164
963.95624
963.9622
963.98368
963.98684
964.442
964.47008
965.08468
965.3494
965.44904
965.53604
966.09604
966.48456
966.48712
967.25456
967.4012
967.68916
967.69372
967.70596
968.1026
968.1244
968.12684
968.519
968.53516
969.02252
969.2674
969.27572
969.28272
969.79532
970.15228
970.27864
970.30364
970.30624
971.17784
971.25132
971.26896
971.29764
971.58752
971.5936
971.59672
971.72972
971.92036
972.0078
972.32976
972.34212
972.3842
972.76724
972.77556
973.18328
973.98432
974.13488
974.37252
974.50496
974.80924
974.81168
974.9326
975.1042
975.2662
975.42436
975.44048
975.81492
975.9074
976.09584
976.33016
976.49188
976.794
976.9068
976.9098
976.91576
976.94592
977.30412
977.673
978.66472
978.99024
979.09804
979.67144
980.20952
980.31004
980.32596
980.32964
980.47228
980.57752
980.59816
981.16104
981.36532
981.38672
981.97948
982.45828
982.78936
982.97476
983.33092
983.73216
983.96664
984.75872
984.76448
984.94992
985.40864
985.5316
985.6292
985.96896
986.3422
986.52908
986.53152
986.74248
986.75964
987.31972
987.32584
987.65548
987.76308
987.88144
988.16068
988.34908
989.14808
989.15424
989.16484
989.17268
989.50444
989.50748
990.13612
990.29052
990.29404
990.38136
990.89588
990.98076
991.84464
991.8662
991.97328
991.97656
992.0736
992.31964
992.9116
993.04896
993.08844
993.33416
993.61528
993.98232
994.254
994.25984
994.6278
994.99556
995.22124
995.58248
995.76324
995.76744
995.93288
995.9408
996.05412
996.0752
996.09116
996.40264
996.545
996.64512
996.65172
997.08092
997.0862
997.38288
997.7908
998.00568
998.36692
998.47024
998.91624
999.25468
999.25752
999.82016
999.98976
1000.09156
1000.12376
1000.13932
1000.93876
1001.461
1001.75684
1001.76844
1001.87664
1002.04928
1002.17188
1002.48432
1002.77556
1002.78364
1002.78584
1003.16696
1003.83992
1004.366
1004.56768
1004.79616
1004.9332
1005.15872
1005.43516
1005.45752
1005.72704
1005.90028
1006.08896
1006.11352
1006.1192
1006.50844
1006.51168
1006.67272
1007.04212
1007.05372
1007.05876
1007.2282
1007.29816
1007.68668
1007.87592
1008.70192
1008.72732
1008.90872
1008.92744
1008.9388
1009.1862
1009.18992
1009.21596
1009.60364
1010.17268
1010.186
1010.18796
1010.76568
1011.21272
1011.23424
1011.521
1011.52328
1012.16364
1012.37308
1012.75652
1012.7794
1012.78852
1012.91948
1013.76864
1013.88964
1014.02988
1014.37148
1014.37416
1014.81616
1015.21172
1015.52332
1015.86044
1016.09896
1016.1648
1016.1866
1016.4084
1016.63568
1016.7854
1016.7998
1016.80756
1017.31988
1017.92784
1017.93252
1018.00084
1018.01228
1018.54956
1018.776
1019.17128
1019.2898
1019.30036
1019.89308
1020.1738
1021.16036
1021.5214
1022.12304
1022.13572
1022.13828
1022.33316
1022.8834
1022.89068
1023.09324
1023.10408
1023.42376
1023.84172
1023.97628
1024.08004
1024.32944
1024.34632
1025.0456
1025.048
1025.06024
1025.11192
1025.11648
1025.35352
1025.61344
1025.66272
1026.02344
1026.33624
1026.45436
1026.57188
1026.58576
1026.9908
1027.23712
1027.34024
1027.34248
1027.43152
1027.91612
1028.18756
1028.21108
1028.6994
1028.7204
1028.95036
1029.22492
1029.24428
1029.25372
1029.58872
1029.59872
1029.85608
1029.91716
1030.44668
1030.4616
1031.01468
1031.68632
1031.77932
1032.00104
1032.13632
1032.23836
1032.26712
1032.60892
1032.65336
1033.16836
1033.18684
1033.43052
1034.05436
1034.05676
1034.6844
1034.95776
1034.9634
1034.97456
1035.56836
1035.73196
1035.93248
1035.93952
1036.12656
1036.2406
1036.45124
1036.67444
1036.82528
1037.5744
1038.00184
1038.6608
1039.82536
1040.2264
1040.63748
1041.33536
1041.46648
1041.91492
1042.49972
1042.72188
1043.11828
1043.53616
1043.54064
1043.56332
1043.79844
1043.9264
1044.13808
1044.37364
1044.45024
1044.98492
1044.9982
1045.5676
1045.5842
1045.58704
1046.29856
1046.3116
1046.65608
1046.88664
1046.97824
1047.01016
1047.01712
1047.1784
1047.78932
1048.00536
1048.74796
1048.96376
1048.96672
1049.39752
1049.44296
1049.44716
1050.0118
1050.02632
1050.4392
1050.53
1050.53784
1050.75424
1050.7626
1051.11316
1051.11668
1051.33544
1051.63548
1051.89144
1051.8938
1052.16164
1052.16832
1052.17624
1052.35152
1053.14776
1053.16996
1053.35376
1053.5162
1054.28816
1054.3946
1054.91828
1055.43996
1055.98572
1056.0854
1056.08836
1056.34072
1056.96172
1057.06004
1057.09488
1057.14024
1057.33392
1057.63132
1057.69116
1057.71724
1058.06016
1058.07016
1058.95136
1058.96144
1058.96424
1059.10056
1059.12336
1059.52352
1059.57508
1059.92236
1059.93
1059.95372
1060.53132
1060.95628
1061.22428
1061.23964
1061.24188
1061.4592
1062.4654
1062.5164
1062.94108
1062.94904
1062.96636
1063.07808
1063.88124
1063.92596
1064.75396
1064.77288
1064.79912
1065.01244
1065.0354
1065.03792
1065.66836
1066.90168
1067.0616
1067.06944
1067.07948
1067.29432
1067.81
1067.84256
1067.863
1067.996
1067.9986
1068.07436
1068.68028
1068.68348
1069.2712
1069.33928
1069.56624
1069.5688
1069.66596
1069.83548
1070.31096
1070.32848
1070.88324
1070.8872
1071.41648
1071.42756
1071.79936
1071.802
1072.06444
1072.40704
1072.57632
1072.90428
1072.91384
1073.20308
1073.2094
1073.69152
1074.25192
1074.553
1074.74808
1075.10192
1075.12996
1075.14512
1075.45488
1075.57044
1075.57264
1075.5792
1075.93744
1076.16248
1077.163
1077.36356
1077.87492
1077.98124
1078.01068
1078.34676
1078.83164
1078.84104
1078.85256
1079.16244
1079.16464
1079.17096
1079.503
1080.20676
1080.48196
1080.77912
1081.019
1081.03056
1081.3134
1081.62888
1081.6432
1081.91896
1082.01748
1082.55048
1083.33348
1083.338
1083.89472
1084.1816
1084.34744
1085.14676
1085.1606
1085.1662
1085.53856
1086.1354
1086.14988
1086.17384
1086.31572
1086.3666
1086.39976
1086.77712
1086.89508
1086.89736
1086.92132
1087.97212
1087.97428
1087.9904
1088.10136
1089.02672
1089.091
1089.12536
1089.33552
1089.35492
1089.6202
1089.63716
1089.93444
1090.0584
1090.06356
1090.34848
1090.78336
1091.52292
1091.75508
1092.03928
1092.24204
1092.25524
1092.80572
1093.0688
1093.37532
1093.40544
1093.50872
1093.60876
1094.09752
1094.72916
1094.74568
1094.85672
1095.34084
1095.89852
1096.11932
1096.122
1096.12452
1096.6228
1096.7344
1096.73964
1097.07492
1098.02712
1098.48056
1099.28428
1099.73672
1099.7674
1100.08652
1100.13856
1100.14076
1100.70752
1100.71028
1101.12868
1101.43324
1101.4434
1101.61952
1102.345
1102.35936
1102.45084
1102.71732
1102.7498
1103.06552
1103.07156
1103.87652
1103.95464
1104.15784
1104.49664
1104.51008
1104.74844
1104.75692
1104.7694
1104.77412
1104.77832
1105.0688
1105.07932
1105.37888
1105.73616
1105.73848
1105.97676
1105.97952
1106.32436
1106.329
1106.74128
1106.74388
1106.93968
1106.94188
1106.94628
1107.1752
1107.35028
1107.37976
1108.26668
1108.49136
1108.51948
1108.64344
1108.93036
1109.30856
1109.35004
1109.98164
1110.48696
1110.75904
1110.76176
1110.76512
1110.76888
1111.89936
1112.00976
1112.01228
1112.35288
1112.7746
1113.197
1113.21676
1113.25704
1114.02312
1114.40016
1114.77392
1114.77692
1115.09844
1115.10592
1115.31604
1115.3204
1115.88976
1115.99208
1116.35176
1116.3722
1117.15472
1117.158
1117.56604
1118.29808
1118.3742
1118.37656
1118.88896
1119.58712
1119.59856
1119.99408
1120.08012
1120.089
1120.09236
1120.35848
1121.05412
1121.07432
1121.10652
1121.36872
1121.63588
1122.17604
1122.24892
1122.31368
1122.6128
1122.61476
1122.78952
1122.88284
1122.89136
1123.2688
1123.27724
1123.86868
1123.92748
1125.17988
1125.18228
1125.188
1125.27704
1125.35016
1125.64176
1126.26916
1126.27896
1126.2996
1126.87384
1127.0632
1127.06608
1127.07944
1127.20328
1127.9234
1128.1004
1128.221
1128.22368
1128.30932
1128.31328
1128.32316
1128.6926
1128.81824
1129.24168
1129.55408
1129.57972
1129.734
1130.41212
1130.41508
1130.43412
1130.66832
1130.6708
1130.91164
1131.08884
1131.18552
1131.73064
1131.77424
1131.77752
1132.521
1132.7352
1133.0824
1133.22292
1133.35116
1133.55332
1133.85888
1133.86888
1134.23372
1134.30372
1134.34616
1134.491
1134.71668
1134.71908
1134.9414
1135.48888
1135.50276
1135.88412
1136.15784
1136.1602
1136.60776
1137.81084
1137.9098
1138.27016
1138.27428
1138.27716
1138.62212
1138.91788
1139.26852
1139.27084
1139.27776
1139.59904
1140.03028
1140.43812
1140.46184
1140.47052
1140.47296
1140.62588
1140.62836
1140.7974
1141.06392
1141.0694
1141.09912
1141.78204
1142.1596
1142.441
1142.61404
1142.64796
1142.65088
1143.28468
1143.53128
1143.53408
1143.60228
1143.7564
1144.35564
1144.82956
1144.83192
1144.86624
1144.87288
1144.88476
1145.40004
1145.43188
1145.55944
1145.717
1145.7248
1145.79588
1145.80276
1146.794
1146.79688
1147.12736
1147.33468
1147.65432
1147.89816
1147.90136
1148.19636
1148.35752
1148.77716
1148.77972
1149.15512
1149.17556
1149.37912
1150.13404
1150.15468
1150.33528
1150.35424
1150.90232
1150.905
1150.92716
1150.99772
1151.87332
1151.98244
1151.98784
1152.10192
1152.85284
1153.07076
1153.34276
1153.63444
1154.23392
1154.74384
1154.84488
1154.85088
1155.59288
1156.03872
1156.05
1156.4252
1156.45584
1156.46548
1156.83468
1157.30116
1157.45772
1157.62056
1157.96876
1158.00576
1158.22568
1158.60596
1158.98588
1159.18012
1159.76896
1159.7714
1159.89772
1159.95792
1160.13
1160.13472
1160.4746
1160.83764
1160.83996
1161.07092
1161.226
1161.95232
1162.31364
1162.3242
1162.8804
1163.15376
1163.26656
1163.6094
1163.61732
1163.86108
1163.88112
1164.0328
1164.722
1165.32228
1165.92676
1166.229
1166.23168
1166.39432
1166.64152
1166.8528
1167.11356
1167.18024
1167.4094
1167.41256
1167.93792
1167.9466
1168.01048
1168.80484
1168.92436
1169.2398
1169.25416
1169.26756
1169.44632
1170.047
1170.16156
1171.09092
1171.09464
1171.09828
1171.11552
1171.1218
1171.59904
1171.60848
1171.89516
1171.89784
1172.29256
1172.5878
1172.89836
1173.02556
1173.54
1173.54344
1173.5672
1174.36072
1174.36672
1174.51908
1174.70504
1174.90876
1175.3228
1175.67912
1176.0916
1177.04436
1177.05852
1177.28228
1177.8164
1178.13256
1178.36128
1178.56288
1178.77312
1178.7758
1179.09248
1179.63724
1179.64564
1179.90332
1179.90552
1180.17872
1180.35744
1180.77532
1181.15996
1181.16268
1182.1364
1182.1702
1182.34204
1182.46656
1182.47236
1182.90604
1182.92016
1182.93728
1183.11492
1183.14508
1183.864
1183.99192
1184.07936
1184.09188
1184.37344
1184.53504
1185.11296
1185.13448
1185.35804
1185.6446
1185.65196
1185.99912
1186.47708
1186.4824
1187.01648
1187.22168
1187.48732
1187.67824
1187.68244
1188.34436
1189.0136
1189.01592
1189.12972
1189.132
1189.47228
1189.81944
1190.04504
1190.4088
1190.67048
1190.67288
1190.80624
1191.29708
1191.684
1191.7106
1191.84624
1192.31056
1192.31568
1192.86428
1192.8786
1193.2354
1193.24196
1193.4908
1193.69584
1193.70652
1194.14476
1194.22556
1194.36624
1194.38936
1194.71652
1195.07644
1195.0892
1195.67508
1195.76836
1196.04048
1196.11888
1196.25564
1196.85352
1197.08936
1197.26768
1197.37432
1197.37648
1197.3852
1197.54224
1197.85096
1197.94356
1197.9462
1198.38148
1198.38788
1198.39404
1198.399
1198.63216
1198.99968
1199.28296
1199.5154
1199.67944
1199.68428
1199.791
1199.95964
1199.96944
1200.2304
1200.23248
1200.48232
1200.95284
1201.27944
1201.50912
1201.52036
1201.6156
1202.025
1202.78724
1203.25732
1203.27588
1203.5218
1203.71496
1203.73564
1203.73904
1204.1074
1204.12564
1204.51044
1204.51596
1204.85752
1204.87756
1205.0934
1205.381
1205.40096
1205.4168
1205.4996
1205.85532
1205.85848
1206.25744
1206.28008
1206.87392
1206.95364
1206.96076
1207.01332
1207.29932
1207.40768
1207.41792
1207.51836
1208.37808
1208.39568
1208.48812
1208.72872
1209.04216
1209.16524
1209.6568
1210.36736
1210.43712
1210.55888
1210.79228
1211.10716
1211.135
1211.65188
1211.89332
1211.9224
1212.18372
1212.36276
1212.3648
1212.3784
1213.1622
1213.52428
1213.53168
1213.81632
1214.15016
1214.31172
1214.8952
1214.90208
1214.99968
1215.42968
1215.8726
1215.87528
1215.98048
1215.99036
1216.09564
1216.35748
1217.04984
1217.05216
1217.16628
1217.36556
1217.63292
1217.6358
1217.65784
1218.27096
1218.69048
1218.78264
1218.92036
1219.32472
1219.59316
1220.0212
1220.54616
1220.55996
1220.56252
1220.56468
1220.72376
1221.17064
1221.23804
1221.43972
1221.62632
1221.8804
1222.30288
1222.30904
1222.73464
1222.74788
1223.108
1223.53256
1223.54068
1223.71096
1224.1988
1225.027
1225.23624
1225.24256
1225.40656
1225.67692
1226.37832
1226.69224
1226.70088
1226.8416
1226.92512
1226.92744
1227.60376
1228.12912
1228.13136
1228.70808
1228.75784
1228.84956
1228.85296
1228.86488
1229.16112
1229.40768
1229.84556
1230.12916
1230.28444
1230.57796
1230.67128
1230.67784
1231.50556
1231.51308
1231.8548
1232.00648
1232.0206
1232.35568
1233.4138
1233.42
1233.73852
1233.74388
1233.95728
1233.9596
1234.19404
1234.1966
1234.46576
1234.47216
1235.05668
1235.05896
1235.06956
1235.42088
1235.91524
1235.9472
1236.10448
1236.16956
1236.528
1236.53016
1236.71128
1236.93128
1237.9176
1238.61972
1238.7336
1238.75116
1238.86832
1239.97236
1239.97756
1240.13976
1240.38524
1240.38748
1240.77132
1240.77568
1240.96036
1240.9912
1241.75444
1241.77356
1242.03992
1242.36484
1242.36844
1242.4574
1242.548
1242.77336
1242.776
1242.8072
1243.75904
1243.90788
1244.1788
1244.37052
1244.71736
1245.1646
1245.53236
1245.55768
1245.86444
1246.36492
1246.36732
1246.37216
1246.46524
1246.91772
1246.92412
1247.1196
1247.12228
1247.61764
1247.86316
1247.86556
1247.8882
1247.985
1248.002
1248.00524
1248.09532
1248.36488
1249.05428
1249.07152
1249.0742
1249.36316
1249.63156
1249.99348
1250.40092
1250.4778
1251.02064
1251.08792
1251.35072
1251.36772
1251.4248
1251.55528
1251.69116
1252.08856
1252.2502
1252.55836
1252.95988
1252.96332
1253.128
1253.29272
1254.75888
1254.79204
1254.82564
1255.01612
1255.04244
1255.42976
1255.46696
1255.6588
1256.1882
1257.0698
1257.07288
1257.08116
1257.2596
1257.495
1257.61384
1257.83312
1258.46244
1258.56472
1258.5832
1258.90212
1259.07592
1259.1622
1259.45144
1259.45748
1259.46868
1259.48776
1259.83728
1260.03668
1260.29448
1260.30472
1260.50592
1260.7786
1261.0922
1261.58388
1261.58604
1261.78988
1261.79224
1261.96556
1262.83304
1263.06564
1263.0682
1263.54384
1263.67104
1263.918
1264.1584
1265.10572
1265.25148
1265.48948
1265.49352
1265.63892
1265.79444
1265.7994
1265.80644
1265.89076
1265.90032
1265.91192
1266.82612
1266.8492
1266.852
1267.47156
1267.47428
1267.48592
1267.92944
1268.08488
1268.13156
1268.36152
1268.36944
1268.5852
1268.69524
1269.25608
1269.36816
1269.51028
1269.5164
1269.80672
1270.28664
1270.33908
1270.59112
1270.9016
1271.12456
1271.13292
1271.44048
1271.4628
1271.47132
1271.89452
1271.90396
1271.90736
1271.9468
1272.1708
1272.17288
1272.61228
1272.91304
1273.59932
1273.62212
1273.8894
1274.37316
1274.42728
1274.56776
1274.78824
1274.83444
1275.33608
1275.33924
1275.66244
1275.89732
1275.90076
1275.95084
1276.35332
1276.36552
1276.38584
1277.16724
1277.5442
1277.7776
1278.1776
1278.31828
1278.37424
1278.37684
1278.9164
1279.1236
1279.99436
1279.99772
1280.09704
1280.34972
1280.65384
1280.66136
1281.06888
1281.07912
1281.35512
1281.64124
1281.69556
1281.70292
1282.47816
1283.20492
1283.4406
1283.44788
1283.86972
1284.23552
1284.24712
1284.26772
1284.63124
1284.64244
1284.8848
1285.22332
1285.38808
1285.63544
1285.64088
1285.78996
1286.12432
1286.19716
1286.52948
1286.53188
1286.8482
1286.85284
1287.07252
1287.08468
1287.0964
1287.10044
1287.1144
1287.1194
1287.40572
1287.50408
1287.50672
1287.72772
1287.75496
1287.84776
1287.85148
1288.38732
1288.38964
1288.71724
1289.19372
1289.20784
1289.21432
1289.85476
1289.86788
1290.03344
1290.22128
1290.30916
1290.4534
1290.45608
1291.23216
1291.23488
1291.34468
1291.35848
1291.36532
1291.53552
1291.96092
1292.0086
1292.15212
1293.01816
1293.02996
1293.0382
1293.38416
1293.42888
1293.89084
1293.90808
1294.38812
1294.4152
1294.421
1295.04336
1295.05348
1295.53108
1295.539
1295.9566
1296.17908
1296.70968
1297.11696
1297.12748
1297.297
1297.58204
1298.00752
1298.32428
1298.42236
1298.54572
1298.54816
1298.71148
1299.24384
1299.34132
1299.63524
1299.75128
1299.96572
1301.59688
1302.14948
1302.16264
1302.416
1302.81656
1302.89624
1303.5792
1303.58216
1304.20948
1304.31916
1304.49788
1304.51956
1304.67112
1304.69908
1304.70728
1305.43492
1305.43736
1305.79648
1306.04928
1306.36796
1306.42588
1306.80528
1307.33416
1307.37168
1307.66524
1308.18464
1308.3746
1308.77964
1309.18052
1309.5272
1309.58136
1310.37308
1310.39008
1310.92292
1311.11764
1311.13392
1311.86004
1311.86776
1312.01072
1312.08712
1312.10772
1313.07196
1313.09792
1313.36732
1313.70224
1314.158
1314.42588
1314.6358
1314.6536
1315.02496
1315.20844
1315.74408
1315.75172
1316.31996
1316.7964
1316.86428
1317.0116
1317.37392
1317.50532
1317.756
1318.27368
1318.27752
1318.40384
1318.41236
1318.70972
1319.17112
1319.20952
1319.56964
1319.57208
1319.61
1319.80964
1320.22668
1320.23172
1320.2652
1320.9884
1321.19204
1321.20392
1321.4086
1321.98532
1322.3716
1323.24824
1323.52308
1323.92608
1324.79932
1324.92896
1325.74232
1326.43652
1326.80748
1326.87548
1327.0582
1327.4292
1328.07384
1328.65704
1328.80736
1328.98936
1328.99328
1330.25776
1331.01344
1331.25188
1331.7194
1332.12416
1332.29288
1332.3096
1332.63348
1332.9484
1333.05564
1333.51456
1333.85132
1334.11912
1334.12408
1334.12672
1334.43648
1334.45088
1334.71964
1334.82036
1335.43684
1335.46324
1335.7408
1336.1784
1336.18192
1336.293
1336.29724
1336.8766
1337.01764
1337.14288
1337.15436
1337.15708
1337.73316
1337.81536
1337.8184
1338.42916
1338.4322
1339.74956
1339.901
1339.90724
1339.90988
1340.19776
1341.18276
1341.53936
1341.54812
1341.55072
1342.14796
1342.15768
1342.3694
1342.3934
1342.40044
1342.48528
1342.75628
1342.75904
1343.07956
1343.303
1343.5632
