0.0206580985144804
0.0288315390811747
0.0380710382435369
0.0437991862560883
0.0446541742043557
0.0342800351431084
0.0239883625205933
0.0183534756364724
0.0261723724719457
0.0116288368286016
0.00175305125237177
-0.0231560497490618
-0.0203821600690339
-0.0218332671798492
-0.0344303897579859
-0.0106896959247249
0.0031070665327909
0.0120943067236756
0.0250701023843578
0.0407208462564808
0.0362349186616248
0.0539183678902842
0.0743594039154272
0.0964178941974132
0.104658785176558
0.107452750938293
0.0963014997661932
0.0668323399496492
0.0503572509988184
0.00332485097555017
0.00717082766284445
0.0669371619009125
0.124999508560337
0.225750888290597
0.287506522101362
0.237617418711718
0.0649736584370342
-0.183505096282746
-0.404751485053022
-0.51147719800935
-0.429029005317166
-0.254005126330702
-0.0728030431767507
-1.89314515609859e-05
-0.00322490653759687
