-0.0335300750538993
-0.0453218212434207
-0.045462820244849
-0.0388494082434098
-0.0286176545145788
-0.00960587537953494
0.0104905716505591
0.026809998180068
0.0525469421040351
0.0711628576723443
0.0887734463415254
0.0904569787640334
0.0952272649550805
0.0800594804442899
0.0345792006990938
-0.0128703425956303
-0.0484145829580829
-0.106805206137685
-0.134109333175803
-0.148286091194734
-0.169481650181136
-0.152892694184941
-0.133997832639814
-0.112572364252774
-0.0604715264103287
-0.0184237961990031
0.0408352312216242
0.0900464514471149
0.135331953898333
0.179293502847658
0.206453958729926
0.231177683663215
0.26497764517007
0.28006004484011
0.257193574750464
0.215384385848151
0.101343982010754
-0.0628299063821847
-0.234474088649797
-0.358516251445146
-0.367647236381647
-0.232931932383346
-0.0735801601994072
-0.00839842923806375
-0.0142326138793931
