-0.00890117139288026
0.0126844584808612
-0.00736787147014909
-0.0116143962192628
-0.00993154427450025
-0.0082148223773403
0.00711077079169211
0.00759446002977263
0.00894229082164915
-0.0163494627454617
-0.0130093737149171
-0.000116310362799911
-0.0108689402866755
-0.00583884426543497
-0.0170692389136734
-0.0206332424121719
-0.0116712334333988
-0.0224802697275869
-0.0248237178850622
-0.00973135708035736
0.00200696494284787
-0.00931258774258706
-0.01707208318164
-0.046006985215938
-0.0521413566912996
-0.0279973048358337
-0.0352918260486475
-0.0290133989095373
-0.0067997038257941
0.00569919124998751
-0.0297438341046275
-0.0845211494512728
-0.136523451179468
-0.199761663627747
-0.218370546054309
-0.110117177269354
0.116124154511114
0.332514866918952
0.503611917463185
0.512102437244445
0.398329683673798
0.241687677578945
0.0684389691200621
0.0146974471873066
0.0101480155011857
