0.5754
0.7289
1.066
1.5535
2.6315
3.0913
3.7946
4.0639
4.0908
4.5354
4.5382
4.5442
4.5538
4.5759
5.9473
7.0053
7.0516
7.9424
10.5121
10.5172
10.522
10.5239
10.5262
10.5342
12.7089
13.7769
13.7949
13.8829
14.5098
14.765
14.9636
15.1703
15.2366
15.2786
15.3462
15.3507
15.9741
16.4376
16.5121
16.5133
16.716
16.758
16.7627
17.2059
17.2381
17.4061
17.6093
17.6185
17.9888
18.3439
18.8286
18.8319
19.1549
19.2543
19.5732
19.7172
19.722
19.7243
19.8481
19.8523
19.9915
20.0502
20.2484
20.3783
20.4963
20.7898
22.1756
22.8891
23.2751
24.0978
24.4685
24.7586
24.7818
24.9761
25.0901
25.5287
25.5571
25.9622
26.0075
26.1084
26.4
26.449
26.4589
26.4641
26.4813
27.2053
27.4649
27.7017
27.7503
28.2046
28.2816
28.4314
28.4463
28.4629
28.5863
29.6927
29.9313
30.29
32.383
32.6475
32.9371
32.9804
33.4568
34.0258
36.3741
36.4285
36.4587
36.6747
36.8018
37.4632
38.4675
39.8231
40.1527
40.1617
40.7095
41.3027
41.9572
42.3393
42.3522
44.3746
44.5715
44.592
44.7866
46.0261
46.2309
46.7877
46.792
46.8621
46.8976
47.0132
47.3738
47.8295
48.0681
48.0895
48.1274
48.2395
48.3504
48.584
49.2389
49.2402
49.4467
49.7251
49.8156
50.3414
50.4109
50.8192
50.8283
50.9732
51.0547
51.1194
51.124
51.1831
51.417
51.6763
51.6899
51.7533
51.8166
51.8243
51.9562
52.0048
52.0738
52.1352
52.2059
52.2082
52.7768
55.0658
55.1186
55.3007
55.3423
55.5635
55.8284
55.9043
55.9243
55.9292
55.9554
56.1491
56.8129
56.8208
56.9079
57.2789
57.3217
58.0409
58.7769
59.2647
59.3791
59.7675
59.7942
60.852
60.8632
61.0236
61.0317
61.3847
61.7674
64.1703
64.2248
64.45489999999999
64.47450000000001
65.452
68.1956
68.2141
69.39749999999999
70.16589999999999
71.27719999999999
73.6951
74.1709
74.2022
74.31480000000001
74.3584
74.7803
75.23309999999999
75.5869
77.5539
77.5585
77.7457
77.92619999999999
78.49979999999999
78.58069999999999
78.6262
78.9945
79.01049999999999
79.1867
79.4085
79.78870000000001
79.9239
79.9298
80.17359999999999
80.1764
80.4252
80.5645
80.5868
80.64190000000001
80.6439
80.6493
80.6563
80.8695
81.07559999999999
81.27809999999999
81.64319999999999
81.648
82.1656
82.2441
82.3364
82.5629
83.095
83.3723
83.9114
83.9131
85.9396
87.25320000000001
87.5282
89.111
89.6048
89.60899999999999
89.62820000000001
89.6422
90.10769999999999
90.1987
90.5116
90.6546
91.1036
91.3627
91.3788
91.7337
91.9551
92.26430000000001
92.95399999999999
93.3579
93.584
93.5908
93.6084
93.7123
93.85380000000001
93.91800000000001
94.0775
95.0339
95.80329999999999
96.68980000000001
96.8317
96.9393
97.4301
98.905
99.10169999999999
99.56740000000001
99.66119999999999
99.8366
100.0224
100.0253
100.0285
100.0315
100.0342
100.0384
100.1149
100.4178
101.4523
102.3525
102.5663
102.7859
102.8501
102.9017
103.3446
104.0838
104.5078
105.9901
106.0996
106.3184
108.255
108.7317
109.3865
109.4911
109.5044
109.8193
109.9926
110.0072
110.0457
110.0784
110.4499
110.452
110.6349
110.8297
110.8393
110.8421
111.0546
111.163
111.2031
111.3319
111.4731
112.1349
112.249
113.0006
113.4827
113.4878
113.5988
113.6621
114.3228
114.485
114.6486
115.0716
115.079
115.4803
115.7543
118.3032
118.715
119.474
119.7382
119.7663
119.9471
119.9519
121.4746
121.9475
122.563
123.4955
123.561
123.9453
124.7827
124.9219
124.9887
125.4266
125.9332
126.0365
127.9636
128.198
129.6659
131.1308
131.8582
131.8603
131.8655
131.8677
131.8738
131.9277
131.9975
132.4047
133.1711
133.2221
133.4517
134.3501
135.2759
135.7788
136.235
136.8214
137.2885
137.6758
137.836
137.8401
140.0586
140.8081
140.8638
141.2259
141.8206
141.8247
141.8285
142.0798
142.2155
142.4169
142.4493
142.6645
142.9316
143.1006
143.1784
143.4739
143.7428
144.3093
144.312
144.3195
145.2248
145.4833
145.6618
145.8378
145.8419
146.1616
146.3212
146.4626
146.5302
146.5367
146.7601
146.9639
147.0411
147.3121
147.3224
147.3776
147.4456
147.5739
147.977
150.3355
150.5671
150.7271
150.9455
151.0914
151.4219
152.3346
152.7604
152.7632
152.7756
152.9083
153.0444
153.2646
153.2665
153.3457
153.4891
153.67
153.8168
154.0346
154.125
154.2892
154.6338
154.7869
154.8202
154.8889
155.2639
155.534
155.8604
155.9553
156.2682
157.0192
157.0376
157.2549
157.5289
157.7608
159.6347
160.3
160.8485
163.6921
163.7028
163.7712
164.5637
164.7476
164.9657
165.9823
166.6868
166.7226
167.142
168.4316
168.6851
168.7635
169.5344
169.8375
171.9409
172.2582
172.2643
172.6156
172.7981
173.0359
173.3946
173.9242
174.5026
174.5359
175.4198
175.6715
175.8528
175.9147
175.9302
176.1518
176.1541
176.3637
176.6035
176.7667
176.9617
177.7598
177.8336
177.9973
178.1491
178.2151
178.3063
178.6632
178.8537
179.009
179.01
179.2822
179.62
182.9847
183.4597
185.0983
185.1011
185.2311
185.9229
187.5966
188.5897
188.5961
188.599
192.1838
192.5008
194.6985
195.5328
195.5515
195.5901
196.9891
198.0425
199.5142
199.7067
199.9068
200.1307
201.4952
201.5214
203.7393
204.8668
204.8851
205.1347
205.2643
205.3914
205.419
205.4886
205.4936
205.9594
206.5245
206.6816
207.2487
208.0958
208.6014
209.3281
210.4244
210.6414
210.7121
210.9849
214.439
215.846
216.426
217.4333
217.7082
217.9302
218.4644
218.9286
218.9466
220.9173
221.0187
221.2797
224.1714
225.1221
225.3352
225.7542
225.9971
227.1231
227.365
233.6606
236.1867
236.8916
236.8943
237.4979
237.7784
238.0283
238.1662
238.7946
238.9058
239.0762
239.5842
240.2677
240.9449
241.3798
241.659
241.8752
242.1045
242.1757
242.2076
242.2573
242.4024
242.4087
242.6145
242.9529
243.0006
243.0769
243.3251
246.3508
246.8001
246.8744
247.286
247.2891
248.2717
248.3624
248.5565
248.8575
249.1836
249.2636
249.2688
249.346
249.5936
249.625
249.7611
249.8269
250.2891
250.3008
250.5655
250.6864
250.7569
250.7601
250.9211
251.1254
251.2589
251.7524
251.9088
252.6161
253.4597
254.0324
254.8606
255.2454
255.2598
255.4118
255.6964
256.7072
257.2539
258.8623
259.1855
259.1869
259.1902
259.2744
260.1747
260.6136
262.1876
262.4411
263.165
263.4554
264.1386
265.1604
266.8282
267.3714
267.6265
268.4369
269.0483
269.1505
269.1533
269.223
269.6108
270.3258
270.6308
270.6428
270.9108
271.299
271.3189
271.4148
271.417
271.4208
271.7504
271.7895
271.8672
272.0643
272.067
272.2739
272.6403
272.6483
273.003
273.3243
273.3375
273.8901
274.4358
274.6382
274.6402
274.7
274.7796
274.9034
277.9325
278.5306
278.6957
278.9565
279.0716
279.7264
279.944
280.1041
280.2272
280.3994
280.4942
281.8721
282.4961
282.5909
282.8664
283.3866
283.5905
284.8667
285.0691
285.0891
287.0577
287.0611
287.2924
288.0661
288.0963
290.3295
290.5507
291.0187
291.0365
291.106
291.1704
291.5207
291.7609
292.4955
294.3292
294.3439
295.7403
297.0119
297.0371
299.2197
299.9737
299.9795
300.1359
300.7579
301.1037
301.4495
301.4607
302.0402
302.4625
302.6308
302.8153
303.0037
303.0077
303.2407
303.8996
304.1046
304.4765
304.8298
305.1586
305.6261
305.9956
306.0698
306.072
306.3392
306.4793
306.7383
308.5768
311.144
311.4392
311.7222
312.8424
314.4234
315.1935
316.18
319.115
319.8787
320.9375
322.867
322.8934
325.9692
326.2645
326.4129
326.4683
328.8287
329.0118
329.4288
332.1962
332.2027
332.8231
333.0872
333.6647
333.7799
333.9926
334.5788
335.3007
335.4304
335.5202
335.6569
335.827
335.8944
336.2276
336.3949
336.4031
336.8323
336.9996
337.2516
337.2576
337.315
337.4026
338.0345
338.4407
338.4452
338.8504
341.1418
341.8457
342.1067
343.1068
343.543
343.6052
344.2367
344.5532
344.7567
344.7601
344.9131
346.7764
347.0354
347.101
347.1107
347.2454
347.3047
347.7497
349.7943
350.7065
350.9092
352.8602
358.059
359.0454
360.6963
361.8578
362.5997
364.0702
366.1286
366.2054
366.4127
366.6989
366.9046
367.1334
367.3964
367.8872
367.992
368.1408
368.1436
368.1508
368.319
368.571
368.8271
368.9871
369.0664
369.1389
369.4401
369.7266
370.0842
370.2844
370.824
374.1177
375.1049
376.1125
376.121
377.5911
377.9603
378.1838
379.0745
379.1014
380.5719
380.5795
384.4199
386.5331
386.6038
388.1049
391.3008
392.4852
392.4887
392.4902
392.5005
392.5066
392.712
393.7726
394.0885
395.8746
396.3099
396.4831
397.3194
397.3296
397.6703
398.4905
398.497
398.746
398.9666
399.088
399.4918
399.7854
399.9824
400.66
400.8157
400.971
400.9868
401.1328
401.2746
401.2806
401.3829
401.42
401.5628
401.9836
402.2387
402.3015
406.9302
407.9367
408.4319
409.9208
409.9637
410.4849
410.7211
411.4098
411.4146
413.087
414.6575
414.685
415.6748
416.758
419.0101
419.0809
420.4578
421.4277
421.9838
424.323
424.6033
425.0031
425.0123
426.7755
427.6953
427.7156
428.3103
428.6848
428.7736
428.8329
429.0003
429.4938
429.5499
429.7911
430.0694
430.0775
430.3263
430.9453
431.2287
431.2402
431.6186
431.7069
431.8123
431.8911
432.0132
432.3249
432.3332
432.4154
432.655
433.3982
433.6409
433.8054
433.8674
434.0672
434.1367
435.378
436.8003
437.0566
438.3009
438.3152
438.813
438.8662
439.9084
441.2547
441.2701
441.9175
442.0399
442.1502
442.1604
442.183
442.2467
442.2524
442.2563
442.5316
442.7663
443.2333
443.2443
444.0181
444.2455
446.5394
446.9867
447.2318
447.4418
447.7946
448.8744
450.2008
453.209
453.3451
453.5997
454.0985
454.2772
454.5942
455.2006
456.106
456.1737
456.2947
457.4802
457.9694
457.9963
459.2765
459.5317
459.5419
460.1467
460.1656
460.6092
460.6107
460.8353
460.8705
460.9863
460.9893
461.3221
461.3236
461.9025
461.9082
461.9115
462.0461
462.1605
462.1666
462.854
462.9858
463.067
463.1655
463.4554
463.46
463.5379
463.5641
463.8221
464.2452
464.3958
464.4809
464.7837
465.0832
465.1887
465.227
465.305
465.3732
465.46
465.5036
465.6876
465.7711
465.8995
465.9067
465.9205
465.9592
466.1759
466.1813
467.0641
468.4835
469.1281
469.1396
469.6085
469.6222
469.9232
469.9324
469.9539
470.1664
470.2401
470.4187
471.0266
471.7353
471.876
472.1108
472.589
472.8665
473.5817
473.5864
474.0985
474.5673
474.6166
474.645
474.9118
475.1722
475.4543
475.5703
475.5795
475.7457
475.8931
476.0744
476.0759
476.1446
476.2126
476.3388
480.2684
480.7836
480.8474
