0.7317
2.1485
3.0913
4.5373
4.541
4.544
4.5471
4.554
4.6106
4.6424
4.649
4.6532
5.0362
5.4095
5.4251
5.4728
5.5333
5.751
5.7861
5.7918
5.9499
5.9828
6.1071
6.1375
6.3259
6.3887
6.7645
6.9079
7.5224
7.5384
7.6299
9.9986
10.5098
10.5123
10.517
10.521
10.5279
10.5348
10.5615
10.6433
10.7048
10.7544
10.8956
11.0695
11.0758
11.2423
11.4089
11.4253
12.3022
12.7015
12.9086
12.9813
13.3419
13.3548
13.58
13.8789
13.884
13.8879
13.8913
13.8941
13.9015
13.9027
14.0274
14.1171
14.1463
14.3297
14.499
14.5014
14.5028
14.5088
14.5236
14.5423
14.5553
14.5824
14.6129
14.9605
14.9696
15.0005
15.0269
15.3471
15.3563
15.4279
15.6805
15.6825
15.6845
15.6883
15.7031
15.9869
16.0064
16.2642
16.2665
16.2749
16.2878
16.3272
16.4242
16.522
16.5247
16.5291
16.7713
16.9965
16.9976
17.0279
17.2128
17.2141
17.2273
17.2385
17.2447
17.251
17.2709
17.2925
17.4203
17.4223
17.4237
17.4323
17.4504
17.6218
17.6248
17.645
17.8081
17.8143
17.8187
17.9058
18.0044
18.0123
18.1802
18.1834
18.2017
18.354
18.3562
18.3624
18.3996
18.5314
18.5415
18.6982
18.8509
18.8574
18.8632
18.8712
18.9998
19.0012
19.0066
19.0106
19.1543
19.1586
19.1658
19.1769
19.3051
19.3088
19.317
19.3669
19.4684
19.6107
19.7227
19.8667
19.8705
19.883
20.008
20.2728
20.5486
20.6232
20.6383
20.7678
22.1951
23.5046
24.9734
25.0222
25.0446
25.1569
25.9608
25.9852
25.9954
25.9991
26.0011
26.0023
26.2802
26.4527
26.4668
26.4894
26.492
26.4932
26.4983
26.5712
26.9411
26.9452
26.9524
27.0023
27.3829
27.4835
27.5289
27.9352
27.9389
27.9488
27.9523
27.9598
28.0052
28.2242
28.4332
28.4354
28.4435
28.4449
28.472
28.5287
28.9335
29.3275
29.4293
29.4308
29.4344
29.5645
29.9248
29.9327
29.9719
30.4246
30.5428
30.6596
32.4021
36.3777
36.3852
36.399
36.4255
36.4562
36.5016
36.8577
36.9218
36.9681
37.1301
37.7008
37.78
37.8284
37.9844
38.2141
38.344
39.3683
39.3765
39.3888
39.4213
39.4249
42.2633
42.3524
42.3572
42.3616
42.3736
42.377
42.6849
42.7039
42.8901
42.9143
42.9193
42.9659
43.3463
43.5647
43.8989
44.0035
44.0207
44.1337
44.4676
44.4915
44.6202
44.622
44.6787
44.8179
44.8563
44.9751
45.0501
45.7093
45.7128
45.7151
45.7205
45.7256
45.7413
45.7677
45.788
45.8218
45.944
45.955
46.3253
46.449
46.4922
46.791
46.793
46.8016
46.8295
46.8315
46.8582
47.0753
47.1777
47.1801
47.1829
47.5174
47.8174
47.8843
48.0953
48.0984
48.1001
48.1051
48.1226
48.3542
48.3576
48.3739
48.601
48.6142
48.826
48.8294
48.8331
48.8589
49.0463
49.0505
49.2636
49.2714
49.4531
49.457
49.5254
49.6525
49.7258
49.862
50.0104
50.0144
50.029
50.0337
50.3532
50.3543
50.3597
50.3976
50.5166
50.6854
50.8388
50.9902
51.1349
51.1383
51.1531
51.2827
51.4475
51.5668
51.5752
51.9689
52.1395
52.2261
52.2675
52.3828
52.4115
52.462
52.4675
54.8858
55.2617
55.3372
55.3826
55.4066
55.8199
55.8338
56.0081
56.3487
56.8099
56.838
56.8748
56.882
57.3073
57.3169
57.3319
57.3451
57.5333
57.783
57.7907
57.7942
58.2617
58.3512
58.3956
58.7757
58.784
58.8087
58.8266
59.2205
59.2831
59.7705
59.8072
59.8341
59.8375
59.8668
60.2677
60.2716
60.2757
60.2827
60.3713
60.4123
60.7624
60.7663
60.7876
60.8267
60.8858
61.2623
61.3403
61.7609
61.7668
61.8054
61.9186
62.2548
62.2588
62.2606
62.2666
62.2944
62.447
62.4623
64.2508
67.2731
68.203
68.206
68.2119
68.215
68.2205
68.2852
68.3043
68.3627
68.4333
68.4772
68.58580000000001
68.6129
68.70829999999999
68.9128
69.2629
69.5057
69.56319999999999
69.6193
69.6658
69.8172
69.8197
70.0835
70.3334
70.5442
70.56359999999999
71.0472
71.2084
71.2722
71.3802
72.1819
73.8673
74.1807
74.19289999999999
74.19880000000001
74.20010000000001
74.20740000000001
74.3381
74.3968
74.414
74.4772
74.5445
74.8676
74.93689999999999
75.224
75.5564
76.4956
76.5373
76.5498
76.56229999999999
76.5737
76.6228
76.6682
76.76439999999999
76.80970000000001
76.8335
77.1519
77.2217
77.2908
77.3614
77.4692
77.54519999999999
77.5479
77.54989999999999
77.5598
77.56359999999999
77.56950000000001
77.58150000000001
77.5874
77.629
77.672
77.726
77.7698
77.93089999999999
78.1611
78.1664
78.16800000000001
78.1841
78.1944
78.2323
78.6284
78.68040000000001
79.0121
79.0175
79.0301
79.3428
79.3449
79.3488
79.3599
79.6292
79.92789999999999
79.93980000000001
79.9594
80.1866
80.188
80.19029999999999
80.1922
80.2988
80.43219999999999
80.4539
80.6711
80.6816
80.8797
80.8896
81.08410000000001
81.0866
81.1097
81.1108
81.1153
81.1658
81.2856
81.2898
81.3019
81.4761
81.50239999999999
81.593
81.66549999999999
81.68470000000001
81.69110000000001
81.8472
82.0261
82.0282
82.0459
82.0716
82.18729999999999
82.1895
82.20050000000001
82.3494
82.35250000000001
82.354
82.3827
82.4192
82.5124
82.5142
82.66670000000001
82.6716
82.68510000000001
82.6902
82.8274
82.83410000000001
82.83759999999999
82.9659
82.96899999999999
83.11799999999999
83.253
83.5384
83.6681
83.6711
83.6763
83.7966
83.94370000000001
84.0565
84.0616
84.0972
84.28449999999999
85.8986
86.7187
86.72199999999999
87.8001
88.1396
88.6277
88.6442
88.72799999999999
88.7906
89.0916
89.1337
89.1728
89.1833
89.19159999999999
89.206
89.2713
89.28230000000001
89.2985
89.6739
89.6756
89.67959999999999
89.6812
89.6992
90.14490000000001
90.14870000000001
90.3143
90.6086
90.61190000000001
90.64700000000001
90.6541
90.7295
91.1429
91.1546
91.15860000000001
91.3539
91.6009
91.60299999999999
91.6048
91.64230000000001
91.645
91.64870000000001
91.66160000000001
91.7687
91.819
92.09780000000001
92.09999999999999
92.1036
92.2406
92.4906
92.59869999999999
92.60250000000001
92.614
92.6264
92.6579
92.9659
93.0949
93.0989
93.5883
93.5932
93.6007
93.6093
93.6754
93.79049999999999
93.82510000000001
94.0909
94.1936
94.5938
94.60469999999999
94.6664
95.0305
97.6692
100.037
100.0382
100.0392
100.0433
100.047
100.0483
100.0694
100.0782
100.1093
100.1185
100.3034
100.3199
100.5816
100.7797
100.8911
100.91
101.2124
101.3054
101.7581
102.007
102.2621
102.7674
102.792
102.8603
102.9176
103.1148
106.0217
106.0294
106.1307
106.1492
106.4181
106.6024
106.7293
106.8703
106.9506
107.0939
108.1798
108.3053
108.5491
108.6025
108.9776
109.0972
109.1436
109.1533
109.1896
109.3707
109.3726
109.3763
109.3783
109.381
109.3854
109.3965
109.4006
109.415
109.4216
109.4638
109.5298
109.6004
109.9998
110.0998
110.1186
110.2317
110.4574
110.4592
110.5118
110.5354
110.8443
110.8604
110.867
111.1806
111.1843
111.2077
111.5004
111.5108
111.7614
112.019
112.074
112.0781
112.2631
112.265
112.2793
112.4919
112.4949
112.4964
112.7087
112.7142
112.7156
112.725
112.7324
112.959
113.118
113.1199
113.1278
113.1455
113.3126
113.316
113.3222
113.3316
113.3606
113.4962
113.4987
113.6764
113.6779
113.7015
113.734
113.8712
114.0207
114.037
114.1896
114.2022
114.2147
114.344
114.3509
114.5034
114.5246
114.802
115.0912
115.1166
115.2272
115.2304
115.3695
115.6481
115.7573
115.8923
115.9105
115.9422
116.0463
116.0602
116.1265
116.1814
116.8915
118.5731
119.0457
119.0495
119.498
119.9804
120.0321
120.5062
120.5209
120.7392
120.7416
120.9646
120.977
121.0208
121.0498
121.1113
121.4707
121.9706
122.0183
122.0575
122.4502
122.4803
122.4822
122.6239
122.6417
122.9388
123.0306
123.0845
123.4417
123.5119
123.5853
123.6292
123.9342
123.9369
123.9407
123.949
123.9677
124.52
124.5297
124.6558
124.9276
125.0771
125.4228
125.4252
125.4438
125.9473
125.9503
126.0499
126.2702
127.8914
131.8732
131.8758
131.8782
131.8803
131.8961
131.9134
131.9424
132.0394
132.1156
132.2211
132.4759
134.1782
137.8484
137.8533
137.8558
137.8869
137.9853
138.1374
138.2488
138.2848
138.5416
139.1757
140.0112
140.2065
140.2099
140.8128
140.8702
140.9036
141.2026
141.2055
141.2099
141.2117
141.2447
141.3744
141.4046
141.8299
141.8326
141.8413
141.8942
142.2894
142.2913
142.2943
142.2958
142.3051
142.3104
142.3715
142.6731
142.6897
142.7209
142.7454
143.0187
143.0241
143.0927
143.3144
143.3154
143.3189
143.3723
143.5941
143.5977
143.6603
143.8511
143.8547
143.865
143.9237
144.0959
144.3299
144.5498
144.5584
144.5793
144.7524
145.145
145.1462
145.1495
145.169
145.3294
145.331
145.5086
145.6852
145.7054
145.8508
145.8531
146.1789
146.1897
146.3326
146.3369
146.4862
146.6336
146.6348
146.6377
146.7743
146.781
146.938
146.9717
147.0617
147.0881
147.1983
147.4828
147.5918
147.7242
148.8752
150.356
151.3267
151.3517
151.3645
151.3679
152.3206
152.3571
152.3808
152.4358
152.8071
152.8581
153.2804
153.3387
153.3413
153.7938
153.8566
153.9707
154.1402
154.2093
154.2756
154.2855
154.3261
154.4491
154.7894
154.8092
154.8147
154.8186
154.942
155.449
155.7616
155.763
155.7682
155.7781
155.7846
156.2949
156.3022
156.5331
156.7576
156.7764
156.7851
156.7875
156.7991
157.0013
157.247
157.2609
157.3646
157.7525
157.7546
157.7659
157.7901
157.7929
163.7038
163.7137
163.7157
163.7186
163.7206
163.7362
163.767
163.8211
163.8459
163.9286
164.1789
164.2018
164.2892
164.4382
164.4727
164.6287
165.2164
166.5717
166.6925
166.7102
166.8697
169.6785
169.7001
169.7032
169.7084
169.7914
169.876
169.9386
171.4096
172.0312
172.0334
172.0717
172.0747
172.0817
172.7735
172.851
172.8721
173.0325
173.0406
173.0427
173.0551
173.076
173.1163
173.1326
173.1796
173.2715
173.5832
173.6602
173.6618
173.6851
173.7316
173.7886
173.967
174.1186
174.1207
174.123
174.1243
174.1497
174.1821
174.2021
174.2217
174.2602
174.5121
174.5244
174.5519
174.8667
174.871
174.8826
175.424
175.4291
175.4356
175.4604
175.4808
175.6902
175.7538
175.9475
175.9894
176.1599
176.1915
176.3782
176.4318
176.464
176.5926
176.6025
176.6092
176.8152
176.9703
176.9873
177.1706
177.179
177.2203
177.3492
177.3575
177.5227
177.5295
177.5351
177.6934
177.8678
177.8695
177.8797
178.013
178.0243
178.0297
178.1674
178.3238
178.4619
178.6077
178.6284
178.7577
178.9106
178.9213
179.2948
179.4307
179.4341
179.5594
182.7295
182.7346
182.7403
183.6928
183.7519
183.9714
184.2184
184.3196
184.6445
184.6481
184.6779
184.6828
185.174
185.1854
185.1887
185.1924
185.2045
185.6156
185.6384
185.7367
186.1035
186.1237
186.1569
186.1693
186.1711
186.2614
186.6045
186.6228
186.6742
186.6756
186.7027
186.7053
186.8194
187.0996
187.1185
187.1323
187.1442
187.1807
187.19
187.2101
187.6023
187.6081
187.6205
187.6408
187.6739
187.6908
187.7204
188.0878
188.0908
188.0961
188.0997
188.5872
188.5898
188.5922
188.6026
188.608
188.6286
188.6775
188.6844
188.7439
188.8713
189.089
189.0985
189.1013
189.2907
189.3253
189.4849
189.5871
189.5896
189.5967
189.6299
189.7874
190.3172
190.5272
195.5346
195.5416
195.5809
195.6776
195.6831
195.8215
195.8701
195.9533
196.0298
196.2281
196.2724
196.3136
196.7309
196.7525
196.7826
198.0188
198.0279
198.5725
198.5938
198.6949
200.4175
201.5138
201.5161
201.5174
201.52
201.5439
201.5757
201.6707
201.9053
202.0059
202.1004
202.5885
203.8058
203.9097
203.919
204.0179
204.0278
204.0594
204.54
204.6273
204.6562
204.7563
204.865
204.8696
204.8842
204.8871
204.9107
204.9675
205.0302
205.3292
205.4
205.4921
205.4998
205.5024
205.511
205.5157
205.5234
205.9509
205.9568
205.9579
206.0174
206.0717
206.1442
206.3412
206.3459
206.6729
206.6744
206.6768
206.7528
206.9763
206.9774
206.9795
206.9829
206.9869
207.0033
207.0649
207.2592
207.2948
207.5141
207.5198
207.5825
207.7634
207.822
207.9889
207.9901
208.0103
208.0862
208.2066
208.2104
208.2128
208.2164
208.2269
208.4161
208.4356
208.6203
208.7147
208.8178
208.8376
208.8666
208.943
209.0178
209.0349
209.1734
209.1746
209.1775
209.3528
209.5196
209.5213
209.6817
209.6842
209.8565
209.8694
209.9985
210.0028
210.0362
210.4467
210.5821
210.5915
210.5945
210.6069
210.7348
210.7379
210.8616
210.9993
211.1311
211.1326
211.2606
211.2645
211.3891
211.6203
214.5021
214.5917
215.1621
215.2003
215.5293
215.9786
215.9822
216.4496
216.5215
216.9491
216.9711
216.9893
217.0347
217.0992
217.108
217.4972
217.5064
217.5548
217.9582
217.9816
218.4338
218.4867
218.5645
218.9248
218.94
219.0331
219.4262
219.4287
219.4611
219.5268
219.6138
219.9246
219.9273
219.9586
220.1119
220.3059
220.4163
220.4209
220.4234
220.451
220.5232
220.6121
220.9188
220.9216
220.9237
220.931
221.0647
221.4114
221.4146
221.9226
222.1096
227.3649
227.3668
227.3715
227.3757
227.3796
227.3914
227.4033
227.4237
227.4411
227.4542
227.4829
227.4924
227.5285
227.5487
227.6202
227.7974
227.877
228.1136
228.4984
228.7652
228.8053
229.3244
230.0928
230.5423
232.2624
232.5574
233.3524
233.3561
233.3578
233.3897
233.411
233.7076
233.8262
234.3688
235.699
235.7036
235.7249
235.8065
235.8231
235.8817
235.9121
235.9673
236.376
236.4039
236.4257
236.7105
236.716
236.7173
236.7383
236.8045
236.8608
237.2224
237.3235
237.3273
237.3297
237.3332
237.4979
237.7903
237.7924
237.8753
238.1752
238.1778
238.5152
238.5325
238.816
238.8199
238.8218
239.0929
239.1997
239.361
239.6002
239.6207
239.6847
239.8312
239.9117
240.0453
240.0522
240.2498
240.4792
240.649
240.8583
241.0143
241.016
241.0219
241.2458
241.6854
241.8366
241.854
241.9882
242.0036
242.1486
242.9683
243.1005
243.4027
243.4057
243.4116
243.5384
243.6555
245.9595
247.3716
247.4178
247.8749
248.8346
248.8601
249.3448
249.3529
249.7799
249.9531
250.2745
250.7849
250.807
250.8686
251.2658
251.2736
251.3519
251.3716
251.755
251.8038
251.8657
252.2573
252.269
252.2828
252.3064
252.7841
253.2498
253.2556
253.3429
259.1946
259.202
259.2045
259.2069
259.2101
259.2123
259.2141
259.2397
259.2749
259.2916
259.2975
259.3129
259.3669
259.4163
259.6147
259.78
259.9023
260.368
260.7713
265.1788
265.1816
265.1864
265.2028
265.2477
267.5444
267.5727
267.5913
267.6187
268.307
268.3699
268.3986
268.55
268.5806
268.587
268.6729
268.7112
268.7836
269.1609
269.1681
269.2602
269.6212
269.642
269.6758
269.6917
270.3527
270.3697
270.3784
270.3911
270.6687
270.6756
270.6885
270.9321
271.1981
271.2099
271.4395
271.7182
272.144
272.2613
272.2944
272.4769
272.8545
273.033
273.2037
274.5452
275.3173
275.9724
278.729
279.1974
279.2002
279.6836
279.8957
280.112
280.1605
280.1644
280.2221
280.2261
280.7087
280.8688
281.1593
281.2363
281.638
281.7023
281.7059
281.7119
281.7131
282.1312
282.1348
282.1744
282.1778
282.1935
282.249
282.6466
282.6754
282.7115
283.1526
283.6551
283.6598
283.6787
284.085
284.107
284.1261
284.1542
284.1615
284.1676
284.1914
284.6253
284.6399
284.6446
291.0361
291.0422
291.0585
291.07
291.081
291.0832
291.1358
297.0054
297.0093
297.0457
297.0508
297.0558
297.0672
297.5865
297.5987
297.6089
299.4015
299.4908
299.8541
300.0978
300.3938
300.395
300.4013
300.4069
300.4377
300.4474
300.4734
300.6065
301.0079
301.0361
301.0433
301.0736
301.1413
301.4647
301.4679
301.4928
301.4959
301.5007
301.5212
301.5281
301.8505
301.8634
301.8736
301.8782
301.8821
302.2119
302.2406
302.4954
302.529
302.7707
302.795
303.0167
303.0282
303.0675
303.268
303.2751
303.2987
303.4873
303.5081
303.7359
304.1302
304.1342
304.69
304.8671
305.5147
305.7883
305.8284
306.072
307.0598
307.0639
307.0725
308.5768
310.6102
310.6564
311.0401
311.044
311.5351
312.0024
312.5411
312.5441
312.5544
312.9919
313.0134
313.0207
313.0272
313.0686
313.4775
313.9874
314.0085
314.0125
314.0211
314.463
314.4859
314.4914
314.5009
314.5088
314.5146
314.9316
314.998
315.4437
315.4601
315.4834
315.4861
315.4906
315.492
315.5013
315.9423
315.9785
315.984
316.0444
316.0721
316.4336
316.4391
316.5119
316.5376
316.9384
316.9947
319.9364
322.8586
322.8712
322.8736
322.8793
322.8848
322.8876
322.8938
322.9004
322.9162
322.9556
322.9781
323.0083
323.5142
325.8672
325.879
328.8408
328.8507
328.8633
328.8683
328.8751
328.8791
328.8982
328.9163
328.9466
331.2564
331.3595
331.9117
332.0661
332.2142
332.2185
332.2303
332.2443
332.3034
332.352
332.4037
332.5304
332.8289
332.8397
332.8596
332.8612
332.8628
332.8664
332.9193
332.9669
332.9758
333.3269
333.3296
333.3343
333.7054
333.7568
333.7934
334.0027
334.0181
334.0431
334.0459
334.0482
334.0528
334.3179
334.3281
334.342
334.3545
334.6044
334.6083
334.6201
334.6242
334.6399
334.869
334.8922
334.8969
334.9015
335.1106
335.7744
335.8075
335.9682
335.9725
336.0145
336.3345
337.1979
337.3272
337.3494
337.5129
337.7716
337.8
339.2066
342.0855
342.8674
343.3503
343.3515
343.3556
343.4037
343.8259
344.3266
344.334
344.8215
344.8613
344.8906
344.9047
345.3157
345.336
345.3399
345.3459
345.3591
345.8124
345.8587
346.3265
346.331
346.3546
346.3646
346.7833
346.8017
346.8275
346.8936
347.2854
347.3013
347.3338
347.3429
347.7624
347.7978
347.8017
347.8059
347.8552
347.9128
348.2684
348.2704
348.287
348.3206
348.3227
348.3534
348.3734
348.7775
348.788
348.797
348.8274
348.9953
354.6896
354.6944
354.6993
354.7089
354.7125
354.7148
354.7295
354.7598
354.7963
354.8192
354.8386
355.1965
360.6732
360.7046
360.707
360.7095
360.7151
360.7294
360.7392
361.1288
361.1444
361.6429
363.0702
363.1672
363.7612
364.0379
364.0481
364.0535
364.0565
364.067
364.0705
364.0739
364.0914
364.0957
364.198
364.5819
364.6463
364.6689
364.6884
364.7007
364.7043
364.7112
364.7397
364.7692
364.7939
365.1375
365.148
365.1498
365.1558
365.1588
365.1644
365.1713
365.5356
365.5431
365.5537
365.8599
365.8738
365.88
365.8894
365.8946
366.1868
366.212
366.4428
366.4656
366.4884
366.6645
366.7258
366.9438
366.9482
367.1987
367.2098
367.5781
367.5996
367.9591
368.1415
368.1851
368.358
368.711
368.8694
368.8754
370.5278
370.9399
375.1849
375.6679
375.7405
376.1614
376.1643
376.6502
376.662
377.1439
377.163
377.1655
377.1686
377.227
377.5837
377.6315
378.1607
378.1683
378.1725
378.2108
378.2138
378.6485
378.6514
378.6588
378.6904
378.803
378.8538
379.1159
379.1437
379.6338
379.6363
379.6409
380.1098
380.1211
380.2433
380.6075
386.2238
386.5283
386.5315
386.5371
386.5418
386.5452
386.5468
386.5496
386.5551
386.5662
386.575
386.5787
386.5829
386.5851
386.6031
386.6214
386.6246
387.1238
389.5965
389.653
389.6549
392.4982
392.5205
392.5567
392.5598
392.5677
392.5699
392.9339
394.866
395.0266
395.0946
395.1358
395.645
395.6768
395.695
395.7378
395.8823
395.8867
395.9055
395.934
395.9668
396.0061
396.5472
396.9471
396.9553
396.9858
397.355
397.3679
397.3708
397.3804
398.0123
398.0296
398.2416
398.2522
398.2731
398.2997
398.3267
398.5831
398.7762
398.8043
398.8097
399.006
399.0101
399.0393
399.202
399.2555
399.29
399.4382
399.8327
399.8919
400.2005
400.2059
406.0737
407.4701
407.5007
408.0097
408.0744
408.4837
408.4888
408.9778
409.0121
409.017
409.495
409.4984
409.5387
409.5689
409.9278
409.9817
409.9869
409.9899
409.994
410.0204
410.4236
410.4573
410.5162
410.5175
410.9462
411.0487
411.082
411.4485
411.4605
411.4633
411.4702
411.4784
411.9259
411.94
411.9621
412.4801
412.5037
418.3605
418.3809
418.3885
418.3963
418.4036
418.4085
418.4112
418.4178
418.4222
418.5741
421.3592
421.3811
424.3213
424.3324
424.3374
424.3406
424.3495
424.3671
424.37
424.3843
424.4093
424.4587
426.7463
426.7525
426.7806
426.8422
426.8468
427.5681
427.7141
427.718
427.7402
427.7438
427.7448
427.7479
427.7577
427.7694
427.7885
427.8373
427.8766
427.9557
428.0447
428.209
428.2334
428.3218
428.3555
428.3648
428.3688
428.3723
428.4068
428.8252
429.0337
429.1848
429.2111
429.5244
429.5275
429.5444
429.5495
429.5525
429.5639
429.791
429.8275
429.8511
429.8644
430.0073
430.1268
430.3663
430.4022
430.6466
430.8409
430.8628
430.8666
431.0496
431.0572
431.0796
431.0825
431.0949
431.1037
431.2992
431.3363
431.6672
431.8094
431.8444
431.9936
432.0274
432.1829
432.1993
432.345
432.5122
432.5371
432.6937
433.2683
437.8888
438.866
438.9022
438.9234
439.137
439.3375
439.8301
440.3209
440.3304
440.3603
440.8437
440.8534
440.901
441.3054
441.3301
441.3432
441.3475
441.3861
441.9294
442.2863
442.3713
442.3789
442.7835
442.7922
442.8027
442.8069
442.8187
442.8236
442.8368
442.8814
443.3394
443.7305
443.7826
443.7902
443.7918
444.2991
444.3057
444.3356
446.4962
450.2036
450.2076
450.2196
450.2477
450.2488
450.2636
450.2675
450.4368
451.3192
451.4004
456.181
456.1842
456.2041
456.2073
456.2095
456.2117
456.2138
456.2204
456.2307
456.2353
456.2372
456.2452
456.2505
457.1886
458.5949
458.6097
458.6739
458.908
459.2344
459.2451
459.2637
459.3692
459.4625
459.5552
459.5566
459.5637
459.5719
459.5732
459.5763
459.5776
459.5997
459.6852
460.0499
460.1535
460.1766
460.1964
460.2023
460.2409
460.6366
460.6404
460.6492
460.6521
460.7689
461.0028
461.0228
461.0469
461.0497
461.0666
461.3578
461.393
461.6615
461.6715
461.6898
461.7016
461.9357
461.9404
461.9655
461.9709
462.2006
462.2179
462.2366
462.4187
462.4426
462.4603
462.4633
462.6464
462.6757
462.9201
462.9233
462.9324
462.9499
463.1292
463.491
463.6789
463.8568
464.0096
464.0302
464.2084
464.3726
464.719
464.8398
464.9938
465.2709
465.8976
469.6218
471.1141
471.2139
471.7679
471.7813
472.1944
472.2062
472.6092
472.6356
472.6865
472.7161
472.7354
473.1769
473.1822
473.3014
473.6263
473.6508
473.6562
473.718
473.7647
474.1544
474.1667
474.6354
474.6393
474.7321
475.1122
475.1318
475.1347
475.1821
475.6001
475.62
475.6264
475.6321
475.6356
475.6844
475.6914
475.7039
476.1311
476.1338
476.2322
480.5888
