0.5766
2.8239
4.5523
4.5862
4.6209
4.7234
5.0279
5.2026
5.7645
6.086
6.8558
7.5365
7.5474
8.507
8.8788
9.3933
10.5156
10.5234
10.5546
10.7401
10.7801
11.1416
11.7106
11.9888
13.87
13.8778
13.9206
14.4024
14.4928
14.4967
14.505
14.5125
14.5811
14.736
14.9592
15.0689
15.345
15.3505
15.3524
15.3576
15.4951
15.6903
15.9798
15.9854
16.0172
16.2581
16.27
16.322
16.5187
16.5232
16.5271
16.7594
16.7665
16.773
16.8365
16.9863
17.2084
17.2152
17.4182
17.6202
17.9895
17.9968
18.1884
18.1901
18.3475
18.3639
18.5169
18.7356
18.8444
18.8587
19.0079
19.1452
19.1509
19.1671
19.2981
19.5851
19.5887
19.8604
19.869
20.1344
20.1398
20.2538
20.3453
20.6511
20.7558
21.791
23.1691
23.6192
24.3271
24.482
25.4599
25.4677
25.7413
26.1183
26.2018
26.6481
26.9463
27.0392
27.0473
27.4412
27.5018
27.5427
28.4258
28.4281
28.432
28.5329
28.8359
29.424
29.4416
29.4759
29.5112
29.919
29.9278
29.936
29.9858
30.4169
30.831
36.3605
36.3733
36.3792
36.3832
36.4031
36.4267
36.4612
36.6747
36.6832
36.7822
37.3738
38.086
39.3627
39.3644
42.3369
42.3399
42.3427
42.3459
42.3484
42.3643
42.4665
42.5286
42.6436
43.8327
44.2438
44.6678
44.6805
44.7073
44.7266
44.8868
44.8938
45.394
45.4529
45.7176
45.7324
45.7553
45.8388
46.0262
46.3301
46.3386
46.3474
46.3568
46.4005
46.7864
46.7961
46.9105
47.0389
47.1755
47.5096
47.5119
47.5203
47.5295
47.5449
47.8112
47.8136
47.8355
48.068
48.0901
48.0934
48.109
48.5907
48.5976
48.8201
48.8236
48.8429
49.0433
49.448
49.5001
49.6411
49.6438
49.8295
49.8318
50.0178
50.1855
50.1899
50.2384
50.5118
50.5187
50.5627
50.6685
50.6715
50.676
50.8267
50.8304
51.272
51.2757
51.28
51.3134
51.4868
51.6922
51.6965
51.9592
52.0865
52.1342
52.4596
52.472
56.3413
57.7886
57.8457
57.8912
58.2946
58.777
59.33
59.332
60.2648
60.2666
60.5583
60.7579
60.7639
60.774
60.7815
60.8033
60.8541
60.9178
60.9885
61.0515
61.2479
61.2574
61.2699
61.4283
61.7505
61.7748
61.7964
62.2461
62.2531
62.4554
62.4659
63.0615
64.25660000000001
64.4744
64.557
68.20489999999999
68.2079
68.21080000000001
68.29819999999999
68.3022
68.3152
68.4983
68.5081
69.0853
69.61499999999999
70.1028
71.20059999999999
71.211
72.4044
74.09180000000001
74.1759
74.1781
74.18259999999999
74.1853
74.1896
74.202
74.24250000000001
74.2593
75.0318
75.3907
76.06399999999999
76.70229999999999
77.2282
77.2611
77.53870000000001
77.5433
77.5552
78.1538
78.1593
78.1773
78.4413
78.6211
78.75190000000001
79.00239999999999
79.02670000000001
79.0752
79.0925
79.3438
79.4957
79.645
79.6485
79.6504
79.92149999999999
79.9333
80.0992
80.4267
80.4295
80.6574
80.6758
80.8741
81.09139999999999
81.27630000000001
81.3036
81.483
81.66249999999999
82.01179999999999
82.02979999999999
82.07470000000001
82.1934
82.5103
82.51690000000001
82.6602
82.6631
82.8068
82.8103
82.8138
82.81950000000001
82.82510000000001
83.0137
83.10899999999999
83.1202
83.3897
83.446
83.5247
83.52800000000001
83.8008
83.92919999999999
84.10080000000001
84.34269999999999
86.5448
88.1537
88.246
88.3403
88.61
88.69799999999999
89.0029
89.3329
90.0962
90.6357
91.1465
91.598
91.773
92.09220000000001
92.1467
92.1521
92.21810000000001
92.5852
92.59439999999999
92.765
93.0444
93.07550000000001
93.0921
93.0938
93.1508
93.16330000000001
93.2414
93.2854
94.0851
94.0895
95.7427
96.0736
96.5407
97.8357
100.0281
100.042
100.045
100.053
100.057
100.0601
100.6508
100.7465
101.1655
101.2087
102.5651
102.8946
103.0194
103.0326
103.0511
103.0732
106.0119
106.0147
106.0183
106.0281
106.0313
106.0374
106.0689
106.1089
106.1413
106.1998
106.2571
106.4364
108.4676
108.5257
109.0007
109.1123
109.1605
109.1818
109.3838
109.5602
109.9908
109.9938
109.9972
109.9985
110.0017
110.1455
110.2798
110.4529
110.4605
110.463
110.4644
110.4725
110.8341
110.8369
110.8399
110.8433
110.8454
110.8484
110.8563
110.9189
110.9683
111.175
111.1796
111.2748
111.3368
111.4773
111.4817
111.4847
111.751
111.7588
111.7624
112.0208
112.0257
112.2589
112.4825
112.49
112.5222
112.7042
112.7069
112.8326
112.9138
112.9186
112.9223
112.9246
112.9854
113.1169
113.1238
113.309
113.4363
113.5037
113.5092
113.5149
113.6195
113.8417
113.848
114.0131
114.1786
114.3357
114.3379
114.6471
114.6522
114.8506
114.9412
115.4954
115.4998
115.6263
115.6303
115.7558
115.7588
115.7628
115.8825
116.1285
116.2677
117.0489
119.0506
119.5881
119.9788
120.4435
120.4463
120.4562
120.4754
121.9939
122.4768
122.5166
122.9323
123.4606
123.9202
123.9307
123.9989
124.4271
124.4595
124.4687
124.9432
124.9934
125.6636
125.9225
125.926
125.9287
125.9357
131.8377
131.865
131.8694
131.9381
132.1089
132.1813
132.3922
133.2193
137.8416
137.8499
137.8615
138.3401
139.888
140.2576
141.2348
141.2589
141.2805
141.3337
141.3364
141.8342
141.8436
141.8467
142.3768
142.6745
143.0075
143.01
143.0206
143.3082
143.3167
143.3951
143.591
143.6205
143.8484
143.9619
144.0913
144.2097
144.5415
144.5479
144.7454
144.7563
144.7697
144.781
144.9527
144.9554
145.0109
145.1418
145.1516
145.1647
145.5026
145.5105
145.6797
145.844
145.8465
145.8491
145.8557
146.0097
146.018
146.1727
146.1812
146.3229
146.7791
146.9232
147.1886
147.192
147.2016
147.247
147.3296
147.458
147.5935
147.5979
147.7274
147.977
150.9577
150.9621
151.3329
151.3436
151.3766
151.6103
152.0961
152.3512
152.3715
152.7448
152.8483
153.3075
153.3474
153.3997
153.8113
154.2767
154.3148
154.7543
154.7619
154.767
154.8863
155.272
155.7579
155.802
155.8964
156.7509
156.795
156.7978
156.9076
157.0389
157.0442
157.2547
157.2596
157.7592
158.9536
159.5986
163.7004
163.88
163.9321
163.9639
163.9811
164.0291
164.5692
166.709
166.7134
169.6709
169.682
169.6833
169.6876
169.8004
169.9158
170.3877
171.7931
172.1704
172.8272
173.0293
173.0357
173.6587
173.6632
173.6757
173.7211
174.0073
174.1158
174.1697
174.3409
174.5032
174.5082
174.5106
174.5621
174.8387
174.8422
174.8537
174.9585
175.0284
175.1572
175.4218
175.4272
175.5534
175.5981
175.6809
175.6872
176.1561
176.1637
176.3734
176.4049
176.5808
176.7793
176.7913
176.799
176.9811
177.3367
177.5086
177.5118
177.6784
177.6834
177.8466
178.0086
178.3138
178.8885
178.906
179.0258
179.424
179.4707
179.555
179.7146
180.2068
183.209
183.3121
183.6482
183.6953
183.7413
183.77
184.3718
184.4131
184.6346
184.673
185.1937
185.6129
186.63
186.8006
187.0869
187.1467
188.084
188.0919
188.1062
188.1399
188.5785
188.5838
189.0878
189.1034
189.372
189.5804
189.6312
190.228
190.6977
192.4408
193.817
195.5384
195.5426
195.5499
195.5518
195.5539
195.5666
195.592
195.5978
196.0117
198.2712
198.5564
199.7662
201.5044
201.5068
201.5097
201.5119
201.5218
201.5454
202.0886
202.1039
202.7065
203.8178
203.9071
204.0642
204.8663
204.8736
204.8771
204.892
204.9182
204.9558
205.0483
205.1123
205.4791
205.4876
205.5693
205.9598
205.9756
206.0266
206.1568
206.3313
206.3368
206.348
206.4276
206.9729
206.9811
207.2643
207.3413
207.3816
207.5125
207.5172
207.5392
207.7595
208.0028
208.2355
208.3412
208.5385
208.6104
208.647
208.799
208.9888
208.9916
209.2566
209.3545
209.8357
209.8959
209.9947
210.1426
210.1508
210.1704
210.292
210.2994
210.4404
210.5806
210.5864
210.7215
210.781
210.8567
210.8783
210.8799
211.6048
213.9067
214.049
214.9845
215.95
216.4666
216.685
216.9286
216.9323
217.0189
217.4332
218.0914
218.1468
218.4315
218.633
218.9304
218.9335
219.4084
219.6156
219.9169
219.9211
220.4124
220.5181
220.6236
220.7844
220.9039
220.9355
220.974
221.4166
221.4196
221.707
222.0935
222.2076
223.3284
223.893
227.3623
227.368
227.3735
227.3786
227.384
227.6286
227.7424
228.1972
228.4133
230.1907
230.3547
230.5772
233.3305
233.3363
233.3394
233.3408
233.3445
233.348
233.3595
235.7645
235.8675
236.2938
236.6954
236.7262
236.7496
236.7582
237.3183
237.3212
237.3246
237.3287
237.3316
237.343
237.3448
237.7812
237.787
237.7914
238.1708
238.2588
238.5016
238.505
238.8117
238.8455
239.0978
239.3501
239.3546
239.3737
239.5931
239.5976
239.8235
239.8276
240.3131
240.4455
240.5632
241.0082
241.6713
241.6758
241.6811
241.8283
241.9814
242.7131
243.0727
243.3536
248.3373
248.3585
248.8214
249.3458
249.4062
249.8398
250.2803
250.768
250.781
250.9092
251.7525
251.763
252.2713
252.7541
252.8556
253.8616
259.2002
259.2032
259.223
259.2876
259.3459
259.6482
261.1455
261.8958
262.1944
265.1731
265.1761
265.1878
265.1897
265.2069
265.2151
265.2401
265.3477
267.3991
267.5872
267.622
267.6961
267.7358
268.2123
268.3319
268.532
268.5399
268.5424
268.5793
268.5844
268.6146
268.6255
268.6925
269.1564
269.172
269.1744
269.6164
269.6435
270.0013
270.0264
270.0418
270.6441
270.6495
270.9237
271.1845
271.4268
271.6606
271.8768
271.9181
271.9735
272.2421
272.6724
273.7985
274.2586
274.5327
274.6681
278.6505
278.7772
279.116
279.7806
279.7951
280.1818
280.1849
281.1498
281.5823
281.5901
282.1832
283.1188
283.1328
283.6849
284.1557
285.0841
286.2823
287.797
291.0318
291.0346
291.0574
291.0648
291.0688
291.072
291.1047
291.1388
291.3105
297.0107
297.0155
297.0201
297.0246
297.0424
297.1038
297.3303
299.6449
300.2116
300.3721
300.397
300.4154
300.4262
300.5317
300.5458
300.9837
300.9904
301.0324
301.0961
301.1353
301.258
301.4536
301.4563
301.5422
301.6861
301.694
301.8421
301.9213
302.1769
302.2144
302.4796
302.4921
302.5087
302.5518
302.8013
303.2541
303.6874
303.6934
303.7015
303.7477
303.9323
304.1176
304.4753
304.5388
304.6205
304.8408
305.155
305.16
305.182
305.1948
305.3332
305.4972
305.5032
305.6498
305.6737
306.3229
307.4886
309.3052
312.0275
312.0381
312.0421
312.5079
313.017
313.0529
313.4837
313.5323
313.5353
314.4604
314.4659
314.4825
314.4888
314.4989
314.5104
314.9225
314.9638
315.4349
315.9666
316.0271
316.0589
316.4477
316.5037
316.8997
316.944
316.968
318.2198
318.8998
320.2509
320.2798
321.2879
322.8565
322.8913
322.909
322.9125
322.9252
322.9322
323.5618
323.8697
325.8008
328.835
328.8429
328.8459
328.8545
328.8588
328.8613
328.8708
328.8843
328.8903
329.0042
329.5441
330.3962
331.4511
331.6188
331.9049
332.2032
332.2054
332.2196
332.222
332.2262
332.2504
332.2637
332.8217
332.8434
332.8466
333.2856
333.4037
333.7027
333.9889
334.0236
334.3659
334.74
334.853
335.3087
335.5382
335.5583
335.6947
336.8724
337.0722
337.4764
337.7608
339.1635
340.7038
341.8958
342.2966
342.3998
344.259
344.7925
344.8444
345.8028
345.8725
346.2724
346.3243
346.4961
346.5156
346.7973
346.8156
347.2615
347.7552
347.7954
347.8226
348.2501
348.2885
348.7483
348.8019
354.7047
354.7075
354.7103
354.7193
354.7211
354.7262
354.7342
354.74
354.7472
354.7519
354.7676
355.7128
355.9824
357.6846
357.6958
357.9162
357.9467
360.6659
360.6676
360.6783
360.6943
360.7022
360.7268
361.8578
362.4553
363.8773
364.0364
364.0441
364.0462
364.0492
364.0552
364.0902
364.1071
364.6561
364.7058
364.7552
365.142
365.5413
365.5954
365.8369
365.8563
366.0428
366.1426
366.4291
366.7148
367.1594
367.3756
367.5081
367.7867
367.972
368.3362
368.3657
368.6067
368.8434
368.9871
369.1456
369.1622
369.5944
369.6042
370.4056
371.241
375.6444
375.6733
376.7512
377.1083
377.217
377.2566
377.5948
377.6351
377.679
378.6184
378.7648
379.1482
379.6145
379.6784
380.0888
380.5837
380.673
382.558
386.5293
386.5344
386.5951
386.6435
386.6502
386.7206
386.9002
386.9275
389.5185
389.5231
389.6102
389.6455
392.4999
392.5027
392.5051
392.5188
392.5386
392.5456
392.5504
392.5724
394.2136
394.8865
395.5752
395.6091
395.6225
395.8692
395.8778
395.8911
395.9097
396.0087
396.0152
396.2115
396.5336
396.9486
397.3392
397.6742
398.0084
398.016
398.0183
398.5476
398.9827
399.2977
399.9765
400.0053
401.1877
401.4308
402.8984
405.3283
407.433
407.5803
407.998
408.066
408.3999
408.54
408.9812
409.3517
409.4293
409.4392
409.4439
409.4609
409.4689
409.9338
410.4843
410.5099
410.9707
410.9824
411.028
411.4499
411.4715
412.0482
413.6856
418.3506
418.3574
418.3622
418.3721
418.3741
418.4249
419.7063
420.644
421.2244
421.3618
421.3792
424.3389
424.3515
424.359
424.3737
424.3761
424.3824
424.3967
424.4006
424.448
425.252
425.3801
427.2564
427.4356
427.6763
427.7267
427.7523
427.7648
427.8274
427.9606
428.0897
428.344
428.357
428.4922
428.8234
428.9722
429.1697
429.1747
429.2139
429.3477
429.5424
429.7498
429.8116
429.8137
429.846
429.8604
430.1046
430.1595
430.5145
430.5877
430.6029
430.6084
430.8222
430.889
431.226
431.2351
431.2437
431.2855
431.4446
431.9968
432.0987
432.3404
432.5695
433.3959
433.5716
434.0719
434.4741
437.2439
438.7575
438.8189
439.3284
439.3647
439.8237
440.2716
440.8356
440.8502
440.8625
441.3486
441.7951
441.8041
441.8063
441.9941
442.0401
442.2895
442.3483
442.7589
443.3339
443.3673
443.7627
443.8607
443.8733
444.412
444.7277
450.1891
450.1965
450.2057
450.2168
450.225
450.2288
450.2302
450.2333
450.2436
450.26
450.32
450.6403
451.0788
451.3102
452.4563
455.0825
456.1652
456.1827
456.1946
456.2174
456.2243
456.3092
456.3212
456.5125
456.656
456.6891
458.6414
458.6997
458.7988
458.8035
459.5376
459.5807
459.6057
459.6117
459.8104
460.155
460.188
460.1939
460.6123
460.6136
460.9862
461.0689
461.1033
461.3744
461.3788
461.6398
461.6576
461.6824
461.7666
461.9213
461.9755
462.1815
462.4157
462.487
463.1009
463.273
463.2991
463.3216
463.5642
463.6425
463.6818
463.9348
463.9859
463.9999
464.1629
464.1741
464.2049
464.3329
465.6422
468.4837
470.2191
470.6131
470.867
470.9168
471.5979
472.7371
473.1315
473.1341
473.2037
473.6676
474.1291
474.6162
474.6501
474.6527
475.1429
475.604
475.673
475.6761
475.7226
475.8791
476.0823
480.6131
481.387
482.4371
482.4677
