4.5307
4.5328
4.5499
4.552
4.5614
4.5701
4.5874
4.5893
4.6074
4.6254
4.6317
4.6404
4.6453
4.6524
4.6669
4.6753
4.708
4.722
4.7264
4.7434
4.7514
4.7683
4.7792
4.7909
4.8027
4.8097
4.8272
4.8327
4.8409
4.8662
4.9004
4.9296
4.9519
4.9676
4.9852
4.9991
5.009
5.0372
5.044
5.0632
5.0734
5.0976
5.1013
5.1087
5.1296
5.1552
5.1716
5.1786
5.205
5.2306
5.239
5.2574
5.2691
5.3018
5.3057
5.3328
5.3408
5.3592
5.4009
5.4154
5.4493
5.4586
5.4756
5.5108
5.5171
5.5602
5.5839
5.5891
5.6166
5.6346
5.6507
5.6566
5.6809
5.6922
5.7029
5.7167
5.7573
5.7661
5.7887
5.8229
5.8423
5.8488
5.874
5.8935
5.939
5.9463
5.958
5.9801
6.0252
6.0668
6.103
6.1189
6.1421
6.149
6.1549
6.1762
6.1883
6.2031
6.2318
6.258
6.2662
6.3131
6.3359
6.3531
6.4148
6.4227
6.4561
6.4884
6.5093
6.5499
6.5567
6.5667
6.6042
6.6208
6.6399
6.6521
6.7208
6.7326
6.7717
6.8003
6.8292
6.8622
6.8903
6.9245
6.9404
6.9759
6.9826
7.0423
7.0725
7.1249
7.1535
7.1828
7.2013
7.2337
7.2578
7.2802
7.3376
7.3448
7.4185
7.4495
7.4603
7.4872
10.5047
10.5086
10.5119
10.5157
10.518
10.5351
10.5458
10.5499
10.5604
10.5647
10.5696
10.5791
10.5955
10.6159
10.6522
10.6659
10.6717
10.6901
10.694
10.7032
10.723
10.7369
10.7457
10.7553
10.7984
10.8195
10.8283
10.8438
10.8688
10.8721
10.8937
10.9176
10.9637
10.9827
10.9892
11.0074
11.0194
11.0668
11.0962
11.2039
11.227
11.2421
11.2591
11.3133
11.3302
11.3438
11.3533
11.3635
11.3663
11.3902
11.3944
11.4276
11.4696
11.4834
11.5092
11.5361
11.5542
11.5611
11.5892
11.6112
11.6455
11.668
11.7027
11.7427
11.7612
11.8416
11.8473
11.9028
11.9343
11.9651
12.0235
12.062
12.0758
12.1085
12.1256
12.1644
12.1976
12.2713
12.2862
12.3167
12.431
12.5052
12.5626
12.5827
12.5942
12.6181
12.6539
12.677
12.7165
12.731
12.7546
12.761
12.766
12.7776
12.7907
12.8254
12.8419
12.8585
12.8872
12.9022
12.9183
12.9269
12.9529
12.9576
12.962
12.9672
13.0231
13.0284
13.0486
13.0706
13.0775
13.1452
13.1554
13.1926
13.2179
13.2413
13.2675
13.8721
13.8767
13.8788
13.8816
13.8843
13.8944
13.903
13.9089
13.9265
13.9372
13.9397
13.9552
13.9583
13.9956
14.0034
14.0153
14.0187
14.0338
14.0554
14.0772
14.081
14.0981
14.1133
14.1426
14.4912
14.4946
14.4972
14.4994
14.5028
14.5224
14.534
14.5412
14.5555
14.5703
14.5729
14.5931
14.5997
14.6198
14.6324
14.6615
14.6808
14.9531
14.9562
14.9591
14.9624
14.9783
14.9932
14.9996
15.0162
15.0323
15.0527
15.0566
15.0892
15.1068
15.3372
15.3401
15.3429
15.3457
15.3638
15.3785
15.3865
15.4107
15.4223
15.4476
15.4631
15.4747
15.5018
15.6737
15.6764
15.6969
15.7005
15.7162
15.721
15.7536
15.7631
15.7949
15.9761
15.9788
15.9812
15.9857
15.9999
16.0034
16.0144
16.0179
16.0417
16.0507
16.057
16.0628
16.0888
16.2547
16.2578
16.2601
16.2756
16.2857
16.2913
16.319
16.3353
16.345
16.3599
16.3897
16.5132
16.5168
16.5199
16.5255
16.5383
16.5428
16.5524
16.5794
16.5842
16.7547
16.7577
16.7786
16.7915
16.7999
16.8217
16.9852
16.9883
17.0078
17.011
17.0176
17.0297
17.0448
17.2033
17.2059
17.2092
17.2242
17.2274
17.2305
17.2379
17.2563
17.4119
17.4144
17.4368
17.4513
17.4606
17.6128
17.6156
17.6207
17.6342
17.6404
17.6439
17.6618
17.8031
17.806
17.8284
17.831
17.8403
17.843
17.9876
17.9942
18.0097
18.0206
18.0385
18.169
18.1717
18.1763
18.1901
18.1924
18.3412
18.3449
18.3474
18.3629
18.3764
18.5103
18.5134
18.5169
18.5326
18.5514
18.674
18.6779
18.6815
18.6956
18.7009
18.8345
18.9893
18.9966
19.1439
19.1664
19.171
19.2909
19.2942
19.2974
19.3171
19.3232
19.4353
19.4379
19.441
19.4546
19.4642
19.5786
19.5819
19.5936
19.6024
19.7223
19.7446
19.7498
19.8541
19.8578
19.8809
19.9929
19.9982
20.0162
20.1218
20.1256
20.1282
20.1408
20.2511
20.2539
20.2585
20.3764
20.3797
20.3821
20.5361
20.5415
20.5707
20.5753
20.5949
20.6751
20.6804
20.775
23.0116
23.0383
23.0717
23.0986
23.4724
23.4852
23.5105
23.5227
23.5378
23.5577
23.595
23.5993
23.9636
23.9662
23.9817
24.0353
24.0456
24.0522
24.0693
24.0871
24.1106
24.4667
24.4835
24.4873
24.5011
24.5205
24.535
24.5616
24.5853
24.5947
24.6281
24.9516
24.9568
24.9705
24.9804
25.015
25.0429
25.0548
25.0758
25.0877
25.0916
25.0975
25.1239
25.4452
25.4497
25.477
25.4805
25.52
25.5291
25.5322
25.5626
25.5648
25.5727
25.6012
25.607
25.654
25.6974
25.9405
25.9442
25.9499
25.9632
26.0051
26.0341
26.0429
26.0541
26.0619
26.0906
26.1141
26.1176
26.4406
26.4451
26.4586
26.4993
26.5059
26.5111
26.5339
26.5606
26.6009
26.6072
26.6466
26.9341
26.941
26.9577
27.0052
27.008
27.0301
27.0438
27.0527
27.0618
27.0783
27.086
27.1322
27.4364
27.4455
27.4578
27.4657
27.4909
27.4966
27.5078
27.5291
27.5586
27.5702
27.5884
27.6083
27.9294
27.9333
27.9366
27.9404
27.948
27.9597
27.9747
27.9866
27.993
28.0097
28.0181
28.0402
28.0699
28.1075
28.1372
28.4278
28.4331
28.4358
28.4396
28.4496
28.4579
28.4694
28.4755
28.4999
28.5086
28.5214
28.5346
28.5467
28.5756
28.5805
28.5869
28.6137
28.6741
28.9274
28.9325
28.9352
28.9486
28.9616
28.9728
29.0125
29.0231
29.0364
29.0506
29.0546
29.059
29.0832
29.4228
29.4275
29.431
29.4416
29.449
29.4607
29.4636
29.4782
29.4842
29.5019
29.5226
29.529
29.5344
29.547
29.5576
29.5647
29.6193
29.6223
29.9168
29.9242
29.9426
29.9702
29.982
29.9844
30.0187
30.0232
30.0268
30.0435
30.05
30.0683
30.1096
30.4193
30.4228
30.4288
30.4357
30.4417
30.4464
30.463
30.4735
30.4849
30.5157
30.5319
30.5651
30.6456
30.6499
36.3637
36.3674
36.3766
36.3787
36.3968
36.4071
36.4131
36.4218
36.4477
36.4572
36.4606
36.4684
36.5103
36.5275
36.5413
36.5562
36.5669
36.5704
36.5939
36.5981
36.6101
36.6181
36.6389
36.6471
36.6632
36.6747
36.6911
36.6943
36.6981
36.7387
36.75
36.7649
36.7855
36.8011
36.8277
36.8455
36.8537
36.8788
36.9262
36.9524
36.9577
36.9676
36.9848
37.0138
37.0281
37.0443
37.0674
37.0743
37.0876
37.14
37.1536
37.1607
37.1766
37.1882
37.203
37.2261
37.2508
37.2786
37.287
37.3053
37.3244
37.3607
37.3699
37.3948
37.4031
37.4227
37.4265
37.4591
37.4756
37.4851
37.506
37.5396
37.5708
37.5795
37.6039
37.6182
37.6299
37.648
37.6745
37.7145
37.7334
37.74
37.7536
37.7774
37.8003
37.8192
37.8913
37.906
37.9291
37.9418
37.9525
37.9663
37.9987
38.0105
38.0428
38.0603
38.103
38.1365
38.1656
38.1697
38.1952
38.2002
38.2637
38.3157
38.3485
38.3822
38.3992
38.4188
38.4383
38.4432
38.4619
38.5259
38.6011
38.6073
38.6305
38.6541
38.6882
38.6976
38.7145
38.7677
38.7942
38.8108
38.8233
38.838
38.8566
38.8973
38.922
38.9483
38.959
39.0353
39.0936
39.1107
39.1635
39.3187
41.1821
42.3381
42.3466
42.3517
42.3659
42.3815
42.3902
42.3931
42.3984
42.4091
42.4194
42.4375
42.445
42.4714
42.4752
42.4886
42.4963
42.5648
42.5705
42.5847
42.6174
42.6614
42.6826
42.6901
42.7241
42.7447
42.7522
42.8364
42.859
42.8651
42.893
42.9264
42.9416
42.9513
42.9729
42.9967
43.0014
43.0181
43.0535
43.0566
43.0714
43.0867
43.1035
43.1205
43.164
43.1759
43.1856
43.1918
43.2123
43.2447
43.2684
43.2897
43.2958
43.3261
43.3342
43.3456
43.3747
43.4249
43.4392
43.4554
43.4743
43.5269
43.5465
43.6099
43.6586
43.6732
43.6864
43.7219
43.7847
43.8119
43.8518
43.8582
43.9146
43.9196
43.9812
44.0039
44.1113
44.1373
44.3488
44.4655
44.5425
44.5587
44.5754
44.6086
44.6552
44.6624
44.6817
44.6924
44.7013
44.725
44.7328
44.7573
44.7617
44.7771
44.8031
44.837
44.8451
44.8728
44.8817
44.8907
44.8999
44.9536
44.9832
45.0158
45.0803
45.7212
45.723
45.7262
45.732
45.7413
45.7534
45.7708
45.8038
45.817
45.8211
45.8413
45.8496
45.8878
45.9066
45.945
45.9752
45.9928
46.0153
46.3271
46.3292
46.3315
46.3339
46.342
46.3515
46.3541
46.4096
46.4238
46.4305
46.44
46.4646
46.4823
46.4862
46.4899
46.5278
46.5482
46.7831
46.7877
46.7897
46.7941
46.8224
46.834
46.8383
46.8536
46.8574
46.8695
46.8872
46.9012
46.9148
46.9508
46.9792
47.1665
47.169
47.1729
47.1967
47.2032
47.2103
47.2244
47.2277
47.2398
47.2592
47.268
47.2718
47.289
47.2971
47.5028
47.506
47.5082
47.5119
47.5334
47.55
47.5724
47.597
47.6221
47.6297
47.6338
47.8069
47.812
47.8326
47.8433
47.876
48.0867
48.0935
48.1151
48.1327
48.1561
48.1599
48.1832
48.345
48.3501
48.3517
48.3543
48.368
48.3774
48.3855
48.4234
48.4332
48.588
48.5906
48.5924
48.595
48.6121
48.6173
48.6242
48.6431
48.6532
48.8186
48.8249
48.8389
48.842
48.8988
49.0381
49.0414
49.0438
49.0607
49.063
49.2483
49.2513
49.2556
49.2669
49.2699
49.2749
49.2915
49.4493
49.4515
49.454
49.468
49.4778
49.5052
49.6394
49.6463
49.6583
49.6624
49.6703
49.6748
49.6975
49.8248
49.8278
49.8454
49.8583
49.9013
50.0056
50.0097
50.0149
50.0259
50.0352
50.0417
50.0553
50.179
50.183
50.1944
50.1974
50.2039
50.3483
50.3513
50.3584
50.365
50.3689
50.3847
50.5106
50.517
50.5295
50.5439
50.5771
50.6704
50.6734
50.8323
50.845
50.849
50.8566
50.861
50.978
50.9825
50.989
51.0001
51.1319
51.1553
51.2713
51.2757
51.2788
51.2952
51.298
51.4156
51.4191
51.435
51.4391
51.5556
51.5582
51.5779
51.6918
51.6953
51.7122
51.7182
51.8266
51.8301
51.8577
51.8807
51.9583
51.9636
51.969
52.0862
52.0901
52.0927
52.2149
52.2199
52.2364
52.3951
52.4044
52.41
52.4434
54.8446
54.8761
54.8782
54.8992
55.3594
55.3814
55.3906
55.3936
55.4101
55.4183
55.4371
55.4791
55.8051
55.8166
55.8289
55.8423
55.8709
55.8791
55.9271
55.9319
55.9355
55.9397
55.9658
55.9793
55.9843
56.2991
56.3094
56.3192
56.3328
56.3358
56.3523
56.3852
56.4217
56.4304
56.4386
56.4559
56.7988
56.8041
56.8214
56.8327
56.8463
56.8506
56.8607
56.8663
56.8794
56.8859
56.8962
56.9118
56.9287
56.9566
57.2904
57.2952
57.3119
57.3194
57.3314
57.3344
57.3565
57.3869
57.4039
57.4152
57.4341
57.449
57.4768
57.7921
57.807
57.8096
57.8162
57.8346
57.8534
57.8576
57.8669
57.874
57.8894
57.8997
57.9142
57.9186
57.9225
57.9309
57.9468
57.9648
58.2807
58.2865
58.2907
58.3026
58.3144
58.3421
58.3527
58.3665
58.3773
58.3841
58.3954
58.4052
58.4097
58.43
58.4346
58.4441
58.4578
58.7811
58.7884
58.7958
58.7985
58.8053
58.833
58.862
58.8646
58.8731
58.8978
58.9032
58.9091
58.923
59.2698
59.2751
59.2793
59.2911
59.2948
59.3117
59.3315
59.3367
59.3516
59.388
59.4141
59.4612
59.4685
59.768
59.7712
59.7734
59.7821
59.7955
59.798
59.809
59.8139
59.83
59.8476
59.8499
59.8557
59.8657
59.8759
59.8833
59.9254
59.934
59.9372
59.9698
60.2672
60.2815
60.2899
60.3034
60.3152
60.3284
60.3562
60.3624
60.3873
60.4247
60.47
60.7598
60.7641
60.7727
60.7796
60.808
60.8186
60.8273
60.8422
60.8591
60.8918
60.9095
60.932
60.9442
61.2568
61.261
61.2694
61.304
61.3087
61.3134
61.3363
61.3537
61.3769
61.4106
61.4623
61.7731
61.7849
61.7962
61.8253
61.8309
61.8442
61.8508
61.854
61.8753
61.8958
61.9207
61.9556
62.2564
62.2609
62.2637
62.2807
62.301
62.3206
62.344
62.3593
62.3629
62.3942
62.4408
63.8083
64.24809999999999
67.5979
67.66249999999999
68.1981
68.20189999999999
68.2041
68.206
68.20959999999999
68.2141
68.2161
68.22110000000001
68.2289
68.2563
68.261
68.2709
68.28959999999999
68.3008
68.3068
68.3275
68.37779999999999
68.3963
68.40260000000001
68.41330000000001
68.42449999999999
68.4303
68.4838
68.4941
68.49930000000001
68.5133
68.51779999999999
68.52889999999999
68.56489999999999
68.58920000000001
68.6063
68.6324
68.6549
68.67440000000001
68.6842
68.72490000000001
68.7329
68.7367
68.75879999999999
68.7638
68.81870000000001
68.82299999999999
68.8364
68.8417
68.9014
68.9203
68.9288
68.9357
68.95
68.96120000000001
68.9817
68.99039999999999
69.0121
69.02419999999999
69.04510000000001
69.1071
69.1117
69.1254
69.1322
69.17700000000001
69.18040000000001
69.2067
69.2184
69.2251
69.2621
69.2794
69.34529999999999
69.35380000000001
69.3699
69.37990000000001
69.4105
69.467
69.4738
69.48820000000001
69.5085
69.532
69.54510000000001
69.559
69.5731
69.5891
69.60850000000001
69.61409999999999
69.62649999999999
69.639
69.69199999999999
69.73050000000001
69.7428
69.7497
69.7796
69.8017
69.8579
69.86450000000001
69.88679999999999
69.8982
69.9277
70.00539999999999
74.17270000000001
74.175
74.17700000000001
74.1789
74.1807
74.18470000000001
74.1866
74.1918
74.2101
74.2129
74.2329
74.241
74.2573
74.2813
74.3014
74.3048
74.3184
74.3398
74.3511
74.35599999999999
74.3848
74.41930000000001
74.4234
74.46250000000001
74.4862
74.49809999999999
74.5064
74.5538
74.5891
74.5929
74.6018
74.6249
74.6502
74.67319999999999
74.68940000000001
74.6925
74.7034
74.7105
74.7313
74.79989999999999
74.82859999999999
74.884
74.9269
74.94159999999999
75.0958
75.1066
75.1735
75.2567
75.27379999999999
75.30840000000001
75.5112
75.5522
75.8047
75.8447
75.8526
76.0215
76.123
76.2821
76.3133
76.3586
76.3643
76.3755
76.3986
76.4033
76.42870000000001
76.4387
76.4824
76.4991
76.51819999999999
76.5292
76.5304
76.5385
76.5548
76.57850000000001
76.5869
76.61069999999999
76.61409999999999
76.6254
76.6508
76.685
76.68989999999999
76.69199999999999
76.7102
76.7316
76.7542
76.7628
76.78319999999999
76.8263
76.8526
76.8665
76.9405
77.5485
77.5594
77.5694
77.5732
77.57729999999999
77.586
77.5946
77.5963
77.60129999999999
77.6112
77.6272
77.6844
77.71680000000001
77.7666
77.7719
77.822
77.8287
77.85339999999999
78.15730000000001
78.1604
78.1679
78.1742
78.1844
78.18770000000001
78.1925
78.2146
78.21980000000001
78.259
78.32299999999999
78.3347
78.3719
78.6202
78.62439999999999
78.6305
78.6412
78.6433
78.70610000000001
78.7257
78.7693
79.0016
79.0052
79.0082
79.0269
79.0295
79.0359
79.0462
79.05800000000001
79.0703
79.12949999999999
79.1514
79.1823
79.3383
79.3421
79.35899999999999
79.3719
79.3865
79.39570000000001
79.4044
79.6409
79.64449999999999
79.6626
79.6648
79.6741
79.6814
79.6884
79.7025
79.7119
79.7398
79.749
79.75830000000001
79.9188
79.9242
79.92870000000001
79.9413
79.94459999999999
79.94750000000001
79.9726
79.98139999999999
79.98820000000001
79.99679999999999
80.0052
80.17749999999999
80.18340000000001
80.1992
80.20189999999999
80.2304
80.23650000000001
80.2517
80.42
80.42400000000001
80.4396
80.4498
80.47580000000001
80.6476
80.65130000000001
80.65519999999999
80.67449999999999
80.68859999999999
80.7392
80.86499999999999
80.8681
80.8745
80.89230000000001
80.9196
81.0733
81.0804
81.1002
81.1041
81.1533
81.2848
81.2961
81.29949999999999
81.4663
81.4731
81.4918
81.4949
81.5048
81.5133
81.5266
81.6503
81.6538
81.6587
81.6721
81.67749999999999
81.70099999999999
81.7161
81.8308
81.83459999999999
81.85299999999999
81.85809999999999
81.87820000000001
82.004
82.0224
82.0318
82.0391
82.0442
82.1751
82.2084
82.3373
82.3411
82.3477
82.3612
82.36409999999999
82.3763
82.4982
82.5016
82.5223
82.5266
82.5317
82.65430000000001
82.65819999999999
82.6754
82.6794
82.6824
82.8068
82.81310000000001
82.8304
82.8357
82.8399
82.9598
82.9819
83.1062
83.1217
83.12690000000001
83.2598
83.2681
83.4053
83.411
83.52719999999999
83.5433
83.5476
83.66160000000001
83.6653
83.7927
83.7983
83.82210000000001
83.92230000000001
83.92910000000001
84.053
84.0697
84.07340000000001
86.7123
86.7504
86.7557
87.15819999999999
87.172
87.2051
87.23609999999999
87.2424
87.2843
87.65000000000001
87.6554
87.68000000000001
87.6949
87.699
87.7119
87.76909999999999
87.774
87.7834
88.13460000000001
88.1427
88.163
88.16719999999999
88.184
88.2093
88.2317
88.23999999999999
88.2611
88.2747
88.2792
88.29819999999999
88.636
88.6465
88.6627
88.6662
88.6785
88.6888
88.69450000000001
88.7025
88.7107
88.7236
88.74039999999999
88.7444
88.7501
88.77460000000001
89.1307
89.14579999999999
89.1497
89.17449999999999
89.1797
89.1962
89.20269999999999
89.2269
89.2587
89.2766
89.2946
89.6185
89.6254
89.6362
89.64109999999999
89.6456
89.66500000000001
89.6857
89.69329999999999
89.72629999999999
89.7336
89.745
89.7503
89.76990000000001
89.8095
90.1143
90.1236
90.13639999999999
90.14060000000001
90.1431
90.1651
90.1682
90.1781
90.2012
90.2115
90.2192
90.2457
90.2824
90.28870000000001
90.6084
90.6134
90.6183
90.6412
90.6575
90.6717
90.6794
90.69289999999999
90.70099999999999
90.7046
90.7141
90.7304
90.7358
90.7491
90.75920000000001
90.7895
90.807
91.1049
91.11069999999999
91.11369999999999
91.1495
91.1602
91.16670000000001
91.2041
91.2426
91.2559
91.5986
91.6032
91.6105
91.6228
91.6254
91.6369
91.64530000000001
91.6772
91.68859999999999
91.7208
91.73650000000001
91.7415
91.7543
91.7898
91.81699999999999
92.09610000000001
92.1086
92.1159
92.1189
92.1448
92.1481
92.15179999999999
92.16240000000001
92.2154
92.22799999999999
92.2371
92.2551
92.2586
92.26819999999999
92.596
92.599
92.6186
92.6279
92.6378
92.6409
92.6461
92.6643
92.6707
92.6878
92.7166
92.72239999999999
92.7346
92.7461
93.08929999999999
93.0933
93.10899999999999
93.1176
93.148
93.1704
93.1872
93.1962
93.20610000000001
93.2389
93.2886
93.31659999999999
93.5869
93.59310000000001
93.6035
93.6071
93.61879999999999
93.6246
93.6365
93.64960000000001
93.6572
93.661
93.6972
93.7072
93.7201
93.7311
93.7379
93.7555
93.7662
93.79349999999999
94.0866
94.09139999999999
94.0976
94.1164
94.12220000000001
94.13979999999999
94.1692
94.2723
100.0289
100.0307
100.0333
100.0349
100.0405
100.0465
100.0484
100.0543
100.0725
100.0785
100.0865
100.0948
100.1021
100.1046
100.1119
100.1207
100.1391
100.1562
100.1717
100.1844
100.1916
100.2196
100.2562
100.2843
100.2985
100.3238
100.3687
100.3759
100.3858
100.402
100.4136
100.4388
100.4695
100.5485
100.5595
100.5729
100.5884
100.5926
100.6139
100.6254
100.6827
100.7041
100.7146
100.7198
100.7493
100.7968
100.8106
100.8436
100.8548
100.857
100.8809
100.9029
100.9232
100.9344
100.9485
100.9594
101.0037
101.0091
101.0434
101.0579
101.12
101.1816
101.186
101.1915
101.221
101.2565
101.2657
101.2967
101.333
101.3423
101.3668
101.3754
101.3796
101.3977
101.45
101.4742
101.4849
101.4959
101.508
101.5386
101.5577
101.5864
101.6002
101.6126
101.6287
101.6518
101.6607
101.72
101.7676
101.7797
101.7978
101.8109
101.8395
101.8584
101.8699
101.8906
101.9029
101.9315
101.937
101.9654
102.0186
102.0611
102.0913
102.1452
102.1671
102.1872
102.2066
102.2812
102.3381
102.385
102.4126
102.4206
102.4272
102.4786
102.5255
102.601
102.6103
102.7918
106.0112
106.0153
106.022
106.0315
106.0334
106.0348
106.0467
106.0563
106.0648
106.0719
106.0829
106.1094
106.1259
106.1456
106.1542
106.1593
106.1669
106.1812
106.2073
106.2127
106.2221
106.2479
106.2682
106.2772
106.2999
106.3118
106.331
106.3412
106.3467
106.3576
106.4375
106.4571
106.4858
106.5184
106.5831
106.5986
106.6239
106.6271
106.6395
106.6524
106.6623
106.6887
106.7361
106.7626
106.7967
106.8813
106.8876
106.9091
106.9398
106.9625
106.9944
106.9987
107.0148
107.0564
107.0919
107.1069
107.1195
107.1366
107.1585
107.1966
107.2026
107.2713
107.2931
107.3142
107.3442
107.3759
107.4197
107.4771
107.512
107.5258
107.5686
107.6056
107.6563
107.7032
107.7373
107.8597
107.8818
107.9267
107.9574
108.0161
108.0448
108.1158
108.1328
108.1703
108.1827
108.2038
108.2133
108.2164
108.2455
108.2599
108.2852
108.3007
108.3251
108.3371
108.3469
108.3639
108.3835
108.4019
108.4088
108.4213
108.4699
108.5123
108.53
108.5519
108.5851
108.6226
108.628
108.6471
108.6916
108.7065
108.7594
108.7898
108.7969
108.9939
109.3652
109.3743
109.382
109.391
109.402
109.4057
109.4178
109.4325
109.4471
109.4585
109.4711
109.4806
109.5011
109.5081
109.5666
109.5706
109.6459
109.6517
109.6783
109.9826
109.9859
109.9889
109.9958
110.0137
110.0163
110.0197
110.035
110.0562
110.0679
110.0779
110.1459
110.161
110.1799
110.2166
110.444
110.4464
110.4713
110.4738
110.4802
110.4915
110.5044
110.5134
110.5178
110.5309
110.5577
110.5896
110.6105
110.6181
110.8267
110.8303
110.8353
110.8405
110.8559
110.8746
110.8874
110.892
110.9077
111.1648
111.1676
111.1698
111.1728
111.1754
111.1924
111.1954
111.2031
111.2149
111.2301
111.2459
111.2664
111.2869
111.4679
111.4709
111.4728
111.4749
111.4781
111.496
111.5016
111.5332
111.5561
111.7475
111.7496
111.7521
111.7551
111.761
111.7732
111.7761
111.7833
111.8042
111.8356
111.8402
111.8563
112.0081
112.0142
112.0355
112.0458
112.05
112.0733
112.0895
112.2485
112.2512
112.2566
112.2784
112.2905
112.2969
112.3267
112.4784
112.4817
112.4845
112.5043
112.5124
112.547
112.6986
112.7037
112.7208
112.7242
112.7511
112.7869
112.9049
112.9085
112.931
112.9439
112.9785
113.105
113.1079
113.137
113.1558
113.296
113.3001
113.3029
113.3055
113.315
113.3214
113.3293
113.3321
113.4823
113.4849
113.4877
113.4902
113.5092
113.5214
113.661
113.6654
113.685
113.6902
113.71
113.8373
113.8402
113.8495
113.8582
113.8666
113.8749
114.0042
114.0109
114.0173
114.03
114.034
114.041
114.0514
114.168
114.1713
114.1742
114.1916
114.2281
114.3276
114.3301
114.3334
114.3366
114.3543
114.3628
114.4015
114.4837
114.4868
114.4909
114.5016
114.5052
114.5139
114.5265
114.5365
114.6721
114.6781
114.6842
114.7844
114.7913
114.7955
114.8256
114.8614
114.9307
114.9337
114.9366
114.9452
114.9564
114.9591
115.071
115.0953
115.2114
115.2213
115.2356
115.2414
115.3788
115.3824
115.4867
115.4897
115.4912
115.5002
115.5145
115.6158
115.6192
115.6215
115.6391
115.6476
115.7445
115.7475
115.773
115.8726
115.8751
115.8786
115.8916
115.9009
116.0202
116.0235
116.0512
116.0551
116.0726
116.0918
116.0967
116.1755
116.2276
116.2331
116.404
116.606
116.6542
116.6686
117.4411
117.5661
117.765
118.0914
118.1056
118.1254
118.4247
118.4795
118.4972
118.5028
118.518
118.5393
118.5457
118.5868
118.5916
118.6347
118.9708
118.9869
118.9908
119.0361
119.0394
119.0648
119.0775
119.0887
119.0964
119.1032
119.46
119.4726
119.4792
119.5025
119.5089
119.5302
119.55
119.5744
119.5784
119.5971
119.602
119.6266
119.944
119.9599
119.9679
119.9765
119.9853
119.9906
119.9942
120.0266
120.0405
120.0481
120.0512
120.0843
120.1033
120.1418
120.4379
120.4417
120.4676
120.4809
120.4992
120.5056
120.5121
120.5233
120.5803
120.6098
120.6224
120.9349
120.9389
120.9501
120.9613
120.9712
121.0001
121.0204
121.0282
121.1295
121.4269
121.4317
121.4352
121.4384
121.454
121.4604
121.464
121.4974
121.5004
121.5303
121.5402
121.5562
121.5796
121.593
121.6723
121.928
121.9316
121.9356
121.9521
121.9562
121.9711
121.9795
121.9907
122.0453
122.0683
122.0749
122.0925
122.111
122.1392
122.1739
122.4251
122.4302
122.4327
122.4383
122.4485
122.4548
122.4889
122.5084
122.5314
122.5611
122.579
122.6098
122.6333
122.9152
122.9197
122.9236
122.9289
122.9427
122.9497
122.9725
122.9786
122.9855
122.9978
123.0005
123.0206
123.0537
123.0678
123.0777
123.112
123.1506
123.4153
123.4193
123.4276
123.4415
123.4439
123.4465
123.4628
123.5008
123.5267
123.5669
123.6026
123.6131
123.912
123.9183
123.9229
123.9284
123.9367
123.962
123.974
124.0271
124.0301
124.0615
124.0904
124.108
124.1197
124.4133
124.416
124.4223
124.4538
124.462
124.4704
124.4763
124.4952
124.4994
124.5259
124.5378
124.5526
124.6111
124.9103
124.9167
124.9334
124.951
124.9577
124.9783
124.9852
124.9985
125.0052
125.0107
125.0379
125.0603
125.0771
125.091
125.1558
125.4068
125.4108
125.4135
125.4289
125.4331
125.4477
125.4531
125.4719
125.5031
125.5135
125.5163
125.5296
125.5492
125.5943
125.907
125.9138
125.9377
125.9466
125.9573
126.0151
126.0512
126.13
126.1762
126.2087
126.2482
126.2552
126.3107
126.3303
126.4702
126.5583
127.6705
131.8559
131.8602
131.8667
131.873
131.8751
131.8804
131.8955
131.9277
131.9303
131.9456
131.9546
131.9727
131.99
132.014
132.0392
132.0515
132.0658
132.1245
132.1303
132.1468
132.1582
132.1815
132.199
132.2116
132.2458
132.2614
132.3138
132.3292
132.3605
132.3809
132.4037
132.4087
132.4168
132.4495
132.4698
132.4754
132.4958
132.5253
132.5347
132.5598
132.5809
132.6336
132.6831
132.7005
132.7413
132.7588
132.785
132.8198
132.8394
132.868
132.8819
132.9059
132.9113
132.935
133.0003
133.0097
133.0231
133.0328
133.0549
133.077
133.0885
133.1497
133.1558
133.1758
133.2244
133.2279
133.2625
133.2825
133.2974
133.3102
133.3263
133.4016
133.4261
133.4608
133.4732
133.5057
133.5102
133.5148
133.5452
133.5691
133.5888
133.6227
133.6657
133.699
133.7046
133.7276
133.7398
133.7862
133.8126
133.8198
133.8462
133.8836
133.9057
133.9248
133.9593
133.9718
133.9858
134.0364
134.068
134.0866
134.1157
134.1213
134.1521
134.199
134.2244
134.2713
134.2843
134.3291
134.3623
134.3958
134.4349
134.4533
134.5141
134.5664
134.6148
134.6332
134.7015
134.72
134.7386
134.7591
134.7915
134.7964
137.8295
137.8322
137.8342
137.8361
137.8378
137.8397
137.8584
137.8756
137.8831
137.8914
137.9088
137.9107
137.9181
137.9206
137.9273
137.9372
137.9479
137.9625
137.9728
137.9809
137.9973
138.0094
138.0207
138.0315
138.0518
138.074
138.0856
138.1059
138.1273
138.1479
138.1761
138.1971
138.2026
138.2149
138.2308
138.2461
138.256
138.3061
138.3252
138.3913
138.4111
138.4554
138.4991
138.5039
138.5189
138.5475
138.5709
138.5995
138.621
138.6252
138.6551
138.6617
138.6764
138.7654
138.7716
138.808
138.8231
138.8967
138.9371
138.9673
138.9889
139.0118
139.0503
139.0724
139.102
139.133
139.14
139.1488
139.1714
139.1854
139.2142
139.2495
139.3035
139.3298
139.3363
139.3925
139.4014
139.419
139.476
139.5034
139.5236
139.5834
139.5937
139.6037
139.6255
139.7227
139.739
139.7645
139.8327
139.8704
139.8929
139.9206
139.9793
140.0004
140.0107
140.0441
140.0737
140.0795
140.1036
140.1211
140.149
140.1637
140.1795
140.1997
140.2273
140.2586
140.2769
140.2917
140.3189
140.3455
140.3566
140.3801
140.4
140.4098
140.4172
140.451
140.4864
140.5019
140.541
140.5801
140.6203
140.6395
141.1927
141.1956
141.1995
141.2049
141.2183
141.2331
141.261
141.2642
141.2694
141.2814
141.3074
141.3383
141.3479
141.3626
141.3857
141.4043
141.4091
141.425
141.4341
141.4512
141.4683
141.502
141.524
141.5502
141.816
141.8221
141.846
141.8679
141.8714
141.8864
141.8927
141.9258
141.9328
141.9363
141.9558
141.9676
141.9773
142.0115
142.0192
142.0345
142.2765
142.279
142.2856
142.2894
142.3034
142.3307
142.3572
142.3643
142.3667
142.387
142.3902
142.4242
142.4579
142.6613
142.6716
142.7033
142.7224
142.7357
142.7389
142.7622
142.7739
142.7786
142.8155
142.9978
143.0009
143.0423
143.0546
143.0893
143.1035
143.1082
143.3021
143.3076
143.3105
143.315
143.327
143.3351
143.339
143.352
143.3866
143.4061
143.4266
143.4424
143.5803
143.5834
143.5854
143.6078
143.6136
143.6396
143.6593
143.6857
143.8383
143.8411
143.8436
143.8464
143.8645
143.8671
143.877
143.8853
143.9382
144.0821
144.0873
144.0907
144.1039
144.1083
144.1186
144.1315
144.1629
144.1683
144.3117
144.3149
144.3216
144.3418
144.348
144.3962
144.5294
144.5326
144.5354
144.5495
144.5588
144.5752
144.6084
144.7381
144.7441
144.7593
144.765
144.779
144.806
144.9427
144.9474
144.9614
144.9816
144.9947
145.1317
145.1341
145.1384
145.1514
145.1547
145.1648
145.1699
145.1791
145.3197
145.3236
145.3295
145.3525
145.3727
145.4948
145.4975
145.5198
145.5227
145.6677
145.6708
145.673
145.6752
145.6884
145.6975
145.7114
145.7151
145.8399
145.8429
145.848
145.8614
145.8649
146.0047
146.0245
146.0288
146.0416
146.0535
146.165
146.1683
146.1788
146.1896
146.2088
146.2547
146.3176
146.3233
146.3428
146.3674
146.4005
146.4702
146.4737
146.4923
146.619
146.6224
146.6379
146.6443
146.6539
146.7624
146.7665
146.7836
146.7895
146.9051
146.9083
146.911
146.9283
147.0535
147.0613
147.0781
147.1828
147.1857
147.1885
147.2132
147.2171
147.3174
147.32
147.3487
147.4489
147.4716
147.5774
147.5812
147.5866
147.6039
147.7068
147.7098
147.7305
147.8608
147.8673
147.8759
147.8908
147.9352
148.0132
149.9947
150.3985
150.4171
150.4259
150.4329
150.4593
150.479
150.4832
150.7929
150.7958
150.8074
150.8224
150.8474
150.8531
150.8632
150.8749
150.8888
150.8928
150.9204
150.9268
150.9359
150.9565
150.9648
151.26
151.2759
151.2928
151.2968
151.3101
151.3308
151.3366
151.3451
151.3739
151.3825
151.4117
151.4343
151.762
151.7776
151.7875
151.7986
151.813
151.8273
151.8436
151.8714
151.8823
151.8853
151.9096
151.9617
152.2613
152.2687
152.275
152.2978
152.3026
152.3063
152.3359
152.3536
152.3666
152.3927
152.4012
152.4118
152.4405
152.4931
152.7657
152.7727
152.7771
152.7871
152.798
152.8052
152.8251
152.8296
152.8412
152.8778
152.8808
152.8839
152.8979
152.9321
152.949
152.9663
152.9818
153.2644
153.2678
153.2737
153.2774
153.2857
153.3159
153.3349
153.3378
153.3556
153.3703
153.3753
153.4117
153.4158
153.4313
153.4415
153.4562
153.4795
153.7509
153.7566
153.7624
153.7696
153.7837
153.7863
153.7915
153.8113
153.8191
153.8278
153.8433
153.864
153.874
153.8945
153.8986
153.9291
154.2582
154.2689
154.2761
154.2862
154.2984
154.3116
154.3223
154.3555
154.3628
154.4108
154.42
154.4244
154.4449
154.7537
154.7582
154.7629
154.7779
154.7809
154.8024
154.8073
154.8356
154.8732
154.8889
154.9571
154.9734
155.2557
155.2636
155.2664
155.2843
155.2875
155.3159
155.3505
155.3615
155.3864
155.3929
155.4231
155.7637
155.7718
155.775
155.7813
155.7861
155.8024
155.8238
155.834
155.8596
155.8675
155.8894
155.9088
155.9312
155.9371
156.2625
156.2733
156.2805
156.2969
156.3128
156.3293
156.3362
156.3665
156.3693
156.398
156.4017
156.4083
156.4116
156.4308
156.7556
156.7606
156.7705
156.7939
156.8
156.811
156.844
156.8605
156.8749
156.9441
157.252
157.2559
157.2628
157.2745
157.2886
157.3064
157.3271
157.3339
157.3402
157.3574
157.3796
157.3847
157.3904
157.4056
157.4396
157.4937
157.7482
157.7528
157.7697
157.7763
157.7962
157.804
157.8111
157.8493
157.8609
157.8705
157.9152
157.9309
163.6961
163.6978
163.6996
163.7029
163.7039
163.7192
163.7504
163.7845
163.7906
163.8
163.8316
163.8346
163.8464
163.8638
163.8683
163.878
163.89
163.9175
163.923
163.9362
163.9416
163.9543
164.0085
164.0116
164.0194
164.0689
164.0735
164.0955
164.1141
164.1563
164.1636
164.1833
164.2027
164.2214
164.2448
164.2601
164.2717
164.2828
164.3034
164.3147
164.3442
164.3787
164.4063
164.4462
164.4695
164.4953
164.516
164.552
164.5926
164.634
164.6494
164.6598
164.685
164.7065
164.7188
164.7467
164.7574
164.7753
164.7923
164.8167
164.8735
164.8798
164.8949
164.9044
164.9436
164.9963
165.1416
165.1663
165.185
165.2216
165.2718
165.2866
165.3324
165.3623
165.3667
165.4314
165.4634
165.4946
165.5027
165.5249
165.5546
165.6097
165.6369
165.6628
165.688
165.7152
165.7486
165.757
165.7712
165.8156
165.8398
165.9251
169.6706
169.6728
169.6748
169.6765
169.6786
169.682
169.6868
169.6885
169.6965
169.7236
169.7299
169.7387
169.7489
169.7747
169.7853
169.7902
169.7938
169.8092
169.8196
169.8233
169.8507
169.8563
169.8752
169.8992
169.9058
169.9383
169.9713
169.9856
170.0092
170.0583
170.0778
170.0828
170.1073
170.1145
170.1589
170.1678
170.1813
170.1952
170.2211
170.2426
170.2549
170.273
170.2956
170.3101
170.3279
170.3646
170.413
170.4898
170.6296
171.6392
171.7898
171.8478
171.891
171.9242
171.9399
171.952
171.9797
171.987
171.9905
171.998
172.0046
172.0434
172.0461
172.0771
172.095
172.1013
172.1196
172.1294
172.1572
172.1608
172.1782
172.2025
172.2287
172.3203
172.3424
172.4
173.0406
173.0428
173.0451
173.0477
173.0586
173.0612
173.0765
173.0877
173.0969
173.1034
173.134
173.165
173.1815
173.1949
173.2169
173.2503
173.2699
173.2846
173.3001
173.3304
173.3708
173.6545
173.6571
173.66
173.664
173.6834
173.6903
173.7145
173.7217
173.7497
173.7592
173.7861
173.8083
173.8278
173.8373
173.859
174.1164
174.1192
174.1218
174.1393
174.1427
174.1539
174.1632
174.1697
174.2513
174.2593
174.5006
174.5035
174.5062
174.5092
174.5224
174.5248
174.5409
174.544
174.5668
174.5694
174.5953
174.8361
174.8393
174.8508
174.8571
174.8604
174.8812
174.8841
174.8899
174.9181
174.9212
174.9366
174.944
174.9471
175.1391
175.1452
175.1481
175.16
175.1623
175.1755
175.1812
175.1918
175.2087
175.2281
175.2462
175.276
175.417
175.4198
175.4231
175.4318
175.4405
175.4436
175.4606
175.4689
175.4839
175.5194
175.6767
175.6796
175.6962
175.7594
175.9202
175.925
175.936
175.9421
175.9575
175.9621
175.9799
176.0063
176.1492
176.1528
176.1738
176.1896
176.1999
176.2038
176.2268
176.3667
176.3699
176.3723
176.3792
176.3868
176.4136
176.5752
176.5808
176.5838
176.5969
176.6012
176.6192
176.6377
176.7768
176.7799
176.7825
176.7947
176.8081
176.8225
176.8259
176.9729
176.9776
176.9894
176.9961
177.0167
177.1554
177.1584
177.1717
177.3365
177.3421
177.3679
177.509
177.5121
177.5232
177.529
177.5393
177.6812
177.6865
177.8365
177.8486
177.8694
177.8838
178.0092
178.0164
178.0276
178.157
178.161
178.1792
178.3171
178.325
178.331
178.4577
178.4743
178.4789
178.482
178.6026
178.6079
178.6113
178.6257
178.6357
178.7448
178.7494
178.7623
178.7815
178.8868
178.902
178.9174
179.0223
179.0256
179.0343
179.1568
179.162
179.173
179.1838
179.2895
179.294
179.3077
179.4189
179.4236
179.4376
179.4416
179.5528
179.5681
179.7314
182.3468
182.6756
182.7059
182.7089
182.7473
183.1497
183.1677
183.1731
183.1762
183.1911
183.222
183.2255
183.2502
183.2787
183.3
183.3064
183.6426
183.6481
183.6627
183.6767
183.6897
183.7308
183.7364
183.7398
183.7858
183.7951
184.1197
184.1257
184.1531
184.1579
184.1756
184.1895
184.1982
184.2019
184.2051
184.2242
184.2317
184.2354
184.2407
184.2453
184.2551
184.2739
184.3148
184.6171
184.6202
184.6307
184.6446
184.6482
184.6524
184.6737
184.6944
184.7071
184.7192
184.7229
184.7364
184.7432
184.7742
185.1061
185.1132
185.135
185.1439
185.1496
185.1697
185.1912
185.1988
185.2215
185.2245
185.2523
185.2602
185.2663
185.2712
185.6091
185.615
185.6341
185.6566
185.6715
185.6939
185.7072
185.7241
185.7347
185.7508
185.7684
185.7864
185.8225
186.1038
186.1099
186.1148
186.1258
186.132
186.1435
186.1581
186.1722
186.2102
186.2229
186.2281
186.2499
186.272
186.3083
186.6027
186.6084
186.611
186.6235
186.6279
186.6453
186.6501
186.6692
186.6799
186.6865
186.6926
186.7072
186.7344
186.8012
187.0941
187.1016
187.1077
187.1148
187.1167
187.1498
187.1686
187.1738
187.1924
187.2107
187.2341
187.248
187.2827
187.595
187.5993
187.6102
187.6295
187.6315
187.6435
187.657
187.675
187.6816
187.7013
187.7107
187.7312
187.7542
187.7707
187.8533
188.0896
188.0963
188.1081
188.1127
188.1428
188.1662
188.178
188.2466
188.2531
188.2574
188.266
188.2723
188.2954
188.585
188.5889
188.5923
188.6057
188.6213
188.6243
188.6349
188.6445
188.654
188.6573
188.6729
188.6976
188.704
188.7104
188.7274
188.7646
188.7829
189.0863
189.0904
189.0948
189.1008
189.1103
189.1221
189.1342
189.137
189.1455
189.1671
189.1716
189.2001
189.2038
189.213
189.2274
189.2428
189.2551
189.2683
189.2942
189.583
189.5863
189.5894
189.5985
189.6172
189.628
189.6427
189.6705
189.6811
189.6942
193.6495
195.5238
195.5261
195.5281
195.5301
195.5332
195.5367
195.5404
195.5447
195.5472
195.5689
195.5783
195.5979
195.6145
195.6176
195.6446
195.6562
195.6666
195.6779
195.6929
195.7136
195.7244
195.7362
195.7662
195.7734
195.792
195.7969
195.8042
195.8301
195.8352
195.858
195.8707
195.8784
195.8871
195.904
195.9075
195.917
195.96
195.9978
196.0443
196.0515
196.0617
196.0882
196.0916
196.0998
196.1135
196.1303
196.1358
196.1426
196.1647
196.1769
196.1801
196.214
196.2333
196.2542
196.2982
196.3031
196.3415
196.3508
196.3556
196.401
196.4137
196.438
196.4458
196.4725
196.5071
196.5307
196.5478
196.5687
196.5863
196.608
196.6204
196.6255
196.6416
196.6899
196.7151
196.73
196.7489
196.7657
196.7911
196.8118
196.8301
196.8476
196.8832
196.9024
196.9167
196.9229
196.9364
196.9831
196.9998
197.0301
197.0577
197.0807
197.098
197.1086
197.1166
197.1375
197.227
197.2507
197.2609
197.2722
197.2875
197.3619
197.383
197.3882
197.4324
197.459
197.5078
197.5381
197.5468
197.6428
197.6508
197.6764
197.6953
197.7127
197.7257
197.7599
197.7805
197.8106
197.8242
197.8657
197.8772
197.8905
197.9248
198.0395
198.0686
198.097
198.1531
198.178
198.1936
198.2146
198.2545
198.322
198.4056
201.4976
201.5004
201.5042
201.5064
201.5106
201.5188
201.527
201.5328
201.553
201.5622
201.5656
201.5711
201.588
201.6058
201.6099
201.6157
201.6363
201.6581
201.6939
201.7269
201.7403
201.7624
201.7729
201.7845
201.813
201.8534
201.8753
201.9337
201.9588
202.0034
202.0094
202.031
202.0611
202.0719
202.0866
202.1231
202.1376
202.1635
202.1845
202.1897
202.1979
202.2173
202.2306
202.2478
202.2585
202.2695
202.3273
202.3444
202.3583
202.3903
202.4058
202.4338
202.4583
202.5933
202.6066
202.647
202.67
202.6811
202.7225
202.7874
202.7917
202.8199
202.8387
202.8522
202.8813
202.9328
202.9433
202.9732
202.9958
203.0218
203.0363
203.0572
203.0777
203.1204
203.1616
203.1669
203.1834
203.2155
203.2635
203.2764
203.2909
203.3321
203.3469
203.3946
203.4037
203.414
203.4423
203.4646
203.5
203.5203
203.5901
203.5951
203.6012
203.6377
203.6568
203.6649
203.6686
203.7153
203.7317
203.7385
203.7458
203.7496
203.7617
203.7944
203.8141
203.8246
203.9363
203.9505
203.9631
203.9908
204.0016
204.0135
204.0507
204.0544
204.0786
204.0991
204.1064
204.1327
204.1518
204.176
204.2528
204.3014
204.3217
204.3667
204.8523
204.8559
204.8603
204.8626
204.8848
204.8995
204.911
204.9213
204.9251
204.9403
204.9497
204.9985
205.0244
205.0654
205.0824
205.1002
205.137
205.1573
205.2042
205.2097
205.478
205.4808
205.485
205.4871
205.4906
205.5117
205.5359
205.5484
205.5886
205.6107
205.6144
205.6601
205.6744
205.7061
205.939
205.9414
205.9497
205.9542
205.9667
205.9752
205.979
205.9899
206.0051
206.0107
206.0306
206.0468
206.0643
206.086
206.0902
206.3246
206.3275
206.3306
206.3329
206.335
206.3391
206.3527
206.3589
206.3814
206.4075
206.4502
206.6615
206.6716
206.6887
206.6916
206.6988
206.7094
206.7301
206.7477
206.7645
206.9651
206.9688
206.9712
207.0332
207.0443
207.0477
207.0723
207.0805
207.2446
207.2477
207.253
207.2615
207.2694
207.2729
207.2847
207.2997
207.3251
207.34
207.3617
207.5034
207.5065
207.5128
207.5273
207.5642
207.5803
207.7447
207.7488
207.7715
207.7897
207.7974
207.9752
207.978
207.9809
207.9833
208.0008
208.0141
208.022
208.1939
208.1974
208.2008
208.2073
208.2463
208.2492
208.2858
208.4025
208.4053
208.4212
208.4338
208.461
208.6059
208.6097
208.6139
208.6253
208.6333
208.6434
208.7945
208.7975
208.7997
208.8031
208.8139
208.82
208.8366
208.8488
208.9813
208.9853
208.9881
209.0007
209.0058
209.0285
209.1597
209.1921
209.2118
209.3347
209.3374
209.3401
209.3496
209.3603
209.3729
209.5031
209.5055
209.5105
209.5243
209.5452
209.6668
209.6698
209.681
209.6944
209.7043
209.7185
209.8257
209.8296
209.8639
209.9868
209.9926
210.0088
210.0113
210.0276
210.1336
210.1497
210.1657
210.1772
210.2806
210.2852
210.2883
210.2981
210.3076
210.3158
210.4276
210.4306
210.4336
210.4475
210.4632
210.5706
210.574
210.5831
210.5929
210.5989
210.6465
210.7097
210.7127
210.7153
210.7184
210.7316
210.8467
210.85
210.8528
210.8618
210.8796
210.9809
210.9836
210.9863
210.9884
211.0098
211.1469
211.2446
211.2504
211.2541
211.2702
211.3704
211.4286
211.52
211.5249
211.5463
211.5501
211.5565
211.5927
211.6328
211.6712
211.7102
211.7494
211.7578
211.8628
211.908
212.0572
212.0932
212.3863
212.4224
212.5884
212.7863
212.9305
212.935
213.2231
213.3426
213.5908
213.6201
213.6464
213.6505
213.9804
214.0048
214.0102
214.0137
214.0286
214.0546
214.083
214.1241
214.1473
214.4597
214.467
214.4731
214.511
214.5603
214.5663
214.573
214.658
214.9452
214.9569
214.9639
214.9764
214.9847
215.017
215.039
215.0464
215.0551
215.0686
215.105
215.1349
215.4393
215.446
215.4502
215.4542
215.4765
215.5074
215.5224
215.5729
215.608
215.9306
215.9363
215.9417
215.9468
215.9586
215.9638
215.979
215.9827
216.0236
216.0373
216.0515
216.0714
216.0922
216.1118
216.4264
216.4319
216.4425
216.4573
216.4678
216.4885
216.5104
216.5152
216.5449
216.5618
216.5859
216.5916
216.614
216.9254
216.9307
216.9344
216.9483
216.9512
216.9559
216.9662
216.9948
217.005
217.0179
217.0303
217.0516
217.076
217.0994
217.1151
217.1413
217.4189
217.4286
217.45
217.4551
217.4755
217.4786
217.4897
217.5107
217.5207
217.5343
217.5518
217.5703
217.6028
217.6296
217.6395
217.9167
217.9196
217.9228
217.928
217.9448
217.9624
217.9844
217.9879
217.9927
218.0102
218.0173
218.0393
218.0488
218.0604
218.0892
218.1054
218.1309
218.1674
218.4162
218.4213
218.4276
218.4332
218.4441
218.4684
218.4762
218.4814
218.5001
218.5445
218.5501
218.5559
218.5731
218.5783
218.6009
218.618
218.9127
218.9159
218.9197
218.9224
218.9249
218.9362
218.9615
218.9798
218.984
219.0055
219.0103
219.0231
219.0398
219.0672
219.0938
219.4097
219.4132
219.4188
219.4214
219.4349
219.4674
219.4732
219.4964
219.5224
219.5251
219.5301
219.5529
219.5613
219.5777
219.6075
219.625
219.9077
219.9144
219.9306
219.9414
219.9527
219.9881
220.0108
220.0259
220.0395
220.0729
220.1025
220.4068
220.4116
220.415
220.4301
220.4336
220.4508
220.4691
220.4722
220.483
220.4886
220.4993
220.5246
220.5287
220.5426
220.5638
220.593
220.6249
220.9047
220.9237
220.9453
220.9733
220.9897
221.0429
221.0973
221.1121
221.4035
221.4152
221.4278
221.4486
221.4622
221.4657
221.5066
221.5218
221.5592
221.5805
221.6012
221.6465
221.6666
221.7493
222.4747
222.9789
223.2271
226.3752
227.3521
227.3542
227.3614
227.3629
227.3748
227.3783
227.3896
227.3975
227.4013
227.4275
227.4369
227.446
227.4576
227.4679
227.4828
227.4882
227.5229
227.533
227.5492
227.5941
227.6042
227.6182
227.6356
227.6466
227.6682
227.7237
227.7348
227.7681
227.7933
227.7993
227.8364
227.8671
227.9207
227.9501
228.0071
228.023
228.0896
228.1025
228.1157
228.1459
228.1999
228.2153
228.2377
228.2433
228.2923
228.3408
228.3549
228.3931
228.4148
228.4326
228.4507
228.4678
228.477
228.496
228.5256
228.5363
228.5531
228.5708
228.6094
228.6601
228.672
228.7153
228.7522
228.7971
228.8216
228.8382
228.8485
228.8542
228.8979
228.9022
228.9753
228.991
229.0267
229.0549
229.1173
229.2316
229.2668
229.29
229.3163
229.3385
229.3643
229.4524
229.475
229.5335
229.5797
229.6041
229.6293
229.6853
229.7144
229.7661
229.7826
229.8194
229.8668
229.904
229.9863
230.0238
230.0617
230.1301
230.1589
230.1809
230.2248
230.2947
233.3253
233.3287
233.331
233.3331
233.3348
233.3364
233.3405
233.3606
233.3728
233.3901
233.4024
233.4126
233.4228
233.4323
233.4351
233.5088
233.5276
233.5355
233.5506
233.567
233.5865
233.6186
233.6222
233.6737
233.6797
233.7356
233.8048
233.8169
233.8531
233.8681
233.8775
233.899
233.9315
233.9382
233.985
234.0405
234.0692
234.1026
234.1224
234.1651
234.1712
234.1984
234.233
234.2492
234.2696
234.3598
234.3798
234.3848
234.4288
234.4754
234.5469
234.5673
234.5937
234.6648
234.6718
234.7358
234.7566
234.7638
234.7841
234.8081
234.8638
234.8859
234.9255
234.9858
235.0062
235.0149
235.0436
235.0709
235.1092
235.113
235.2243
235.2673
235.2842
235.33
235.3706
235.3892
235.4117
235.4189
235.486
235.5079
235.551
235.5732
235.5829
235.6226
235.6257
235.6448
235.6637
235.6849
235.6972
235.7125
235.7264
235.7384
235.7748
235.8066
235.8185
235.8328
235.8611
235.8674
235.9167
235.9335
236.0007
236.009
236.0306
236.0499
236.0859
236.6927
236.6984
236.701
236.7119
236.7185
236.7321
236.7425
236.7513
236.7594
236.7723
236.787
236.7985
236.8015
236.853
236.8565
236.8745
236.8807
236.899
236.9209
236.9324
236.9761
236.9919
237.0378
237.3135
237.3211
237.3253
237.331
237.3441
237.3462
237.3553
237.3659
237.387
237.393
237.4167
237.4596
237.4801
237.4847
237.5161
237.7744
237.7778
237.7842
237.8141
237.8193
237.8339
237.8426
237.8958
237.9043
237.9167
237.9354
238.158
238.1618
238.1644
238.1672
238.1716
238.2669
238.2926
238.2974
238.5007
238.5035
238.5046
238.5058
238.5231
238.5343
238.5571
238.5714
238.5847
238.6102
238.6245
238.8004
238.8036
238.8122
238.8422
238.8708
238.8933
239.0784
239.0841
239.105
239.1115
239.1211
239.1525
239.1807
239.3429
239.3453
239.353
239.364
239.3801
239.3905
239.4067
239.4305
239.5819
239.5854
239.592
239.6063
239.6208
239.6402
239.6501
239.8097
239.8162
239.8201
239.8353
239.8483
239.859
240.0326
240.0436
240.061
240.0923
240.0969
240.2378
240.244
240.2485
240.26
240.2649
240.2764
240.3102
240.4364
240.4401
240.4433
240.4639
240.4713
240.4765
240.4972
240.6284
240.6313
240.635
240.6415
240.6758
240.8157
240.8196
240.8242
240.85
240.8741
240.8767
240.9939
240.9967
241.0013
241.0384
241.1693
241.1767
241.1816
241.2195
241.3371
241.3407
241.3446
241.3675
241.3909
241.5053
241.5183
241.6619
241.6659
241.6759
241.6913
241.6977
241.8163
241.8199
241.8303
241.8354
241.8447
241.8486
241.9694
241.9772
241.9867
242.0139
242.1157
242.1196
242.1238
242.1294
242.1469
242.2633
242.2784
242.2826
242.4063
242.4094
242.4168
242.4213
242.4309
242.5483
242.5524
242.5575
242.6819
242.6852
242.6881
242.8156
242.8189
242.9462
242.9498
242.9535
242.963
242.9687
243.0782
243.0809
243.0835
243.205
243.2081
243.2106
243.2282
243.3584
243.3668
243.4285
243.4878
243.496
243.5314
244.256
245.6258
245.8122
245.8244
245.8647
245.8696
245.8825
245.8914
246.2867
246.3087
246.3319
246.3498
246.3845
246.401
246.4334
246.4441
246.4562
246.7834
246.7903
246.7931
246.8122
246.8517
246.8719
246.8893
246.896
246.9003
246.9329
247.2844
247.3105
247.3331
247.3658
247.3835
247.4555
247.4796
247.7742
247.7879
247.7914
247.7996
247.8379
247.8543
247.8809
247.8927
247.9151
247.9346
248.2604
248.2745
248.2942
248.3044
248.3095
248.3489
248.3682
248.3815
248.402
248.4202
248.443
248.7606
248.7663
248.7898
248.8064
248.8177
248.8378
248.8515
248.87
248.9051
248.9368
248.9467
249.2574
249.2636
249.27
249.2866
249.3173
249.3671
249.3723
249.3967
249.4209
249.7526
249.7591
249.7649
249.8046
249.8237
249.8484
249.8654
249.8709
249.8769
249.8963
249.9316
249.9475
250.2526
250.2581
250.2664
250.2697
250.2723
250.278
250.2996
250.3125
250.349
250.3763
250.3792
250.419
250.4547
250.4901
250.7485
250.7528
250.7556
250.7732
250.7785
250.7945
250.8127
250.8209
250.8495
250.8734
250.8806
250.9036
250.959
251.2457
251.249
251.2524
251.2572
251.2722
251.2916
251.3081
251.3105
251.3147
251.3453
251.3978
251.7417
251.7466
251.7551
251.7669
251.7699
251.7884
251.8301
251.8355
251.9241
251.942
251.9767
252.2437
252.2481
252.2513
252.2625
252.2664
252.2828
252.2884
252.3021
252.3045
252.3236
252.3426
252.3482
252.3724
252.3929
252.3988
252.4481
252.74
252.7468
252.7517
252.7605
252.7633
252.7794
252.7837
252.7956
252.8029
252.8136
252.8406
252.8559
252.8808
252.8912
252.8949
253.2427
253.2482
253.2513
253.2566
253.2861
253.2974
253.3441
253.3524
253.4088
253.4129
254.4241
256.9176
259.188
259.1895
259.1912
259.1928
259.1943
259.1963
259.2014
259.2035
259.2074
259.2274
259.2376
259.2471
259.2635
259.288
259.2988
259.304
259.3314
259.3355
259.3628
259.3707
259.3789
259.4063
259.4681
259.5094
259.5201
259.5321
259.5526
259.6331
259.6374
259.6617
259.6772
259.6967
259.7187
259.727
259.744
259.7593
259.7865
259.7981
259.8496
259.8625
259.8801
259.9071
259.9464
259.977
260.0242
260.0489
260.0566
260.0627
260.0857
260.0973
260.1246
260.1748
260.2023
260.2395
260.253
260.2818
260.2981
260.3375
260.3553
260.3794
260.4087
260.4153
260.4896
260.5719
260.5928
260.611
260.6392
260.6608
260.6707
260.6911
260.7095
260.7356
260.7796
260.8377
260.8706
260.9514
260.9566
261.0111
261.0584
261.0845
261.156
261.1942
261.2246
261.2452
261.2678
261.3063
261.3106
261.4366
261.5152
261.558
261.5768
261.6201
261.7334
261.7389
261.7614
261.8952
261.9112
261.938
262.0038
262.1042
262.1339
262.2088
265.1611
265.1635
265.1656
265.1729
265.1794
265.1839
265.195
265.2047
265.21
265.2146
265.22
265.2277
265.2375
265.2472
265.2561
265.2657
265.2953
265.3036
265.3162
265.3535
265.3579
265.3804
265.4325
265.4784
265.4999
265.5119
265.5324
265.5627
265.5768
265.5944
265.6006
265.6173
265.6434
265.6973
265.7356
265.7525
265.7695
265.7976
265.8224
265.8518
265.8554
265.8719
265.8943
265.9183
265.9336
266.0044
266.0311
266.0421
266.1206
266.1447
266.1806
266.2805
266.2914
266.3155
266.3208
266.3375
266.3574
266.3663
266.4069
266.4163
266.4348
266.4801
266.4943
266.5114
266.5423
266.6129
266.6394
266.7344
266.7562
266.7692
266.7868
266.7999
266.8626
266.8728
266.907
266.9758
267.0641
267.1019
267.1276
267.147
267.1731
267.2196
267.3136
267.3222
267.3702
267.4121
267.4213
267.4325
267.4553
267.4587
267.4716
267.4757
267.5748
267.5935
267.6277
267.633
267.672
267.692
267.7138
267.7408
267.7462
267.7589
267.8057
267.8722
267.9115
267.9372
267.9576
268.5209
268.5241
268.53
268.5404
268.5669
268.5845
268.5991
268.608
268.6166
268.6345
268.6563
268.6654
268.678
268.6918
268.7276
268.7414
268.7565
268.7622
268.7905
268.8072
269.1463
269.1499
269.1525
269.1547
269.1574
269.1611
269.2016
269.214
269.2217
269.2284
269.2533
269.257
269.2803
269.3161
269.3282
269.3677
269.6071
269.6103
269.6137
269.6158
269.6196
269.6264
269.6571
269.6835
269.6942
269.7037
269.7208
269.7358
269.7692
269.9928
269.9963
270.0014
270.0196
270.0222
270.0275
270.0386
270.0528
270.0614
270.0734
270.078
270.1098
270.1266
270.1307
270.3292
270.3327
270.3357
270.3386
270.3416
270.3557
270.3639
270.3874
270.4048
270.4147
270.4391
270.6334
270.6375
270.6395
270.6483
270.6601
270.6668
270.673
270.6887
270.6945
270.7155
270.7387
270.9131
270.9159
270.9199
270.9289
270.9393
270.9452
270.9582
270.9805
270.9941
271.1719
271.1778
271.1806
271.1978
271.214
271.2306
271.2527
271.2559
271.4155
271.4183
271.4227
271.4456
271.4641
271.4821
271.6447
271.6474
271.6513
271.656
271.6713
271.6741
271.691
271.7196
271.8629
271.8655
271.8684
271.8912
271.8967
271.9034
271.9282
272.0709
272.0747
272.0906
272.0953
272.1237
272.2723
272.2752
272.2848
272.2979
272.3103
272.3168
272.3223
272.462
272.4649
272.4723
272.476
272.4941
272.5135
272.6473
272.651
272.6578
272.6647
272.673
272.6991
272.8273
272.8309
272.8343
272.8374
272.8477
272.8647
272.8712
273.0008
273.0039
273.0074
273.0147
273.025
273.0299
273.1707
273.1767
273.1799
273.1855
273.3359
273.3402
273.3736
273.377
273.494
273.4977
273.5011
273.5212
273.5316
273.6503
273.6539
273.6558
273.6587
273.6664
273.6796
273.719
273.8371
273.9503
273.9546
273.9621
273.9825
273.9873
274.1113
274.1289
274.2383
274.2467
274.2534
274.3773
274.3801
274.3834
274.3863
274.5156
274.5193
274.5227
274.5332
274.544
274.6504
274.6536
274.6614
274.6665
274.6833
274.7815
274.7851
274.7882
274.8118
274.911
274.9187
274.9275
275.0396
275.0485
275.0612
275.2011
275.2093
275.2123
275.2298
275.2673
275.3413
276.8287
277.7009
277.706
277.7127
277.727
277.7849
278.1908
278.2333
278.2613
278.2874
278.4112
278.621
278.6407
278.6458
278.6621
278.717
278.7203
278.7555
278.767
278.7709
279.1207
279.1511
279.1567
279.1704
279.1838
279.2036
279.2373
279.2698
279.6086
279.6157
279.6194
279.6432
279.6987
279.702
279.7078
279.7256
279.7681
279.7707
279.8002
280.0963
280.1045
280.1291
280.1521
280.1744
280.1765
280.224
280.2593
280.5958
280.6027
280.6186
280.6236
280.6273
280.6352
280.6503
280.6765
280.7031
280.7082
280.7289
280.7388
280.7461
281.101
281.1036
281.117
281.1258
281.1537
281.1762
281.1801
281.1914
281.1983
281.2261
281.2289
281.2869
281.3365
281.5878
281.5936
281.6002
281.6043
281.6125
281.6444
281.689
281.6931
281.6986
281.7109
281.7137
281.7362
281.7509
281.7882
282.0842
282.088
282.0941
282.1009
282.1163
282.1333
282.1567
282.1609
282.1973
282.2207
282.2281
282.2315
282.2604
282.2832
282.59
282.5957
282.6287
282.6355
282.6404
282.6807
282.6914
282.755
282.7578
283.0776
283.088
283.1056
283.1218
283.1282
283.1417
283.1498
283.1868
283.2047
283.2328
283.2525
283.5774
283.5819
283.5854
283.598
283.602
283.6188
283.6349
283.6678
283.6715
283.6917
283.7006
283.7287
283.7331
283.7632
284.076
284.0797
284.0841
284.0871
284.0978
284.1008
284.1278
284.1351
284.152
284.1552
284.1695
284.1952
284.2326
284.2608
284.2782
284.5772
284.5805
284.5837
284.6012
284.6196
284.654
284.6718
284.6783
284.7003
284.7201
284.739
284.7435
284.7519
284.7889
285.0717
285.0762
285.0801
285.0894
285.0946
285.114
285.1284
285.142
285.1669
285.1717
285.1959
285.2566
285.2651
285.2928
285.3114
285.4206
285.6654
291.0208
291.023
291.025
291.0267
291.0283
291.0337
291.0413
291.0445
291.0516
291.0646
291.0895
291.1162
291.1235
291.1423
291.1492
291.1554
291.1648
291.178
291.1847
291.192
291.212
291.2218
291.2386
291.2517
291.2827
291.2918
291.3089
291.3339
291.3557
291.3925
291.4074
291.4241
291.4496
291.4646
291.5021
291.5117
291.5271
291.5302
291.5521
291.6172
291.6256
291.6544
291.6709
291.6776
291.6964
291.7585
291.7761
291.7827
291.8202
291.83
291.8776
291.8929
291.9227
291.9639
291.97
292.0117
292.0218
292.0554
292.0698
292.0937
292.1224
292.1706
292.1896
292.1952
292.2761
292.3219
292.3591
292.3723
292.4154
292.4857
292.5069
292.524
292.5744
292.6147
292.6474
292.6902
292.701
292.7681
292.81
292.8284
292.8478
292.8819
292.9427
292.9669
293.0095
293.0645
293.1271
293.1447
293.1888
293.2311
293.2481
293.2548
293.3376
293.3533
293.4065
293.4209
293.4967
293.5378
293.5532
293.6485
293.7607
293.8298
293.8722
293.8812
293.9484
296.9947
296.9971
297.0111
297.0135
297.0156
297.0219
297.0296
297.0375
297.0443
297.0541
297.0652
297.086
297.0887
297.0987
297.1079
297.1177
297.1371
297.1547
297.1617
297.169
297.189
297.2131
297.226
297.2449
297.2585
297.2701
297.2895
297.2956
297.3178
297.341
297.3449
297.3801
297.3924
297.4267
297.4568
297.481
297.4838
297.511
297.5393
297.5518
297.5554
297.6082
297.6297
297.6355
297.6542
297.6688
297.725
297.7501
297.7583
297.8195
297.8409
297.8484
297.8742
297.934
297.9379
297.9604
298.0021
298.0934
298.117
298.124
298.1538
298.167
298.1861
298.1989
298.2512
298.3016
298.3375
298.3544
298.4594
298.5046
298.5382
298.5799
298.6436
298.6688
298.6797
298.7015
298.7089
298.7426
298.7955
298.8314
298.8427
298.8984
298.9344
298.9688
299.0318
299.0778
299.1278
299.1758
299.1986
299.2569
299.2627
299.288
299.2959
299.3135
299.3904
299.403
299.4158
299.4869
299.4993
299.5221
299.5712
299.6213
299.6308
299.6489
299.6752
299.6877
299.7289
300.3538
300.3585
300.3618
300.3637
300.3672
300.3898
300.3982
300.4142
300.426
300.4376
300.4425
300.4593
300.4952
300.5322
300.5387
300.5563
300.5839
300.6059
300.635
300.6553
300.9856
300.9933
301.0112
301.0224
301.0277
301.033
301.0456
301.0567
301.0796
301.0937
301.1116
301.1216
301.1556
301.1713
301.4394
301.4428
301.4465
301.4557
301.4811
301.5138
301.524
301.5318
301.5594
301.5849
301.5929
301.598
301.8271
301.8305
301.834
301.8414
301.8602
301.906
301.9592
301.9692
302.1631
302.166
302.1869
302.195
302.2247
302.2556
302.2699
302.4698
302.4727
302.4771
302.4821
302.4919
302.5022
302.5056
302.5226
302.54
302.5814
302.5855
302.7452
302.7481
302.7506
302.753
302.7711
302.7789
302.822
302.8385
302.8558
303.005
303.0082
303.0116
303.0146
303.028
303.0318
303.0436
303.0657
303.0918
303.247
303.2504
303.254
303.2581
303.2702
303.2931
303.311
303.3312
303.4768
303.4805
303.5029
303.5076
303.5196
303.5506
303.6985
303.7016
303.7095
303.7182
303.739
303.9023
303.906
303.9101
303.9201
303.9299
303.9352
303.9482
303.951
303.9727
304.1031
304.1062
304.1088
304.1315
304.1444
304.1498
304.2957
304.299
304.3137
304.3194
304.4827
304.4859
304.491
304.4985
304.5121
304.5271
304.6597
304.6627
304.6667
304.6854
304.8329
304.8404
304.8455
304.8535
304.8648
304.8851
305.0031
305.0065
305.0468
305.1662
305.17
305.1801
305.1853
305.1943
305.327
305.3312
305.3525
305.4832
305.4872
305.492
305.4995
305.5098
305.6347
305.6395
305.6535
305.6922
305.7978
305.8127
305.9316
305.9407
305.9546
306.0716
306.075
306.0792
306.2162
306.2361
306.3491
306.3597
306.3765
306.4832
306.486
306.4909
306.6149
306.6352
306.7449
306.7486
306.7578
306.7626
306.873
306.8758
306.8793
306.8835
307.0272
307.0487
307.0647
307.0731
307.0844
307.1002
307.1619
307.2091
309.5192
309.5391
309.5456
309.5602
309.97
309.9956
310.0188
310.0785
310.1112
310.1208
310.4729
310.4994
310.563
310.5655
310.6109
310.6271
310.9411
310.9492
310.9692
310.973
311.0174
311.0224
311.0501
311.0781
311.1277
311.4395
311.4467
311.4514
311.4647
311.5053
311.5195
311.5282
311.5868
311.6013
311.6117
311.9348
311.9419
311.9613
311.9907
311.9955
312.0107
312.0164
312.0315
312.0528
312.0766
312.105
312.4274
312.4455
312.4543
312.4636
312.4869
312.4897
312.5221
312.5831
312.6211
312.6297
312.9246
312.9281
312.9355
312.9509
312.9727
312.9878
313
313.0172
313.0396
313.0435
313.0778
313.0897
313.0972
313.4205
313.4263
313.4289
313.4466
313.4525
313.4748
313.4911
313.5323
313.5526
313.5561
313.5858
313.5886
313.9158
313.9209
313.924
313.9324
313.9434
313.9493
313.9705
313.9867
314.0146
314.0317
314.0518
314.0559
314.1217
314.4145
314.4175
314.4216
314.4245
314.4427
314.4658
314.4884
314.5093
314.5159
314.5425
314.5516
314.5683
314.579
314.5998
314.6179
314.9129
314.9178
314.9255
314.9404
314.9673
314.9703
314.9767
314.9934
315.0267
315.0528
315.0943
315.1257
315.4181
315.4203
315.433
315.4387
315.4538
315.4643
315.4765
315.4803
315.4858
315.5111
315.5255
315.5283
315.5482
315.5542
315.9121
315.9142
315.9177
315.9287
315.9327
315.9638
315.9709
315.9862
315.9952
316.0129
316.0183
316.0475
316.1053
316.1163
316.4047
316.4077
316.4112
316.449
316.4579
316.4621
316.4788
316.4844
316.4968
316.5077
316.5237
316.5326
316.5814
316.6026
316.9036
316.9076
316.9113
316.9146
316.9528
316.9557
316.9669
317.0087
317.0259
317.0718
317.0756
317.1165
317.1651
322.8531
322.8568
322.8584
322.8602
322.8689
322.8776
322.8834
322.8894
322.9038
322.9204
322.9295
322.9383
322.9685
322.9722
322.9875
323.0105
323.0141
323.0316
323.0631
323.0819
323.1023
323.134
323.1781
323.2047
323.2521
323.2885
323.3014
323.3169
323.3331
323.3409
323.3988
323.4015
323.4125
323.4908
323.507
323.519
323.5472
323.5737
323.5778
323.6004
323.6197
323.6324
323.649
323.6721
323.6863
323.7002
323.7101
323.73
323.783
323.8111
323.8286
323.8927
323.9713
324.0046
324.057
324.0724
324.0885
324.1068
324.1611
324.2312
324.2403
324.2927
324.3055
324.3896
324.4218
324.4448
324.4645
324.5568
324.5649
324.6176
324.628
324.706
324.7615
324.7916
324.832
324.8418
324.915
324.9517
325.0244
325.062
325.0691
325.1785
325.1869
325.2426
325.2659
325.3046
325.384
325.4152
325.4241
325.4674
325.4872
325.6001
325.7227
325.7586
325.7992
325.8699
326.0181
328.8269
328.8298
328.8327
328.8365
328.8384
328.8495
328.8645
328.8673
328.8758
328.8823
328.8897
328.9252
328.9271
328.9368
328.9465
328.9702
328.9797
329.0061
329.01
329.0251
329.034
329.0819
329.1002
329.1248
329.1497
329.1736
329.1914
329.2056
329.2115
329.2283
329.2648
329.2816
329.2879
329.3068
329.3477
329.3657
329.4072
329.4156
329.4377
329.4534
329.4582
329.4821
329.5179
329.5279
329.5599
329.627
329.6303
329.6542
329.6775
329.701
329.7161
329.7219
329.7713
329.7962
329.825
329.8766
329.8984
329.9049
329.9255
329.954
329.9602
329.9975
330.014
330.0942
330.1207
330.1356
330.1482
330.1668
330.2097
330.3072
330.3275
330.4427
330.4575
330.4642
330.4887
330.5906
330.6092
330.6563
330.7565
330.7872
330.8013
330.8524
330.8683
330.8815
330.8941
330.9522
330.9938
331.0494
331.1076
331.112
331.1349
331.1394
331.1538
331.1907
331.228
331.2386
331.2572
331.2698
331.2774
331.3135
331.3647
331.3866
331.4184
331.4728
331.5236
331.5563
331.572
331.6229
332.1882
332.1912
332.1944
332.1998
332.2027
332.212
332.2182
332.2305
332.2605
332.2635
332.2763
332.2911
332.3374
332.3567
332.3682
332.3908
332.4138
332.4266
332.4511
332.5006
332.8111
332.8174
332.8236
332.8291
332.8401
332.857
332.8871
332.8909
332.9388
332.9423
332.9537
332.9631
332.9825
333.2749
333.2782
333.2816
333.2841
333.2869
333.302
333.3305
333.3524
333.3835
333.3974
333.403
333.4147
333.4254
333.6606
333.6633
333.6664
333.7112
333.7322
333.7575
333.7999
333.996
334.0023
334.005
334.0205
334.0456
334.0522
334.0793
334.0835
334.1037
334.3022
334.3048
334.31
334.3255
334.3283
334.3375
334.3634
334.5778
334.5835
334.5858
334.6043
334.6088
334.6183
334.6459
334.6761
334.6793
334.7203
334.8365
334.8403
334.8616
334.8778
334.8955
334.9269
335.0815
335.0894
335.0939
335.1086
335.1115
335.1215
335.1468
335.1547
335.3086
335.3153
335.3181
335.3239
335.335
335.338
335.392
335.528
335.5318
335.5343
335.5436
335.5525
335.5736
335.5773
335.739
335.7422
335.7614
335.7742
335.8697
335.9394
335.9482
335.9664
335.9753
335.9794
336.1288
336.1321
336.1354
336.1386
336.1515
336.1638
336.1935
336.3157
336.3181
336.3225
336.3355
336.3558
336.3677
336.4953
336.5007
336.5038
336.5106
336.5248
336.5274
336.5407
336.6681
336.6708
336.6751
336.6866
336.703
336.7136
336.8373
336.8406
336.8594
336.8681
336.8709
336.9997
337.0113
337.1094
337.1593
337.1635
337.1966
337.2236
337.3143
337.3175
337.3309
337.3456
337.4674
337.4704
337.4798
337.4947
337.5117
337.616
337.6198
337.6346
337.7616
337.7766
337.7851
337.9019
337.9058
337.9408
338.043
338.0468
338.0631
338.1805
338.1838
338.1875
338.1991
338.3148
338.3187
338.3389
338.4497
338.4523
338.4582
338.5772
338.5807
338.5846
338.7041
338.7076
338.7104
338.7304
338.8641
338.879
338.8847
338.9238
339.0341
341.3292
341.3415
341.4096
341.7977
341.8232
341.8324
341.8438
341.8695
341.8865
341.8897
341.9052
341.9591
342.278
342.2961
342.3146
342.3196
342.3407
342.3675
342.3949
342.4101
342.4426
342.7778
342.7989
342.816
342.8387
342.8712
342.9107
342.9185
343.2625
343.2704
343.2895
343.2983
343.3032
343.3563
343.3632
343.3661
343.4053
343.4354
343.7688
343.7738
343.7836
343.7943
343.8131
343.8453
343.862
343.8915
343.9516
344.2618
344.2681
344.2773
344.2953
344.3289
344.3669
344.3812
344.404
344.4616
344.7627
344.7671
344.7793
344.783
344.7857
344.7932
344.817
344.8673
344.8842
344.8955
344.8983
344.9041
344.9076
344.9362
345.2519
345.2566
345.2589
345.2654
345.2666
345.2809
345.284
345.3062
345.3177
345.353
345.3618
345.3838
345.4016
345.4076
345.4444
345.7502
345.7547
345.758
345.7619
345.7745
345.7775
345.8159
345.8183
345.8437
345.8528
345.8572
345.913
346.249
346.2534
346.2682
346.2746
346.294
346.325
346.3488
346.3524
346.3665
346.3813
346.4175
346.7443
346.7496
346.7571
346.7672
346.7923
346.8054
346.8098
346.8344
346.8393
346.8678
346.8756
346.8969
346.9144
347.2424
347.2465
347.2495
347.2635
347.288
347.2972
347.3081
347.3322
347.3534
347.358
347.3646
347.3841
347.3939
347.4141
347.4372
347.506
347.646
347.7403
347.7449
347.7476
347.757
347.7624
347.7799
347.799
347.8263
347.8505
347.8569
347.8849
347.889
347.9119
348.2412
348.2442
348.247
348.2796
348.2831
348.2945
348.3365
348.3435
348.3507
348.3665
348.3701
348.4009
348.4056
348.4295
348.4393
348.7385
348.7416
348.7509
348.7889
348.7937
348.7969
348.8063
348.814
348.8584
348.861
348.9036
348.9302
348.9594
348.9924
348.9984
349.002
350.8147
354.6856
354.6876
354.6913
354.6947
354.7003
354.7091
354.726
354.7529
354.7638
354.7788
354.7915
354.8147
354.8232
354.8326
354.8368
354.862
354.8888
354.8989
354.9245
354.942
354.9504
354.9648
354.9849
355.0049
355.0169
355.0222
355.0464
355.0561
355.0799
355.1029
355.1655
355.1784
355.2256
355.2598
355.3273
355.3663
355.3727
355.4026
355.4247
355.4597
355.4799
355.4993
355.5073
355.5327
355.62
355.6737
355.7087
355.724
355.7498
355.7614
355.7915
355.8204
355.8298
355.8643
355.9283
355.9701
356.0349
356.0745
356.0788
356.1443
356.1637
356.1925
356.2233
356.2954
356.3304
356.3349
356.3883
356.4126
356.4328
356.4617
356.4914
356.532
356.5767
356.6051
356.6632
356.6941
356.7476
356.7649
356.8051
356.8381
356.8606
357.0049
357.1606
357.1882
357.2051
357.3244
357.3289
357.4183
357.4294
357.4415
357.5124
357.5259
357.5461
357.5559
357.6535
357.6746
360.6607
360.6628
360.668
360.675
360.6853
360.6894
360.6923
360.7059
360.7116
360.7186
360.7319
360.7394
360.7601
360.7661
360.7693
360.7877
360.8092
360.8296
360.8429
360.8477
360.8588
360.8735
360.877
360.9113
360.9331
360.9425
361.0262
361.03
361.0595
361.0944
361.152
361.21
361.2512
361.2562
361.2737
361.2852
361.309
361.3156
361.3695
361.3776
361.4203
361.4334
361.4674
361.4856
361.495
361.5368
361.5578
361.5624
361.6018
361.6336
361.6521
361.7244
361.7301
361.7442
361.7896
361.8255
361.8731
361.9361
361.9826
362.0072
362.0466
362.0781
362.1664
362.175
362.2319
362.2923
362.3705
362.389
362.4209
362.507
362.5598
362.6091
362.6528
362.6601
362.7537
362.8144
362.8291
362.8592
362.8977
362.9324
362.9385
362.9595
362.9767
362.9994
363.0187
363.0291
363.0456
363.0597
363.0814
363.1191
363.1419
363.1599
363.166
363.1805
363.2187
363.2601
363.2879
363.2917
363.3042
363.3344
363.3695
363.3926
363.4145
363.4509
363.6853
364.0212
364.0261
364.0297
364.0366
364.0393
364.0589
364.0669
364.0866
364.0935
364.1005
364.1179
364.1279
364.151
364.163
364.1672
364.1935
364.213
364.2342
364.2418
364.2647
364.2754
364.3113
364.6436
364.6467
364.6516
364.6598
364.6636
364.677
364.6895
364.6954
364.71
364.7251
364.7315
364.7518
364.755
364.7588
364.7975
364.81
365.108
365.1107
365.1131
365.1168
365.1191
365.1575
365.1663
365.1769
365.2207
365.2387
365.247
365.2542
365.275
365.3056
365.4915
365.495
365.4982
365.5014
365.5036
365.5202
365.5579
365.57
365.5957
365.6404
365.8274
365.8313
365.8338
365.8366
365.84
365.8597
365.8704
365.8906
365.9128
365.9208
365.9731
366.1391
366.1459
366.1617
366.166
366.1961
366.1971
366.2181
366.2356
366.4097
366.4132
366.4167
366.4212
366.4347
366.4409
366.5027
366.6698
366.6733
366.6759
366.6795
366.6933
366.7076
366.7142
366.732
366.7475
366.7651
366.8388
366.9132
366.9195
366.9281
366.9485
366.9616
366.9859
367.1425
367.1458
367.1666
367.1753
367.2005
367.2125
367.3628
367.3667
367.3892
367.3993
367.5754
367.5899
367.5926
367.602
367.6136
367.7712
367.7758
367.7861
367.7959
367.8077
367.8138
367.8302
367.9613
367.9641
367.9711
367.9942
368.0044
368.1473
368.1531
368.168
368.1775
368.192
368.2115
368.3263
368.3332
368.3419
368.3516
368.3701
368.4998
368.5029
368.5074
368.5258
368.5402
368.5466
368.5585
368.6674
368.6717
368.676
368.6984
368.7028
368.8356
368.8592
368.9928
369.007
369.0292
369.1483
369.1523
369.1693
369.1799
369.3004
369.3038
369.3089
369.3186
369.33
369.4498
369.4534
369.4761
369.6068
369.7378
369.7425
369.7589
369.8779
369.8814
370.013
370.0169
370.0322
370.1487
370.1529
370.1581
370.1657
370.2791
370.2835
370.2888
370.4104
370.4139
370.4179
370.4282
370.5394
370.5534
370.7105
370.7212
370.7269
370.7366
370.743
370.8295
370.8758
370.9155
370.9195
373.2158
373.2555
373.2616
373.2666
373.6376
373.6523
373.6614
373.6785
373.7309
373.7417
373.7514
374.121
374.1277
374.1352
374.154
374.2129
374.2278
374.2317
374.2995
374.6087
374.6133
374.6314
374.6408
374.6542
374.692
374.6953
374.7193
374.7343
374.7444
374.7787
375.102
375.1113
375.1189
375.1298
375.213
375.2718
375.6002
375.6063
375.612
375.6155
375.6318
375.6621
375.6673
375.7113
375.7275
375.7451
375.7643
375.7752
376.0949
376.1026
376.1108
376.1542
376.1641
376.2043
376.2472
376.2818
376.2967
376.5891
376.5962
376.6068
376.6545
376.6853
376.6896
376.7106
376.7187
376.7315
376.7509
376.7868
377.0883
377.0922
377.097
377.1031
377.1391
377.1623
377.1993
377.2058
377.2355
377.5884
377.591
377.5936
377.5997
377.608
377.6156
377.6416
377.6487
377.7117
377.721
377.7415
377.7468
377.8049
377.829
378.0797
378.0844
378.0897
378.0998
378.106
378.1282
378.1319
378.1511
378.1798
378.1872
378.2142
378.2243
378.239
378.2441
378.2843
378.5779
378.583
378.5858
378.5898
378.5922
378.5964
378.6023
378.629
378.6313
378.6505
378.678
378.7066
378.7222
378.7305
378.7361
378.7608
379.0765
379.0811
379.0848
379.0908
379.0987
379.1222
379.1343
379.1383
379.1422
379.1651
379.1689
379.1799
379.1988
379.2173
379.2357
379.257
379.2809
379.5873
379.5962
379.6217
379.6379
379.6558
379.6638
379.6676
379.6866
379.7051
379.7082
379.724
379.7425
379.7655
379.7807
380.0729
380.0765
380.0825
380.0914
380.1117
380.1309
380.1475
380.1647
380.1697
380.1859
380.2121
380.227
380.2441
380.2733
380.5704
380.5784
380.5819
380.5979
380.618
380.6222
380.6288
380.6521
380.6931
380.6972
380.7137
380.7514
380.8057
380.8183
380.9082
386.5182
386.5236
386.5316
386.5372
386.5394
386.5491
386.5665
386.5738
386.5911
386.6108
386.6196
386.641
386.6489
386.6613
386.6752
386.7056
386.7134
386.723
386.7418
386.763
386.7816
386.801
386.8306
386.8695
386.9082
386.9176
386.9418
386.9583
387.0218
387.0467
387.0935
387.1369
387.1539
387.1891
387.2189
387.2271
387.2428
387.2801
387.3153
387.3555
387.3778
387.382
387.4066
387.4178
387.4559
387.4673
387.4786
387.4882
387.5299
387.5562
387.5644
387.5681
387.5883
387.625
387.6562
387.6709
387.7023
387.7161
387.7472
387.7777
387.836
387.8698
387.8981
387.9293
387.9431
387.9588
388.02
388.0655
388.0718
388.1156
388.1223
388.158
388.202
388.2322
388.2784
388.3017
388.327
388.383
388.4303
388.4514
388.4852
388.5147
388.5642
388.5784
388.5919
388.6378
388.7274
388.7328
388.764
388.8371
388.8622
388.8727
388.9715
388.9915
389.0903
389.1076
389.143
389.1659
389.2225
389.3988
389.4565
392.4933
392.495
392.4968
392.4981
392.505
392.5099
392.5461
392.5657
392.5736
392.593
392.6045
392.6238
392.6296
392.6537
392.6922
392.7049
392.7333
392.7544
392.774
392.7774
392.8137
392.8698
392.8932
392.914
392.9187
392.9506
392.9775
392.9817
393.0256
393.0521
393.0714
393.0957
393.1191
393.1668
393.1834
393.1876
393.2101
393.2617
393.2725
393.3237
393.3472
393.3816
393.4077
393.425
393.4621
393.4694
393.5058
393.5129
393.5461
393.5594
393.5921
393.6364
393.6784
393.6886
393.7091
393.7286
393.7638
393.8299
393.8358
393.8654
393.9012
393.9555
394.0188
394.0379
394.0465
394.078
394.148
394.2039
394.2293
394.2339
394.2467
394.3291
394.3914
394.4207
394.43
394.5099
394.5289
394.552
394.6033
394.621
394.6728
394.6858
394.7373
394.7633
394.7923
394.8013
394.8251
394.8304
394.8427
394.8545
394.8784
394.9025
394.9069
394.9205
394.9915
395.0048
395.0231
395.0366
395.1041
395.1125
395.1456
395.1692
395.2354
395.8586
395.8619
395.8637
395.868
395.8773
395.8911
395.9162
395.9204
395.924
395.9281
395.9513
395.9706
395.9956
396.0018
396.0126
396.0455
396.0648
396.0687
396.0916
396.0987
396.1686
396.2427
396.4784
396.4818
396.4839
396.4897
396.5075
396.5296
396.5433
396.5818
396.5878
396.6261
396.6409
396.6488
396.6714
396.675
396.9394
396.9699
396.9909
397.0083
397.0205
397.0362
397.0875
397.1027
397.1436
397.3242
397.3271
397.3296
397.3326
397.336
397.3525
397.367
397.3727
397.3798
397.4021
397.4157
397.4618
397.6614
397.6648
397.6675
397.6699
397.6761
397.6887
397.6955
397.7131
397.7241
397.7373
397.7491
397.7526
397.7794
397.8634
397.9641
397.9671
397.9697
397.9793
398.0013
398.0067
398.0412
398.0641
398.068
398.2487
398.261
398.2881
398.3073
398.3238
398.3314
398.5035
398.5096
398.5181
398.5304
398.5441
398.5831
398.5927
398.5982
398.746
398.7492
398.7523
398.7579
398.7709
398.7818
398.7876
398.8075
398.8244
398.9734
398.977
399.0001
399.0113
399.021
399.0245
399.1441
399.1944
399.1987
399.202
399.2067
399.2213
399.2333
399.2408
399.2492
399.4022
399.4054
399.4088
399.4202
399.4266
399.4314
399.4557
399.6006
399.6049
399.6077
399.6118
399.6276
399.6359
399.7946
399.7974
399.8026
399.8143
399.8313
399.8412
399.9795
399.9833
399.9898
400.0005
400.0188
400.1629
400.1849
400.1904
400.1986
400.3303
400.3355
400.3396
400.3644
400.3912
400.3976
400.4997
400.5038
400.5093
400.5498
400.6019
400.666
400.669
400.6745
400.6941
400.8249
400.8577
400.9798
400.9843
401.0029
401.0092
401.135
401.1383
401.1458
401.1562
401.2812
401.2853
401.297
401.3102
401.4276
401.4311
401.4361
401.7121
401.7155
401.7266
401.8452
401.8489
401.8625
401.9804
401.984
402.1116
402.1145
402.1196
402.1248
402.2417
402.2447
402.2598
402.3709
402.3756
402.3886
402.5257
402.5327
402.5576
402.5719
402.5782
402.6678
404.9806
404.9982
405.0411
405.0486
405.1145
405.4529
405.4641
405.4671
405.5173
405.5364
405.5517
405.6037
405.6136
405.9637
405.9779
405.9809
406.0242
406.0452
406.4594
406.4744
406.4776
406.5083
406.5312
406.5433
406.57
406.5786
406.9362
406.9424
406.9444
406.9596
407.0205
407.0376
407.0408
407.0589
407.0641
407.0807
407.1418
407.4322
407.4417
407.4536
407.4581
407.4772
407.5035
407.5089
407.5518
407.5568
407.5903
407.6076
407.6168
407.6811
407.9272
407.9322
407.9346
407.9549
407.9617
407.9921
407.9974
408.03
408.0338
408.0375
408.0687
408.0796
408.0853
408.122
408.1427
408.416
408.4241
408.4287
408.4331
408.449
408.452
408.4772
408.5148
408.5262
408.5478
408.5575
408.6026
408.6439
408.9195
408.9237
408.9324
408.9457
408.9538
408.9741
408.9805
408.9932
409.007
409.0313
409.038
409.0557
409.1115
409.4146
409.4213
409.4421
409.4451
409.4697
409.4769
409.4816
409.5145
409.5258
409.5453
409.5502
409.5664
409.5966
409.621
409.9161
409.9201
409.9255
409.9311
409.9457
409.9567
409.9698
410.0005
410.0053
410.0148
410.0416
410.0461
410.0722
410.0832
410.1044
410.1176
410.4109
410.4144
410.4215
410.4278
410.4784
410.481
410.4952
410.554
410.5705
410.9086
410.9182
410.9207
410.9315
410.9363
410.9533
410.9601
410.967
410.9963
411.001
411.0104
411.0197
411.0249
411.0517
411.0643
411.0803
411.0902
411.1019
411.1208
411.4056
411.4095
411.4117
411.4477
411.4593
411.4676
411.4913
411.5027
411.5201
411.5261
411.5319
411.5555
411.5894
411.9039
411.9084
411.9152
411.9194
411.9513
411.9627
411.9663
411.9929
412.0132
412.0175
412.0579
412.0755
412.0906
412.1148
412.4047
412.408
412.4118
412.4171
412.4203
412.4548
412.4601
412.4658
412.4956
412.5032
412.5145
412.5276
412.579
412.5939
412.5982
412.6782
415.2456
418.3515
418.3537
418.3553
418.3569
418.3584
418.3616
418.3634
418.3656
418.3775
418.3863
418.403
418.4108
418.4361
418.4447
418.4553
418.4776
418.4959
418.5016
418.5327
418.5453
418.5685
418.5769
418.5965
418.6265
418.6317
418.6347
418.6608
418.7031
418.7115
418.7439
418.7481
418.7714
418.7945
418.8112
418.838
418.8461
418.8891
418.9015
418.9389
418.9597
419.0148
419.0458
419.0726
419.1134
419.1376
419.1606
419.1663
419.1836
419.2034
419.2181
419.2478
419.2743
419.2896
419.3068
419.3551
419.401
419.4285
419.4464
419.4608
419.4903
419.5336
419.5543
419.5762
419.5831
419.6279
419.6363
419.665
419.7003
419.7338
419.7926
419.8247
419.8344
419.9233
419.9524
419.9641
420.0557
420.0889
420.0998
420.1945
420.2284
420.2426
420.2803
420.3106
420.3724
420.4261
420.4479
420.4688
420.4903
420.5488
420.5637
420.6884
420.6925
420.7477
420.779
420.8474
420.9203
420.9808
421.0294
421.0539
421.1066
421.1385
421.1864
421.2106
421.2214
421.381
424.3269
424.3287
424.3308
424.3324
424.3344
424.3497
424.3752
424.3828
424.3935
424.4187
424.4299
424.4554
424.4732
424.4803
424.4882
424.5042
424.5236
424.5421
424.5457
424.5626
424.5684
424.5773
424.5969
424.6466
424.6649
424.678
424.6983
424.724
424.7451
424.7799
424.791
424.8044
424.8252
424.8488
424.8612
424.8775
424.8954
424.9013
424.9321
424.9582
424.971
425.0622
425.0949
425.1054
425.1194
425.1537
425.1916
425.1971
425.2564
425.2756
425.2812
425.3147
425.3571
425.3696
425.404
425.4569
425.473
425.4802
425.4887
425.5106
425.5402
425.5701
425.6685
425.692
425.7686
425.7807
425.8256
425.8751
425.9092
426.0138
426.027
426.0629
426.1739
426.1867
426.3134
426.4106
426.4464
426.4646
426.4686
426.477
426.5078
426.5723
426.583
426.5854
426.5979
426.6232
426.6337
426.6377
426.6828
426.7178
426.7348
426.7645
426.7708
426.7907
426.8064
426.8197
426.8288
426.8586
426.8636
426.9185
426.9258
426.9507
426.9707
426.9997
427.0572
427.085
427.119
427.6873
427.6908
427.6939
427.696
427.7006
427.702
427.7103
427.7247
427.7506
427.7664
427.7699
427.7907
427.8287
427.8322
427.8486
427.8583
427.8694
427.8912
427.9789
428.3106
428.3167
428.319
428.3522
428.3623
428.3922
428.4196
428.4365
428.4449
428.4633
428.4741
428.5017
428.5292
428.7715
428.7758
428.7868
428.8026
428.823
428.8431
428.8475
428.8805
428.9183
428.9315
428.9523
429.1563
429.16
429.1638
429.1845
429.1875
429.2012
429.2219
429.2363
429.2559
429.2768
429.2831
429.4934
429.4967
429.4996
429.5028
429.5229
429.5288
429.5354
429.5692
429.5738
429.5901
429.6108
429.6159
429.7976
429.8006
429.8042
429.8073
429.8133
429.8334
429.8461
429.8572
429.8792
429.8962
429.9004
430.0777
430.0806
430.0833
430.0858
430.1004
430.1109
430.1223
430.1663
430.1741
430.3353
430.3395
430.3418
430.364
430.3717
430.4185
430.579
430.5821
430.5914
430.6037
430.6124
430.6182
430.6665
430.8075
430.8108
430.8173
430.8439
430.8559
430.8673
430.8702
431.0266
431.0299
431.033
431.0376
431.0578
431.0876
431.2385
431.2412
431.2485
431.2581
431.2848
431.433
431.4366
431.4422
431.4508
431.4567
431.4785
431.6258
431.6292
431.6362
431.6405
431.6632
431.6714
431.6761
431.8131
431.8165
431.8196
431.8248
431.8395
431.8437
431.9911
431.9941
432.001
432.0174
432.0372
432.0437
432.1659
432.1714
432.1919
432.2151
432.3344
432.3376
432.3416
432.3482
432.3606
432.4975
432.5054
432.5108
432.5276
432.5399
432.6561
432.6605
432.695
432.8124
432.8155
432.8196
432.8296
432.8509
432.9652
432.995
433.1151
433.1188
433.1255
433.1291
433.2629
433.2657
433.2734
433.4026
433.4154
433.5415
433.6782
433.6819
433.7093
433.8151
433.945
433.9483
433.9634
434.0753
434.0951
434.2031
434.2065
434.2278
434.3581
434.3844
434.3879
434.4005
434.5015
436.8212
436.8405
436.8457
436.9283
436.9474
437.2819
437.2935
437.3039
437.4135
437.4368
437.4614
437.7831
437.7948
437.8163
437.8311
437.8451
437.9031
437.9088
437.9313
438.0667
438.2828
438.355
438.3689
438.3715
438.3839
438.413
438.428
438.7764
438.7879
438.7992
438.8175
438.8217
438.8657
438.8684
438.8721
438.9055
438.9213
439.0058
439.2614
439.2663
439.2905
439.2961
439.3048
439.3148
439.3494
439.3534
439.3816
439.4417
439.7601
439.7653
439.7848
439.7986
439.8168
439.8357
439.8653
439.8968
439.921
439.9244
440.2565
440.2597
440.2781
440.281
440.319
440.3367
440.3626
440.3917
440.3999
440.4034
440.4506
440.7588
440.7617
440.7689
440.7783
440.7819
440.8131
440.8762
440.8801
440.9257
440.9681
441.2478
441.254
441.2568
441.2598
441.2724
441.2752
441.3065
441.3131
441.3181
441.363
441.3753
441.3824
441.4259
441.4294
441.7442
441.7474
441.7539
441.7704
441.7732
441.7968
441.808
441.82
441.8433
441.8552
441.8682
441.872
441.8769
441.9022
441.9434
441.9986
442.0007
442.2438
442.2487
442.2516
442.2561
442.2758
442.2904
442.3392
442.3467
442.3698
442.384
442.3906
442.44
442.4557
442.746
442.7502
442.7546
442.7599
442.7656
442.7857
442.8543
442.8582
442.8953
442.8996
442.9268
442.9427
443.237
443.2409
443.2475
443.2495
443.2583
443.2845
443.2937
443.3031
443.3151
443.3419
443.3795
443.4141
443.4253
443.4488
443.7351
443.7386
443.7413
443.7462
443.7608
443.7789
443.7957
443.7984
443.8211
443.8237
443.8499
443.8582
443.8789
443.9398
443.9946
444.2349
444.2424
444.248
444.2588
444.2807
444.2836
444.2967
444.3731
444.3799
444.4001
444.4469
444.4875
450.1847
450.1865
450.1885
450.19
450.1916
450.1982
450.2024
450.2108
450.2192
450.2343
450.2426
450.245
450.2517
450.261
450.2921
450.3032
450.3149
450.3245
450.3346
450.3475
450.3545
450.3694
450.3823
450.4004
450.4133
450.4357
450.4411
450.4599
450.4679
450.4755
450.5035
450.5227
450.5447
450.5563
450.5749
450.5845
450.5896
450.6159
450.647
450.6716
450.6759
450.6966
450.7481
450.7712
450.7911
450.8252
450.8826
450.9006
450.9104
450.9426
450.9731
450.9855
451.0018
451.0191
451.0554
451.0785
451.0961
451.1139
451.1441
451.1494
451.1586
451.1967
451.2042
451.2475
451.2796
451.2911
451.3285
451.348
451.3556
451.4444
451.4741
451.4968
451.5311
451.6198
451.6463
451.6645
451.6719
451.7444
451.753
451.7765
451.8495
451.8548
451.9602
451.9995
452.0145
452.0464
452.0675
452.119
452.1558
452.2093
452.2346
452.2608
452.2726
452.3348
452.4054
452.4283
452.4832
452.5659
452.6061
452.6286
452.6396
452.7318
452.7605
452.8317
452.8685
453.0677
453.0926
453.1332
453.1507
456.1578
456.1597
456.1616
456.1636
456.1656
456.1766
456.1893
456.2056
456.2124
456.2208
456.2243
456.2292
456.2388
456.2505
456.2857
456.29
456.3186
456.3377
456.3537
456.3712
456.404
456.4118
456.4232
456.4601
456.4782
456.5197
456.5445
456.5632
456.5868
456.5924
456.6076
456.6327
456.648
456.6867
456.7154
456.7447
456.8047
456.8145
456.8441
456.8715
456.9173
456.9339
456.943
456.969
457.0265
457.0436
457.0632
457.0855
457.1196
457.1372
457.1624
457.1961
457.1997
457.2306
457.2526
457.3008
457.3505
457.3624
457.3813
457.4182
457.4492
457.5048
457.613
457.6373
457.6442
457.6481
457.7356
457.7454
457.7874
457.8207
457.8569
457.8792
457.9789
457.9936
458.0142
458.0478
458.1292
458.1439
458.1976
458.2612
458.3399
458.3431
458.4125
458.4362
458.4468
458.4677
458.4749
458.5079
458.5142
458.5415
458.5522
458.5565
458.5772
458.6057
458.6212
458.6292
458.6546
458.7251
458.7289
458.7425
458.753
458.7813
458.8103
458.8823
458.9175
459.5195
459.5255
459.5288
459.5315
459.549
459.559
459.5697
459.5828
459.5974
459.6076
459.621
459.6381
459.6603
459.6989
459.7047
459.7437
459.7685
459.7714
460.1423
460.146
460.1509
460.1555
460.1712
460.1779
460.19
460.2108
460.2244
460.2388
460.2517
460.2582
460.2776
460.2842
460.2981
460.3157
460.3307
460.3403
460.6066
460.6098
460.6128
460.633
460.6491
460.6537
460.6726
460.679
460.7027
460.7156
460.7395
460.7448
460.989
460.9921
460.9946
461.0018
461.0179
461.0234
461.0362
461.0541
461.0584
461.0711
461.0757
461.113
461.1279
461.1712
461.3264
461.3319
461.3351
461.3377
461.3775
461.3869
461.3959
461.414
461.4371
461.44
461.6296
461.6329
461.6358
461.6382
461.6593
461.6691
461.6992
461.7196
461.7354
461.9076
461.912
461.9183
461.9329
461.9456
461.9657
461.9897
462.0042
462.1709
462.1742
462.1821
462.1971
462.2042
462.2096
462.2428
462.4131
462.4159
462.4194
462.434
462.4436
462.4576
462.4843
462.489
462.639
462.6422
462.6456
462.6488
462.6588
462.6662
462.6787
462.6883
462.7221
462.8592
462.8621
462.8649
462.8854
462.894
462.8974
462.9067
463.0662
463.0736
463.0784
463.1221
463.1298
463.1705
463.268
463.271
463.2739
463.2901
463.2949
463.3109
463.3265
463.3301
463.4635
463.4672
463.4742
463.4954
463.6438
463.6482
463.6669
463.6714
463.6879
463.6914
463.8249
463.8284
463.8475
463.8556
463.8729
463.9966
464
464.0031
464.0091
464.0244
464.0354
464.1705
464.1757
464.1811
464.1922
464.2019
464.2118
464.3298
464.3329
464.343
464.3471
464.3752
464.4909
464.4949
464.5055
464.6499
464.6583
464.6614
464.6709
464.6897
464.797
464.8006
464.8052
464.8133
464.9474
464.9509
464.9551
465.0914
465.0956
465.0994
465.1035
465.1279
465.235
465.2381
465.2439
465.2506
465.2609
465.3748
465.379
465.3822
465.5102
465.5139
465.6462
465.6493
465.6522
465.6624
465.7774
465.7814
465.7853
465.7914
465.9116
466.0348
466.0374
466.0403
466.1848
466.1974
466.2259
466.2489
466.2595
466.3526
468.6783
468.7284
468.7356
468.7597
468.7898
468.9257
469.1472
469.1618
469.1672
469.2181
469.2449
469.2627
469.2711
469.6387
469.6477
469.6561
469.6821
469.7087
469.7138
469.7448
469.7574
469.7871
470.1049
470.1201
470.1445
470.1481
470.1919
470.2019
470.2239
470.2432
470.2809
470.2837
470.6064
470.6211
470.6251
470.6387
470.6926
470.7095
470.7326
470.7448
470.7763
471.099
471.1257
471.1724
471.1942
471.2036
471.2264
471.2309
471.2366
471.2609
471.2913
471.5948
471.6016
471.6223
471.6611
471.6637
471.6734
471.7008
471.7064
471.7323
471.7788
472.0899
472.0943
472.1016
472.1164
472.1183
472.14
472.148
472.1511
472.1662
472.1982
472.2105
472.2175
472.2204
472.2493
472.2794
472.5786
472.5879
472.5906
472.6093
472.6127
472.6194
472.6451
472.6542
472.6629
472.667
472.7231
472.74
472.7907
473.0795
473.0841
473.0884
473.0946
473.1115
473.1338
473.1371
473.1842
473.2219
473.2325
473.252
473.5814
473.5848
473.5887
473.6083
473.6265
473.6437
473.685
473.7043
473.7202
473.7293
473.7896
474.0739
474.081
474.0993
474.1024
474.1372
474.1534
474.1729
474.1783
474.1841
474.1998
474.2097
474.219
474.2338
474.2526
474.2936
474.5724
474.5777
474.5804
474.6126
474.6504
474.6736
474.6797
474.6851
474.6937
474.7631
475.0693
475.0735
475.0771
475.0816
475.0886
475.0944
475.1169
475.1334
475.1504
475.1763
475.1982
475.23
475.2367
475.2621
475.2672
475.5684
475.5716
475.5794
475.5853
475.5911
475.6137
475.6205
475.6401
475.658
475.6636
475.6853
475.7309
475.7636
476.0678
476.0712
476.0741
476.0791
476.1151
476.1275
476.1306
476.1884
476.2018
476.2314
476.2623
476.2743
476.3496
476.4124
