0.2757
1.7768
2.2279
2.6044
3.0263
3.0913
3.2726
4.7623
7.8101
8.0267
8.684699999999999
11.3536
12.2978
13.509
13.5616
16.1197
21.6546
22.1756
22.891
22.9149
23.352
23.6717
23.9621
25.1868
25.6175
26.1882
28.2816
28.7506
30.5851
32.0202
33.5587
33.6917
34.8328
35.5965
36.6747
37.5475
39.8737
40.5421
41.0989
41.3466
41.4194
42.9806
44.2567
46.0262
46.8153
48.068
48.3699
50.0172
50.1577
51.6243
51.9887
53.6741
56.6468
56.9318
57.2134
57.5834
59.4182
59.8002
62.8414
64.4744
65.36920000000001
65.4627
65.6472
67.65819999999999
68.59820000000001
69.7296
70.2551
71.0042
71.9431
72.9239
72.9487
74.078
75.1728
75.5549
80.09180000000001
81.25069999999999
81.5652
82.98869999999999
83.1482
84.28230000000001
84.7783
84.9881
85.14019999999999
85.7384
88.8442
89.03700000000001
90.4166
90.4529
93.17440000000001
93.4432
93.70950000000001
94.33459999999999
94.69110000000001
96.04649999999999
97.6516
99.1878
99.2127
99.5274
99.6794
99.83540000000001
100.2176
100.3642
102.3464
102.5663
103.5742
104.1545
104.7354
106.1802
108.255
112.814
113.1696
113.369
113.5087
115.9856
116.0873
116.2268
116.8557
117.3133
117.5165
117.8608
118.0522
118.1542
118.6583
119.6041
122.3152
122.8189
123.7675
125.6177
126.3734
127.187
127.8097
127.8187
128.0321
128.5495
129.2114
129.493
130.5742
131.0528
131.6782
131.798
132.764
135.1263
135.9179
138.0448
140.2033
142.025
142.4493
142.6199
143.4191
143.6289
145.1813
147.0346
147.1153
147.477
147.977
150.7809
151.4219
151.909
152.0716
153.06
153.1929
153.4694
154.6758
155.1425
156.3296
157.6709
158.5094
159.9004
160.999
161.4022
161.5816
161.8219
162.6023
162.8029
162.8798
163.0084
165.0385
166.2451
167.4997
167.5571
167.8336
169.0883
171.8488
172.2513
176.7092
179.4009
180.5259
181.4707
186.9781
187.585
189.8603
190.7822
190.908
192.6081
193.222
195.4753
195.639
196.278
196.5848
198.8132
200.059
200.6919
200.8279
201.5206
202.3406
202.4831
202.6194
202.9771
203.0449
203.3871
205.1462
205.4141
205.5306
206.3615
208.273
208.3659
210.1371
211.3664
211.5801
212.8308
213.8639
215.5474
217.258
219.0811
219.8467
220.7196
221.1013
222.0247
222.2833
222.4929
223.7493
224.0279
225.3125
226.6824
227.7151
230.3256
232.3097
233.2152
233.481
235.8413
236.4745
237.4979
238.7501
240.018
240.8295
243.1523
245.2137
245.4079
245.9167
245.9245
246.3883
247.6558
248.084
251.6442
251.8533
252.5933
256.1964
256.5245
257.1028
257.3122
257.8112
258.1575
259.4759
259.7301
260.0087
260.1011
261.2254
262.2853
264.1573
265.2804
266.348
266.5426
266.6539
268.0969
268.2978
268.3001
270.3992
271.3679
272.2632
274.8359
275.2963
276.0723
276.3799
276.737
277.4601
278.5501
278.6363
278.9363
280.2275
280.6987
280.8791
281.3632
283.0883
283.4238
284.0505
284.4015
286.1703
286.8541
291.4203
292.0421
292.0823
292.4925
292.8249
293.7227
294.2025
294.4187
295.3127
296.8155
297.2958
297.334
297.4342
300.2115
300.3169
301.2576
301.7864
303.6265
303.9731
304.1596
304.3746
306.9622
307.0508
308.5029
308.5768
308.7794
309.5005
311.0766
311.7223
313.4298
316.2451
320.0463
321.3498
322.4011
322.6036
323.9407
325.2198
325.4339
325.5405
326.7724
328.1473
329.6955
330.5144
331.1186
333.1714
333.5431
334.036
337.7769
339.5025
341.2093
342.7898
343.3267
343.4375
343.6309
343.836
343.995
344.4623
344.9983
345.0989
345.6812
346.0917
348.1396
349.6544
351.2305
351.4187
352.3326
352.7916
353.1673
353.3546
355.1479
355.6388
357.1508
357.7594
358.0982
358.7499
361.8578
362.4232
363.0097
365.3298
367.6114
368.9155
369.4907
369.5817
369.8259
371.0487
374.8242
375.1928
375.5391
378.7648
379.0286
380.982
384.3454
384.7648
384.9855
386.5329
386.8257
386.8522
388.6275
388.8134
391.0771
391.4507
392.9289
393.0103
394.7603
395.694
395.7997
396.1194
396.3085
397.6521
397.7911
398.0149
398.318
398.603
400.4828
400.6499
401.0394
403.1455
403.3414
404.0711
404.5142
404.6454
405.7637
407.9026
411.0626
411.2068
414.4387
415.5494
417.1207
418.6048
418.9526
420.0707
420.1893
420.4975
420.6162
420.7364
421.5444
422.3399
422.6794
425.7427
427.2506
429.9905
431.273
432.593
432.6317
434.22
434.7013
435.0327
435.6014
435.8028
444.1399
444.2647
444.9326
445.0267
445.9009
445.9698
448.4112
449.2424
449.6232
451.9319
452.8825
453.3924
454.6574
454.9772
455.6367
458.424
460.5926
461.2557
463.345
464.9634
465.7392
466.0413
466.199
466.4318
467.0282
467.3846
468.3987
468.4836
468.5889
469.2438
470.3984
470.4281
473.3296
474.0635
475.3053
475.6149
477.5589
477.7499
480.5624
480.98
