0.5746
0.5788
0.5822000000000001
0.5858
0.5904
0.5933
0.654
0.6677
3.0913
4.5345
4.5373
4.539
4.5405
4.5428
4.5468
4.5483
4.5523
4.5542
4.563
4.5648
4.5682
4.5711
4.5785
4.5795
4.5877
4.7662
4.7817
4.9125
5.0631
5.5604
5.6723
5.917
6.1057
6.4839
6.6508
7.3384
7.5271
7.5316
7.5359
7.5438
7.5564
7.5719
10.521
10.5261
10.5318
10.5407
10.9443
11.5718
11.9921
12.3944
12.4697
12.7288
12.8918
12.9919
13.1652
13.4026
13.874
13.8754
13.9032
13.9545
13.9796
14.1895
14.1985
14.211
14.2172
14.2198
14.2227
14.2536
14.279
14.5587
14.5661
14.5778
14.7516
14.954
14.9711
14.9777
15.0081
15.0113
15.0387
15.1544
15.3491
15.3665
15.3716
15.3732
15.4192
15.4232
15.4943
15.4957
15.6788
15.8871
15.9863
15.9917
16.0546
16.1706
16.2524
16.3799
16.5464
16.6328
16.6408
16.7584
16.8491
16.8683
16.9902
17.0018
17.2095
17.4232
17.4339
17.5094
17.5136
17.6139
17.6272
17.6327
17.676
17.8139
17.8169
17.8181
18.0028
18.0533
18.1704
18.3428
18.3524
18.3631
18.4224
18.4353
18.5225
18.5238
18.5706
18.5752
18.6903
18.8389
18.845
18.906
18.9167
19.0074
19.1459
19.1515
19.295
19.299
19.3039
19.4346
19.4459
19.4501
19.5869
19.5881
19.6265
19.6425
19.7168
19.7916
19.8615
19.9206
19.9945
20.1238
20.1332
20.2076
20.2112
20.2531
20.2988
20.3234
20.3871
20.39
20.4263
20.4482
20.9277
20.9361
20.9391
20.9444
20.9489
22.6436
23.0598
23.276
23.2832
23.289
23.7081
23.7393
23.7464
23.7475
23.9659
24.0053
24.0602
24.2359
24.4653
24.7843
24.9504
24.9857
25.06
25.1445
25.1797
25.2013
25.2107
25.3211
25.4551
25.9549
25.9624
26.3389
26.4262
26.4441
26.4473
26.4489
26.4734
26.6578
26.6997
26.7133
26.7263
26.7625
26.7831
26.9387
27.0086
27.1129
27.2251
27.4392
27.4507
27.4581
27.4769
27.5295
27.6573
27.6609
27.6664
27.6694
27.9264
27.9354
27.9539
28.2157
28.2816
28.4388
28.5223
28.6484
28.6714
28.6752
28.6861
28.9348
28.9371
29.0157
29.0399
29.0732
29.0831
29.2586
29.434
29.4437
29.5223
29.5275
29.5927
29.7147
29.7192
29.9949
30.0564
30.1755
30.1973
30.2416
30.296
30.433
30.4403
30.8098
30.9895
31.2524
32.4001
32.4066
32.4145
32.4357
32.4639
34.3346
34.8442
36.3623
36.3634
36.3648
36.3716
36.3746
36.3807
36.383
36.3856
36.3868
36.3917
36.3965
36.3978
36.408
36.4167
36.4243
36.457
36.6748
36.6903
37.5542
38.2684
39.3545
39.3568
39.3665
39.3688
39.3752
39.3784
39.3819
39.383
39.4346
39.4378
39.4647
39.7398
41.0558
41.9539
42.1103
42.3525
42.3569
42.3586
42.361
42.3623
42.3688
42.3739
42.4572
42.5448
42.5611
43.0244
44.0599
44.2061
44.7978
44.9
45.212
45.2377
45.2939
45.709
45.7188
45.7214
45.7249
45.727
45.7304
45.7397
45.7411
45.7742
45.7754
46.014
46.0261
46.0425
46.3267
46.3293
46.3962
46.481
46.4826
46.5497
46.5741
46.5762
46.5945
46.7898
46.7949
46.8031
46.8066
46.8561
46.8677
46.9949
47.1666
47.1744
47.1755
47.184
47.341
47.4058
47.4363
47.5112
47.5161
47.5186
47.5241
47.6651
47.711
47.8123
47.8181
47.8254
47.9322
47.942
47.9561
48.0681
48.0956
48.0986
48.132
48.2146
48.4505
48.4656
48.5909
48.5969
48.6024
48.6062
48.6833
48.842
48.9252
49.0448
49.2509
49.2558
49.2619
49.3215
49.4518
49.4566
49.4605
49.4649
49.6423
49.8297
49.879
49.8848
49.9047
50.0098
50.022
50.0689
50.1885
50.2528
50.3166
50.3643
50.4249
50.5152
50.5172
50.5635
50.5785
50.6697
50.6726
50.674
50.6771
50.7363
50.8318
50.8976
50.978
50.9877
51.1274
51.1351
51.172
51.1749
51.1935
51.1965
51.2724
51.28
51.2829
51.3197
51.323
51.3403
51.4203
51.426
51.4778
51.4847
51.5554
51.5703
51.6015
51.836
51.8697
51.8794
51.9663
51.9674
52.0014
52.0213
52.1483
52.2201
52.2225
52.2269
52.2592
52.2771
52.2828
52.4044
52.5297
52.7348
52.7743
53.0483
55.0443
55.1268
55.3487
55.6367
55.7895
55.8019
55.8692
55.8706
56.0168
56.0534
56.282
56.3443
56.3517
56.3698
56.3841
56.8575
57.0443
57.1169
57.2879
57.3258
57.4341
57.51
57.6349
57.7788
57.8108
58.4161
58.4703
58.4721
58.4898
58.5263
58.54
58.7666
58.7712
58.7761
58.7818
58.8193
59.0566
59.4882
59.5141
59.6157
59.7612
59.8466
60.0071
60.0095
60.0732
60.264
60.276
60.2793
60.2822
60.3364
60.3706
60.3997
60.4875
60.5604
60.7699
60.7721
60.8149
60.9094
60.9948
61.0008
61.1013
61.2622
61.2697
61.2712
61.2779
61.2821
61.3284
61.3817
61.5129
61.7609
61.8284
61.835
62.0147
62.0208
62.254
62.2591
62.7817
62.7947
63.0749
64.23269999999999
64.2578
64.3014
64.47450000000001
65.2533
66.4815
68.1942
68.2119
68.2467
68.3122
68.4885
69.0639
69.9366
69.97629999999999
70.6503
70.84529999999999
71.1825
71.1883
71.18980000000001
71.19580000000001
71.2058
71.20950000000001
71.2111
71.2332
71.5622
74.1801
74.1861
74.18899999999999
74.19289999999999
74.1947
74.196
74.199
74.20229999999999
74.2208
74.2252
74.22929999999999
74.25879999999999
74.32769999999999
74.3497
74.40389999999999
74.69199999999999
74.7107
74.8091
74.9623
74.9723
76.0175
76.0654
76.49169999999999
76.9859
77.02460000000001
77.0376
77.0461
77.0478
77.057
77.0688
77.0962
77.1202
77.1885
77.27249999999999
77.31059999999999
77.5414
77.54259999999999
77.5479
77.5899
77.60209999999999
77.6234
77.64749999999999
77.72790000000001
77.848
77.85080000000001
77.8548
77.863
77.93729999999999
78.1698
78.1738
78.1764
78.1778
78.20820000000001
78.2218
78.3886
78.41119999999999
78.4783
78.6139
78.61709999999999
78.6229
78.62609999999999
78.6279
78.8237
78.8391
79.0082
79.0198
79.0226
79.07429999999999
79.184
79.1891
79.337
79.3481
79.40940000000001
79.505
79.526
79.6469
79.758
79.79559999999999
79.9203
79.9235
80.18049999999999
80.1974
80.2923
80.4301
80.51779999999999
80.533
80.79989999999999
80.8694
81.0067
81.10080000000001
81.1728
81.28189999999999
81.2847
81.28619999999999
81.2915
81.3695
81.3792
81.46720000000001
81.47799999999999
81.5472
81.65819999999999
81.67319999999999
81.71129999999999
81.7277
81.801
81.83450000000001
81.8391
81.84059999999999
81.84520000000001
81.8895
82.06310000000001
82.1865
82.232
82.3398
82.34529999999999
82.3467
82.34820000000001
82.3498
82.3903
82.4088
82.4157
82.5026
82.5043
82.5752
82.66549999999999
82.66679999999999
82.66930000000001
82.72190000000001
82.82089999999999
82.8229
82.9513
82.9579
82.9616
83.0153
83.0722
83.1105
83.39449999999999
83.44070000000001
83.5911
83.6645
83.6737
83.852
83.86060000000001
83.9265
84.05110000000001
84.054
84.0557
84.0582
84.2043
84.5016
84.51900000000001
86.2026
86.51430000000001
87.13290000000001
87.16800000000001
87.64109999999999
87.6696
87.6969
87.7428
87.75279999999999
87.8134
87.848
87.8623
87.9025
88.123
88.146
88.3122
88.62050000000001
88.64960000000001
88.81480000000001
88.8235
89.1493
89.29600000000001
89.349
89.3646
89.4285
89.6169
89.6374
89.6957
89.8325
89.86320000000001
90.10420000000001
90.1057
90.1088
90.1126
90.1251
90.1365
90.17140000000001
90.2139
90.3426
90.37869999999999
90.3908
90.41370000000001
90.6015
90.6031
90.6044
90.6116
90.6183
90.62649999999999
90.858
90.998
91.11279999999999
91.1187
91.1241
91.18389999999999
91.31870000000001
91.59739999999999
91.6024
91.6041
91.61369999999999
91.7291
92.092
92.09569999999999
92.1007
92.104
92.1977
92.2037
92.3344
92.3984
92.41540000000001
92.5939
92.646
92.65000000000001
92.91330000000001
93.0947
93.0963
93.09820000000001
93.1525
93.35080000000001
93.36920000000001
93.3827
93.5086
93.58629999999999
93.59439999999999
93.6095
93.747
93.8135
93.8301
93.833
93.8472
93.8824
93.96339999999999
94.0898
94.1108
94.2171
94.4406
94.5098
94.5787
94.6515
96.06440000000001
96.0818
96.0894
96.0908
96.0964
96.1052
96.12220000000001
96.9477
97.2302
97.6799
98.9042
100.0205
100.03
100.0416
100.0456
100.0514
100.0584
100.0949
100.1085
100.1105
100.1225
100.3579
100.4389
100.451
100.5693
101.4968
101.7051
102.5663
102.6248
102.7112
102.8197
103.0139
103.0243
103.0266
103.0337
103.0353
103.0453
103.0479
103.0876
104.2302
104.5351
106.0056
106.0079
106.009
106.0109
106.0176
106.021
106.027
106.0324
106.0411
106.0434
106.0447
106.0695
108.2918
108.3054
108.365
108.4015
108.8161
108.8192
108.8208
108.8272
108.8339
108.8464
108.8546
108.874
108.8903
109.0337
109.3646
109.3708
109.3899
109.3947
109.5273
109.5354
109.5395
109.6783
109.6811
109.765
109.9949
110.0065
110.0362
110.0475
110.0675
110.2402
110.2625
110.2694
110.3104
110.4483
110.4496
110.4529
110.4588
110.5103
110.5127
110.5396
110.6064
110.6311
110.6534
110.8321
110.8335
110.8389
110.8411
110.8519
110.8979
110.919
110.996
111.0154
111.1756
111.1842
111.2127
111.3087
111.3249
111.3332
111.4887
111.4971
111.5409
111.7577
111.7596
111.7613
111.7644
111.7683
111.7964
111.8675
111.876
111.899
111.9416
112.0176
112.0413
112.2555
112.2583
112.2626
112.2638
112.3698
112.4912
112.4927
112.5719
112.5877
112.9149
112.9174
112.9251
112.9949
113.2021
113.2075
113.3087
113.3252
113.4911
113.4951
113.5056
113.6724
113.8497
114.0182
114.1029
114.1692
114.1714
114.1805
114.1848
114.5007
114.5405
114.6444
114.6484
114.6914
114.8049
114.8383
114.9438
114.9828
115.0808
115.0855
115.0872
115.1385
115.1461
115.2276
115.2823
115.3574
115.4011
115.51
115.6277
115.6321
115.6345
115.6906
115.7502
115.8784
115.8918
116.1438
116.6535
117.8442
118.2903
118.5248
118.8368
118.9671
118.9849
118.9964
119.068
119.2184
119.2478
119.4701
119.4723
119.6741
119.8922
120.0238
120.175
120.1989
120.2871
120.4595
120.5108
120.6818
120.7447
120.9733
120.9752
121.0668
121.1991
121.4473
121.4705
121.9449
121.9499
121.9687
122.0267
122.4356
122.4381
122.4535
122.4877
122.6834
122.7173
122.922
122.9265
122.9296
122.943
123.0311
123.1532
123.1791
123.183
123.2637
123.4195
123.4649
123.4974
123.5169
123.5838
123.6498
123.7571
123.9188
123.9286
123.9383
123.9467
124.1516
124.1788
124.4285
124.4404
124.5068
124.5097
124.5158
124.5205
124.6929
124.7076
124.7177
124.7266
124.9291
125.1047
125.1759
125.1819
125.2955
125.4188
125.426
125.527
125.6467
125.6673
125.6942
125.7288
125.921
125.9257
125.9325
126.3943
127.9141
127.927
130.3957
131.869
131.8761
131.8818
131.8834
131.8858
131.8879
131.8905
131.892
131.9202
131.9269
131.9356
132.358
132.4456
132.779
132.7868
133.6553
134.8572
134.8589
134.8616
134.864
134.8684
134.8697
134.8757
134.8924
134.8951
136.32
137.1064
137.8419
137.8493
137.8558
137.8631
137.8669
137.8712
137.8878
138.2108
138.4096
138.7971
139.8464
140.0136
140.1233
140.2214
140.6616
140.6676
140.6728
140.6995
140.7147
140.7658
140.7761
140.9857
141.2059
141.2167
141.2795
141.2958
141.3525
141.5247
141.5722
141.8178
141.8211
141.8303
141.8333
141.8352
141.8843
141.8905
141.8959
141.9541
141.9588
142.0634
142.0663
142.102
142.2836
142.2904
142.2918
142.2932
142.4493
142.467
142.4764
142.5001
142.6236
142.6845
142.7446
143.0022
143.0049
143.0087
143.0138
143.1437
143.213
143.3694
143.4634
143.598
143.6817
143.7212
143.7349
143.8537
143.8616
143.9567
144.0995
144.1537
144.2461
144.316
144.3191
144.3202
144.322
144.3252
144.3289
144.3767
144.4297
144.6346
144.6522
144.8134
144.8177
144.9516
144.9609
145.1381
145.1443
145.3219
145.5032
145.508
145.5097
145.5794
145.5874
145.6871
145.7382
145.8555
145.897
145.9164
145.9251
146.0138
146.0181
146.06
146.0628
146.0811
146.2369
146.3256
146.3314
146.4779
146.5372
146.6244
146.7788
147.0528
147.0544
147.0641
147.1224
147.1966
147.2486
147.3311
147.3689
147.3852
147.4603
147.631
147.7808
147.8747
147.977
148.2971
148.5654
149.3757
149.4958
150.3365
150.5645
150.5994
150.829
150.9103
151.0213
151.3144
151.3322
151.4219
151.5095
151.5269
151.5502
151.5733
151.8662
151.8704
152.0431
152.0892
152.2902
152.3109
152.3592
152.3919
152.4915
153.0438
153.2721
153.3015
153.307
153.3135
153.3306
153.3798
153.526
153.5277
153.6289
153.7706
153.805
153.9833
154.3611
154.4865
154.4891
154.949
155.0497
155.2549
155.2616
155.2629
155.2752
155.2821
155.4893
155.5357
155.7674
156.023
156.263
156.2664
156.3352
156.3593
156.4743
156.4804
156.513
156.762
156.9938
157.2538
157.2648
157.2853
157.466
157.5073
157.597
157.7672
157.7689
157.775
157.8453
158.0769
158.0932
158.1049
158.1253
158.1575
158.2856
158.3091
158.5494
159.7369
159.7725
159.9216
161.6306
162.3223
162.8203
163.7024
163.7057
163.7077
163.7142
163.7192
163.7231
163.7246
163.7367
163.7517
163.7632
163.7805
164.012
164.2174
164.2733
164.4475
164.9361
165.3774
166.0241
166.6956
166.704
166.7085
166.7245
166.7321
167.2821
168.7861
169.6709
169.6734
169.683
169.6841
169.6869
169.6903
169.6967
169.6981
169.7011
169.7092
169.7481
169.8514
169.8631
170.1389
170.2232
170.3392
170.8158
171.9655
172.5268
172.5663
172.752
172.922
173.0347
173.0406
173.0479
173.0527
173.0547
173.0577
173.0943
173.3426
173.351
173.3574
173.3993
173.6537
173.6649
173.6715
173.6758
173.7033
173.7226
173.7364
173.8263
173.8302
173.9158
174.0403
174.1142
174.1282
174.133
174.1349
174.1477
174.1909
174.302
174.4978
174.5028
174.5158
174.5221
174.6658
174.6933
174.6979
174.8426
174.855
175.0289
175.1986
175.2602
175.4259
175.431
175.4619
175.5441
175.686
175.6918
175.804
175.9148
175.9231
175.9305
175.9861
176.0204
176.0245
176.1446
176.2317
176.371
176.3777
176.3796
176.4443
176.4516
176.4705
176.5766
176.58
176.632
176.6603
176.7784
176.792
176.8509
176.8733
176.9802
176.9866
177.0261
177.0616
177.1588
177.1619
177.1759
177.2365
177.3316
177.3381
177.6783
177.7271
177.7292
177.7537
177.8448
177.8476
177.8493
177.8632
177.9151
177.9992
178.006
178.01
178.1618
178.2224
178.2264
178.3152
178.3594
178.3746
178.4572
178.462
178.4669
178.5132
178.5182
178.6012
178.6161
178.6479
178.6674
178.7413
178.8861
178.8876
179.024
179.0446
179.1487
179.4241
179.4266
179.4714
179.5496
179.6068
179.7016
179.995
180.044
182.0273
182.4551
182.4941
182.8612
182.9104
183.1798
183.1923
183.2182
183.27
183.3832
183.6467
183.6829
183.8438
184.15
184.1651
184.1672
184.1823
184.1881
184.2539
184.3276
184.4427
184.6112
184.6174
184.7225
184.7483
184.7631
185.0994
185.1209
185.2918
185.3589
185.821
185.8504
186.1008
186.1087
186.1218
186.1435
186.2068
186.3333
186.345
186.4089
186.4249
186.6043
186.662
186.7199
186.7828
186.8516
187.1132
187.1175
187.3214
187.4317
187.4343
187.4672
187.6025
187.6083
187.6145
187.6598
187.8542
187.8613
187.8936
188.0837
188.0941
188.3147
188.3194
188.3397
188.3492
188.36
188.4246
188.5914
188.5951
188.6036
188.6071
188.6164
188.8406
188.8497
188.8914
188.9039
189.088
189.095
189.2025
189.342
189.3478
189.4175
189.5463
189.583
189.6029
189.6063
189.9794
190.0653
190.1006
191.559
191.5651
191.5662
191.5727
193.8287
194.7421
195.5288
195.5467
195.5482
195.5493
195.5522
195.5536
195.558
195.5593
195.8081
195.8645
196.1318
197.07
197.0723
197.1865
198.039
198.1857
198.5271
198.5283
198.5334
198.5348
198.5387
198.5485
198.5921
199.8934
201.4988
201.505
201.5081
201.5094
201.5147
201.5167
201.5204
201.5216
201.5287
201.5323
201.5341
201.5391
201.5637
201.5955
201.7479
201.9263
201.9684
201.9695
202.024
202.1017
202.1812
203.1043
203.7556
203.9046
203.9627
204.3136
204.3247
204.3403
204.3471
204.3534
204.3781
204.3983
204.8564
204.8712
204.8734
204.8787
204.8828
204.8988
204.9258
204.9539
205.0302
205.1831
205.2004
205.4812
205.4887
205.4927
205.4939
205.5049
205.575
205.7369
205.8072
205.8217
205.9477
205.9515
205.9563
205.9605
205.9656
206.1606
206.3285
206.3363
206.3442
206.4026
206.4914
206.5032
206.6886
206.6931
206.8333
206.9747
206.979
206.9812
206.9847
206.9889
207.1771
207.2595
207.4452
207.6113
207.626
207.6352
207.647
207.7693
207.8434
207.8762
207.9832
208.0712
208.2122
208.3063
208.3319
208.4035
208.4156
208.4192
208.5113
208.5368
208.6168
208.803
208.8614
208.9277
208.9923
208.9944
208.9965
209.1739
209.1758
209.1778
209.3395
209.3445
209.348
209.4028
209.429
209.5097
209.5167
209.6089
209.682
209.6839
209.6858
209.9894
210.0373
210.0854
210.1495
210.1598
210.2084
210.3621
210.4425
210.5144
210.5814
210.5892
210.6239
210.6504
210.7199
210.7257
210.7793
210.8583
210.9242
210.9289
211.0334
211.1309
211.2613
211.435
211.5281
211.533
211.6675
211.903
211.9171
213.84
214.007
214.0529
214.2254
214.5051
214.7481
214.7501
214.9645
215.0944
215.2141
215.5297
215.5718
215.6578
215.7105
215.7219
215.9644
216.0114
216.1056
216.1769
216.1943
216.4848
216.5226
216.6743
216.9403
217.1465
217.4466
217.4668
217.6568
217.7378
217.9193
217.9309
217.9678
218.1993
218.2012
218.2346
218.413
218.4262
218.4294
218.4307
218.4701
218.555
218.6252
218.7822
218.9205
218.9251
218.9267
218.9417
218.9824
219.1804
219.4296
219.4337
219.4391
219.4414
219.5572
219.9223
220.146
220.1638
220.1942
220.4373
220.6375
220.6897
220.7124
220.768
220.9307
220.9324
221.1929
221.2048
221.2077
221.4156
221.4323
221.7316
221.7591
223.3985
223.4083
223.4258
223.4354
223.4394
225.285
227.3583
227.3627
227.3694
227.3757
227.3797
227.3826
227.3944
227.398
227.4027
227.4181
227.4248
227.4308
227.4495
227.5379
230.3578
230.3607
230.3628
230.364
230.369
230.3718
230.3964
230.4029
230.409
230.5923
232.5153
232.6733
233.0424
233.328
233.3355
233.3383
233.3398
233.3431
233.3444
233.3507
233.3563
233.3596
233.3631
233.3701
233.7649
233.7901
233.8592
233.8677
234.4306
234.5345
235.6862
235.7146
236.4487
236.7076
236.7196
236.7222
236.7353
236.8061
237.3158
237.3425
237.413
237.4979
237.552
237.5633
237.5704
237.5798
237.6004
237.7864
237.7881
237.7982
237.8016
237.8784
237.9741
238.1831
238.3398
238.3507
238.4029
238.5186
238.5638
238.6698
238.8137
238.8193
238.8252
238.8282
238.9331
239.09
239.2036
239.2416
239.2986
239.3507
239.3554
239.4727
239.6072
239.6101
239.6967
239.7278
239.8257
239.8274
239.8288
239.9405
240.0014
240.0437
240.0452
240.1119
240.1443
240.2547
240.337
240.4525
240.4641
240.6373
240.6495
240.6549
240.7063
240.8302
240.8346
240.883
241.0086
241.0833
241.1781
241.1808
241.1839
241.2353
241.2539
241.2575
241.3474
241.3494
241.3553
241.4304
241.6779
241.6803
241.8272
241.8315
241.9379
242.0627
242.1324
242.137
242.273
242.2745
242.2775
242.2792
242.281
242.343
242.4209
242.4236
242.5058
242.5084
242.5613
242.5994
242.6943
242.6957
242.7604
242.8832
243.0242
243.0983
243.6544
243.664
245.5567
245.8592
246.0545
246.1529
246.4968
246.808
246.8329
247.009
247.3049
247.347
247.4873
247.5372
247.7905
247.7982
247.8276
248.0271
248.2857
248.4929
248.5091
248.7889
249.0958
249.2779
249.306
249.315
249.4005
249.4826
249.5208
249.5846
249.5881
249.7637
250.0172
250.2637
250.5526
250.7607
250.7666
250.7768
250.7783
250.7867
250.7984
250.8591
250.9819
251.2625
251.2667
251.2684
251.3657
251.3798
251.6644
251.7512
251.7593
251.9709
251.9721
252.2669
252.2683
252.4643
252.5213
252.5856
252.6208
252.7498
252.7524
252.7703
252.9166
253.1225
253.2414
253.248
255.2431
255.2531
255.2645
255.4491
259.2051
259.2128
259.2177
259.2202
259.2893
259.3005
259.3756
259.4475
259.5047
259.8695
261.1686
262.1979
262.209
262.2275
262.2391
262.2658
262.2774
262.3529
265.1663
265.1722
265.1789
265.1808
265.1842
265.1871
265.1887
265.1912
265.193
265.1943
265.2
265.2112
265.2139
265.2215
265.2237
265.4275
265.4903
265.5484
265.617
265.7474
265.9437
265.9474
267.9496
267.9819
267.9858
267.9962
268.0049
268.299
268.539
268.5486
268.5548
268.5749
268.6085
268.6561
268.7794
268.8542
268.8647
268.8931
268.9514
269.0037
269.0352
269.0414
269.1556
269.1741
269.176
269.2325
269.5277
269.6349
269.6607
269.8017
269.8411
270.0148
270.0175
270.0189
270.1683
270.3393
270.3433
270.4167
270.4738
270.4864
270.4918
270.5581
270.6433
270.6558
270.7587
270.9262
270.9629
271.4196
271.4293
271.4313
271.5135
271.664
271.7361
271.8623
271.8798
271.9362
272.1744
272.1778
272.2818
272.2859
272.4881
272.5665
272.5691
272.6618
272.68
272.7468
272.7518
272.8417
272.844
272.9522
273.0183
273.0255
273.0345
273.0927
273.1207
273.1814
273.1829
273.186
273.1968
273.2549
273.3479
273.425
273.5108
273.5151
273.7077
273.7362
273.8242
273.8308
273.8894
273.9589
273.9618
274.0073
274.0216
274.0375
274.1172
274.1552
274.1808
274.26
274.3071
274.3931
274.4356
274.578
274.607
274.6621
274.67
274.7353
274.8042
274.9994
275.0529
275.0577
275.1377
275.1433
275.2709
275.5402
277.4975
277.9424
277.9477
278.8371
279.1278
279.274
279.337
279.4382
279.6977
280.374
280.3761
280.6091
280.6603
280.8537
280.8593
281.1085
281.127
281.1352
281.1857
281.2717
281.3426
281.3568
281.611
281.6266
281.6402
281.7067
282.0993
282.1255
282.1272
282.1721
282.3032
282.3051
282.3125
282.3912
282.4403
282.5929
282.5963
282.6008
282.691
282.6973
282.7146
282.8145
283.0885
283.0975
283.1139
283.2365
283.3481
283.507
283.5929
283.6038
283.6068
283.6098
283.8412
283.9087
284.0875
284.0941
284.1065
284.3022
284.333
284.3424
284.4714
284.5936
284.5965
284.5992
285.0862
285.0949
285.1035
285.4396
285.9252
286.3217
286.9654
287.0627
287.0708
287.0842
287.088
287.1122
289.394
290.5112
291.0254
291.0377
291.0446
291.0464
291.0565
291.1356
291.1503
291.1949
291.7222
291.7851
291.8306
292.8972
294.0229
294.0267
294.0328
294.0459
294.0736
294.1143
294.2633
295.5872
296.999
297.0076
297.0105
297.0173
297.0202
297.0241
297.0252
297.0286
297.0373
297.5181
297.5554
298.3505
298.684
298.9163
299.3042
299.3371
299.3821
299.6065
299.7881
299.856
299.8644
299.8753
299.9054
300.0408
300.2041
300.379
300.4447
300.4618
300.4856
300.5005
300.57
300.6888
300.8057
300.8492
300.9954
301.0033
301.0722
301.2255
301.2449
301.2671
301.286
301.3179
301.664
301.6879
301.8318
302.0164
302.0871
302.1902
302.2155
302.3004
302.3861
302.4816
302.4897
302.5217
302.5566
302.6218
302.7163
302.8626
302.8909
302.8927
303.0219
303.0335
303.1137
303.1163
303.1275
303.1472
303.1672
303.2569
303.2623
303.2694
303.3734
303.4886
303.497
303.5061
303.6436
303.7108
303.7484
303.8088
303.8115
303.9233
304.0646
304.1976
304.2074
304.315
304.3835
304.5742
304.5804
304.6379
304.7211
304.7555
304.8757
304.9264
305.0207
305.0275
305.0568
305.0977
305.1834
305.2321
305.2818
305.3464
305.4441
305.4589
305.4887
305.6529
305.8707
306.1277
306.3622
306.3666
306.4096
306.4945
306.6237
306.6256
306.758
306.8898
306.9286
307.0549
307.291
307.3249
307.3261
307.3425
307.3647
307.5949
308.5768
309.7484
309.7636
309.7677
309.7744
309.7762
309.79
309.8176
309.9985
310.2672
310.6769
310.7864
310.9717
311.0244
311.1898
311.1971
311.2051
311.2529
311.4588
311.7033
311.7462
311.7737
311.9495
311.9567
311.9987
312.1989
312.4486
312.4888
312.6612
312.9503
312.9553
313.0642
313.5632
313.66
313.6794
313.9307
313.9337
314.0806
314.1184
314.1456
314.15
314.4301
314.5155
314.645
314.9244
314.9259
314.9347
314.9385
315.0568
315.1775
315.1896
315.2544
315.4361
315.4467
315.5214
315.6411
315.9238
315.929
315.9772
316.1373
316.4184
316.4376
316.9181
316.9252
316.9268
316.9322
316.9347
316.9923
318.9133
319.934
320.2034
322.867
322.8735
322.8747
322.8779
322.8805
322.8821
322.8848
322.8885
322.8939
322.9036
323.8656
325.8614
325.8634
325.8699
325.872
325.8798
325.8848
325.8874
325.901
326.0867
327.249
328.0563
328.6593
328.8439
328.851
328.8542
328.8577
328.8624
328.8745
328.9221
329.1514
329.2335
330.8529
331.01
331.0368
331.1442
331.32
331.4607
331.6232
331.9242
331.9275
331.9797
331.9892
332.2097
332.2204
332.3116
332.5689
332.5984
332.7042
332.8239
332.8289
332.8312
332.8327
333.1301
333.1635
333.2778
333.6704
333.6719
334.1581
334.4506
334.4728
334.5999
334.8525
334.951
335.101
335.1222
335.1912
335.202
335.2064
335.3309
335.4557
335.4793
335.5371
335.5381
335.5446
335.5464
335.6362
335.756
335.7688
335.8083
335.8447
335.8501
335.8649
335.953
335.9574
335.9637
336.0105
336.0663
336.1474
336.3299
336.513
336.5901
336.6849
336.762
336.855
336.8642
336.9193
337.0143
337.0609
337.0637
337.0738
337.0857
337.325
337.3267
337.373
337.4777
337.4811
337.5412
337.6789
337.7039
337.8179
337.9183
337.9226
338.1873
338.3352
338.4563
338.5029
338.5938
338.5952
338.5986
338.7265
338.7288
338.7615
338.864
338.9708
339.1563
339.1961
341.6305
341.6368
341.6711
341.7747
341.8609
342.1149
342.3457
342.3634
343.0136
343.2392
343.3013
343.3026
343.5179
343.5396
343.7833
343.7925
343.8349
344.0062
344.035
344.0613
344.288
344.3067
344.3088
344.3296
344.5212
344.5279
344.5411
344.5643
344.6025
344.77
344.7843
345.0303
345.4598
345.525
346.2774
346.2863
346.4919
346.5108
346.758
346.7625
346.7655
346.8433
347.1258
347.2622
347.2764
347.3318
347.5162
347.7507
347.7699
347.8536
348.0474
348.0546
348.2446
348.2487
348.2644
348.3903
348.4781
348.5129
348.5178
348.5594
348.5899
348.7485
348.7502
348.7569
348.7593
349.5869
350.6416
350.7298
350.7435
350.7492
350.7672
353.3754
354.6929
354.7065
354.7088
354.7116
354.7136
354.7311
354.7546
354.9529
355.543
357.3202
357.6848
357.6941
357.7018
357.7038
357.7158
357.7274
357.734
359.7759
360.6665
360.6718
360.6755
360.6794
360.6819
360.6878
360.6929
360.6944
360.6956
360.7062
361.142
361.317
361.3264
361.369
361.3971
361.4351
361.4726
361.8579
362.0118
362.9069
363.4461
363.4991
363.603
363.6165
363.7276
363.7961
363.8666
363.874
364.1456
364.1686
364.2318
364.2634
364.3791
364.4181
364.4576
364.66
364.6628
364.6686
364.7641
365.0046
365.1207
365.1275
365.1292
365.1925
365.207
365.3013
365.3081
365.3272
365.353
365.4975
365.5176
365.5368
365.5805
365.5854
365.8435
365.854
365.8656
366.1398
366.1574
366.2895
366.2943
366.2993
366.3374
366.4218
366.4312
366.4332
366.5573
366.5625
366.5993
366.8088
366.9315
366.9394
366.9719
367.0137
367.1641
367.1662
367.3863
367.5176
367.5804
367.585
367.5916
367.6838
367.8842
367.9065
367.9981
368.0492
368.0727
368.1646
368.2397
368.3449
368.4267
368.4357
368.5151
368.5678
368.5938
368.5953
368.6733
368.6822
368.6836
368.6926
368.7372
369.0098
369.1619
369.1636
369.3859
369.4693
369.5063
369.5361
369.6075
369.6224
369.7556
369.8902
369.8928
369.8967
369.9484
370.0257
370.0297
370.0732
370.1317
370.2967
370.3004
370.4338
370.5537
370.6153
370.6264
370.703
373.4215
373.4353
373.4369
373.4435
373.4454
373.4597
373.4824
373.8375
373.9609
373.975
374.4649
374.693
374.8619
374.8814
375.2126
375.331
375.3664
375.6105
375.6223
375.8202
375.8394
375.8431
376.4287
376.439
376.5973
376.6043
376.7377
376.8228
377.1047
377.1086
377.1186
377.3082
377.3684
377.602
377.6085
377.615
378.0942
378.097
378.2172
378.3048
378.3796
378.5886
378.5921
378.5969
378.6163
378.7112
378.7137
378.7653
379.0958
379.1046
379.112
379.3539
379.3635
379.4377
379.5883
379.6333
379.8206
379.8441
380.3001
380.3341
380.3414
380.3542
380.3659
380.579
380.5963
380.5998
382.5601
382.5801
382.5891
382.5968
382.5992
382.6259
384.3462
385.4191
386.2518
386.4615
386.5329
386.5364
386.5452
386.5471
386.5552
386.5592
386.563
386.572
386.6111
386.6247
386.9144
386.9522
387.098
387.4082
387.6089
388.866
388.9448
389.523
389.5298
389.5309
389.5329
389.5354
389.5366
389.5398
389.5434
389.5484
389.5498
389.5565
389.5815
392.0683
392.505
392.5213
392.5239
392.5288
392.6812
392.7369
393.3863
394.1754
394.6898
394.801
394.9158
395.3423
395.3555
395.3696
395.4222
395.5022
395.6623
395.868
395.8813
395.8895
395.8964
395.9429
396.1145
396.5024
396.7095
396.808
396.9631
397.0258
397.0401
397.109
397.1682
397.1885
397.3407
397.3508
397.492
397.5574
397.5658
397.6823
397.9754
397.9783
397.9858
397.9973
398.092
398.2582
398.3001
398.3899
398.5153
398.628
398.6631
398.7102
398.76
398.7634
398.7655
398.7714
398.7773
398.8671
398.9998
399.0883
399.0985
399.2071
399.2128
399.2671
399.3082
399.4746
399.5111
399.5307
399.6129
399.8163
399.9958
400.0422
400.1808
400.35
400.3617
400.5231
400.7004
400.841
400.8473
400.8861
400.964
400.998
401.044
401.2005
401.2303
401.2941
401.3063
401.3489
401.4428
401.59
401.6514
401.7225
401.7275
401.8678
402.1258
402.1988
402.2587
402.2611
402.3401
402.3933
402.8534
402.8785
404.743
404.8602
405.2826
405.3048
405.3076
405.3277
405.512
405.5137
405.7023
405.7353
405.997
406.0329
406.0413
406.2568
406.2707
406.4768
406.7721
406.9642
406.9697
406.9889
407.0199
407.0437
407.1018
407.3246
407.4568
407.9788
408.1653
408.2055
408.4418
408.6457
408.695
408.94
408.9516
408.9527
409.1422
409.2366
409.3118
409.431
409.4393
409.4569
409.6924
409.9289
410.0173
410.1413
410.421
410.7096
410.7374
410.9159
410.9351
410.9374
411.1391
411.1598
411.4155
411.4198
411.426
411.4389
411.4425
411.4481
411.49
411.5119
411.6194
411.911
411.9128
411.9202
411.9353
412.1537
412.1761
412.2366
412.4156
412.4235
412.4357
412.4642
412.5323
414.4126
414.414
414.4283
414.4359
414.4612
418.3624
418.3636
418.3651
418.368
418.3768
418.3789
418.3821
418.3859
418.387
418.4509
419.0498
419.1124
419.1628
421.369
421.3728
421.3837
421.409
421.4543
424.331
424.3341
424.3352
424.3366
424.3487
424.352
424.3554
424.3595
424.3617
424.3661
424.4625
424.5574
424.9272
424.9535
425.1563
425.5076
427.1703
427.1797
427.3396
427.3978
427.4877
427.5341
427.6192
427.6964
427.7116
427.7171
427.719
427.7351
427.8257
427.972
428.0292
428.0673
428.3141
428.3887
428.4526
428.5476
428.5547
428.6193
428.7832
428.8591
428.9911
429.0338
429.183
429.2422
429.3642
429.5119
429.5185
429.5247
429.6551
429.7033
429.8145
429.8167
429.9229
430.0888
430.0907
430.0922
430.0955
430.1964
430.2223
430.3476
430.3489
430.3501
430.3537
430.3567
430.5163
430.5978
430.7085
430.7168
430.737
430.8587
431.0442
431.051
431.1021
431.1072
431.1489
431.2515
431.2597
431.3402
431.4556
431.6409
431.6449
431.7274
431.829
431.8949
432.0105
432.1675
432.1771
432.1817
432.2561
432.3427
432.346
432.361
432.3638
432.4159
432.5091
432.512
432.5204
432.8329
432.8792
432.8954
433.1225
433.4149
433.4179
433.4219
433.4239
433.4608
433.4763
433.6142
433.6974
433.7642
433.8963
433.9598
433.9666
434.095
434.0971
434.2278
434.3115
434.3194
434.5595
434.6273
437.1065
437.1179
437.2025
437.5831
437.8508
438.0014
438.0484
438.0627
438.0711
438.3202
438.5442
438.8094
438.8439
439.1211
439.2981
439.3278
439.3889
439.5095
439.7035
439.7759
439.7849
439.7889
439.8428
439.9883
440.4674
440.493
440.7797
440.8631
440.8655
441.0202
441.278
441.5121
441.5385
441.5968
441.7834
441.8988
441.9707
442.0021
442.0186
442.0896
442.25
442.2607
442.2666
442.2705
442.2718
442.4751
442.5236
442.7684
442.7782
442.8697
443.0094
443.2485
443.2711
443.3778
443.4781
443.5186
443.7528
443.8515
443.9681
444.0162
444.0411
444.0797
444.2427
444.2489
444.2548
444.2584
444.7767
446.2374
446.2408
446.2477
446.2771
446.2894
446.32
446.4422
450.1993
450.2013
450.2095
450.2214
450.2301
450.2507
450.2846
450.3107
450.8853
450.8894
450.9521
451.346
451.786
453.1969
453.2093
453.2107
453.212
453.2361
454.4295
456.1559
456.1771
456.1867
456.1891
456.212
456.2423
456.535
456.5726
456.7446
456.9152
458.475
458.578
458.5848
458.9863
458.9989
459.0023
459.0365
459.056
459.5396
459.5493
459.5534
459.557
459.6246
459.6344
459.7731
459.8754
459.8806
459.9304
460.154
460.1646
460.17
460.1763
460.1775
460.2292
460.236
460.3748
460.4444
460.6126
460.6156
460.6168
460.6182
460.6196
460.629
460.6325
460.7023
460.7129
460.8686
461.0151
461.1782
461.3382
461.5001
461.5057
461.6469
461.7073
461.7572
461.7841
461.9392
462.0484
462.0554
462.057
462.1877
462.2987
462.4466
462.6581
462.6615
462.6709
462.7562
462.8746
462.8788
462.8827
462.9295
462.9866
462.9993
463.0767
463.2879
463.2996
463.3328
463.3707
463.4822
463.5544
463.5579
463.6531
463.659
463.7441
463.8406
463.9093
463.9187
464.0097
464.0597
464.0662
464.0932
464.2612
464.3394
464.423
464.5035
464.505
464.5145
464.5815
464.653
464.6605
464.6666
464.7792
464.8098
464.8135
464.8161
465.1017
465.1065
465.1112
465.2494
465.394
465.5288
465.6112
466.1168
466.4882
466.5084
467.7186
468.4838
468.9474
468.9807
469.0867
469.4203
469.6547
469.8826
469.9618
470.1392
470.1487
470.3435
470.3772
470.472
470.6476
470.6549
470.6858
470.7013
470.7254
470.8579
470.9081
471.1346
471.238
471.6147
471.8128
471.8155
472.13
472.1471
472.3584
472.3867
472.6047
472.7362
472.8376
472.8567
473.0869
473.1021
473.1365
473.3051
473.3211
473.3471
473.3816
473.4439
473.5913
473.5952
473.6288
473.7741
473.8081
473.8477
474.0837
474.095
474.3026
474.3362
474.3433
474.3954
474.5808
474.5924
474.8108
475.0796
475.0881
475.5828
475.5968
475.9131
476.0827
476.084
476.0855
476.0928
476.0957
476.3824
476.4085
476.5485
479.8876
482.6368
