0.5587
0.5607
0.5636
0.576
0.6183999999999999
0.7017
0.7065
0.7171
0.7996
0.8058
0.8459
0.8767
0.9367
0.998
1.0156
1.0341
1.0952
1.1085
1.1986
1.28
1.4087
1.4696
1.4989
1.5025
1.53
1.5555
1.6316
1.6368
1.7323
1.7524
1.7867
1.9412
1.9744
2.0105
2.1342
2.1431
2.244
2.2814
2.3674
2.5145
2.5602
2.5632
2.5888
2.5972
2.6743
2.6926
2.7067
2.7552
2.7628
2.8417
2.9073
2.92
2.9234
3.0272
3.0474
3.1584
3.1925
3.2939
3.299
3.3145
3.4254
3.5465
3.5548
3.6467
3.6502
3.8618
3.8796
3.9422
4.0061
4.0478
4.2574
4.3004
4.3046
4.4147
4.4844
4.4893
4.5376
4.5427
4.5461
4.6432
4.69
4.7141
4.7166
4.7192
4.7588
4.7615
4.7968
4.7999
4.8345
4.8368
4.9446
4.9686
5.0227
5.0274
5.0683
5.126
5.1435
5.15
5.174
5.2096
5.2734
5.3218
5.4659
5.4766
5.4877
5.496
5.6364
5.6744
5.8097
5.8461
5.8968
6.0022
6.0077
6.0106
6.0811
6.1506
6.1559
6.1971
6.2036
6.2168
6.3285
6.3362
6.4358
6.462
6.5079
6.5515
6.5676
6.5772
6.5802
6.5986
6.614
6.6782
6.7272
6.769
6.899
6.9417
6.947
6.9866
7.0234
7.1552
7.1618
7.1965
7.2547
7.2708
7.3298
7.5137
7.5161
7.5223
7.5443
7.5648
7.6411
7.6854
7.693
7.72
7.7726
7.8052
7.844
7.9129
7.9402
8.027100000000001
8.0753
8.168799999999999
8.209
8.2121
8.350199999999999
8.412599999999999
8.415900000000001
8.495100000000001
8.6372
8.6401
8.668799999999999
8.7019
8.706300000000001
8.7486
8.765499999999999
8.839
8.885899999999999
8.969200000000001
8.984500000000001
9.021599999999999
9.0518
9.1905
9.194100000000001
9.2538
9.26
9.3186
9.4107
9.415800000000001
9.4442
9.5197
9.5306
9.5947
9.598800000000001
9.664300000000001
9.688599999999999
9.712199999999999
9.7949
9.799899999999999
9.824400000000001
9.8819
9.9191
9.9384
10.0032
10.007
10.0477
10.1188
10.1225
10.2307
10.2896
10.3295
10.3334
10.3742
10.382
10.6549
10.6573
10.7499
10.7537
10.7843
10.792
10.8407
10.8947
10.9148
10.9519
10.9932
11.0445
11.0475
11.0588
11.1724
11.1875
11.3879
11.3936
11.4272
11.5112
11.5585
11.6063
11.6163
11.6193
11.6321
11.6575
11.7002
11.7426
11.8098
11.8341
11.8621
11.9064
11.9239
11.9395
12.2468
12.2532
12.3103
12.4171
12.4201
12.4834
12.6257
12.7338
12.7949
12.7981
13.1276
13.151
13.2496
13.2521
13.2854
13.3357
13.362
13.3829
13.4865
13.5424
13.5657
13.5937
13.6006
13.7212
13.7259
13.779
13.8254
13.9696
14.0802
14.0853
14.1854
14.188
14.2503
14.253
14.2761
14.2793
14.305
14.315
14.3351
14.3524
14.3691
14.3781
14.4343
14.5675
14.59
14.5934
14.6224
14.6412
14.6448
14.6938
14.7238
14.7275
14.7455
14.7635
14.779
14.8043
14.8365
14.86
14.8907
14.9149
14.9431
14.9977
15.0762
15.1557
15.1589
15.1965
15.2047
15.2156
15.2855
15.3365
15.3813
15.3865
15.4147
15.4234
15.4746
15.4911
15.498
15.5029
15.5435
15.5766
15.6076
15.6141
15.6495
15.7163
15.8016
15.8193
15.8409
15.8503
15.8736
15.8848
15.9083
15.9448
16.072
16.0778
16.1095
16.1433
16.1529
16.17
16.1834
16.3351
16.3561
16.374
16.379
16.405
16.4087
16.4276
16.4325
16.5534
16.587
16.5913
16.6004
16.6093
16.6151
16.6327
16.6446
16.6665
16.6724
16.6768
16.7081
16.7196
16.7841
16.7912
16.8043
16.8234
16.8611
16.8927
16.9054
16.9174
17.0408
17.076
17.0784
17.0882
17.0994
17.1195
17.1362
17.1618
17.246
17.2507
17.2938
17.2979
17.3043
17.3427
17.491
17.4938
17.5111
17.5149
17.5202
17.5333
17.6521
17.6653
17.6962
17.7343
17.7461
17.7548
17.8444
17.8488
17.8644
17.9251
18.0287
18.0333
18.0508
18.0593
18.0794
18.2013
18.2127
18.2143
18.2176
18.3844
18.3942
18.3968
18.5553
18.5587
18.5659
18.7167
18.7206
18.7544
18.8687
18.8712
18.8883
18.8943
18.8984
18.9893
19.0184
19.0219
19.0257
19.044
19.0468
19.1729
19.1778
19.198
19.3234
19.3464
19.4755
19.4918
19.6077
19.6104
19.6211
19.6346
19.759
19.7636
19.7682
19.7758
19.8824
19.8994
19.9114
19.9265
20.0165
20.0195
20.0437
20.1507
20.1551
20.1599
20.1675
20.2799
20.282
20.2873
20.3083
20.4061
20.4143
20.5484
20.5526
20.6517
20.9685
20.9929
21.022
21.1125
21.156
21.1699
21.2333
21.2818
21.2898
21.3695
21.3728
21.4784
21.5159
21.6108
21.6266
21.6621
21.7017
21.82
21.8823
21.8874
21.9646
21.9919
21.9976
22.0305
22.0538
22.1109
22.1168
22.1508
22.2331
22.3065
22.4111
22.503
22.6207
22.6304
22.6881
22.7329
22.818
22.8498
22.9335
22.9811
22.9848
23.0189
23.0844
23.0883
23.1922
23.1965
23.2493
23.3796
23.4084
23.5097
23.5234
23.5544
23.6564
23.7235
23.7281
23.7608
23.8071
23.9811
23.9982
24.005
24.0415
24.0579
24.1007
24.1406
24.149
24.1931
24.2026
24.3418
24.422
24.4782
24.5319
24.5366
24.5473
24.5609
24.6244
24.6442
24.6475
24.7031
24.8262
24.8816
24.9672
24.9726
24.9843
24.9915
25.0411
25.0511
25.1161
25.1408
25.168
25.1895
25.2438
25.3317
25.3588
25.4454
25.4521
25.488
25.4945
25.5088
25.5739
25.6678
25.6895
25.7064
25.712
25.7494
25.7534
25.7789
25.8241
25.9098
25.9732
25.9969
26.0048
26.0294
26.1159
26.14
26.1943
26.2545
26.2656
26.2945
26.3015
26.3251
26.3522
26.49
26.4934
26.5235
26.5277
26.6435
26.6478
26.6577
26.7865
26.8022
26.9231
27.007
27.0095
27.0698
27.0975
27.1243
27.1806
27.2163
27.2212
27.2556
27.2597
27.2732
27.3
27.3046
27.3505
27.4106
27.4648
27.4892
27.5736
27.6118
27.6151
27.6232
27.7439
27.7652
27.7977
27.8492
27.9663
27.9762
27.9884
27.9953
28.0133
28.1046
28.1243
28.1364
28.1807
28.2491
28.2699
28.2783
28.3295
28.4663
28.4695
28.6046
28.6677
28.706
28.7912
28.7969
28.8114
28.8529
28.9008
28.9422
28.9848
29.0715
29.0986
29.1148
29.1307
29.1479
29.161
29.167
29.2163
29.2565
29.2973
29.3066
29.3139
29.3925
29.4388
29.5538
29.5672
29.6023
29.613
29.636
29.658
29.6752
29.6887
29.6941
29.7617
29.8451
29.874
29.9369
29.9596
30.018
30.0865
30.1077
30.1671
30.2167
30.2235
30.28
30.3053
30.3653
30.3969
30.4644
30.4833
30.5568
30.5898
30.6123
30.6929
30.7221
30.7275
30.7911
30.8296
30.9532
31.0438
31.0709
31.0887
31.0987
31.12
31.1729
31.3187
31.3242
31.3882
31.3929
31.4116
31.4638
31.5973
31.6042
31.6297
31.695
31.6983
31.7394
31.7463
31.8506
31.9183
31.9571
31.9625
31.9901
32.0698
32.1623
32.1762
32.2573
32.2866
32.3251
32.3984
32.421
32.4477
32.4822
32.5256
32.5479
32.5806
32.6112
32.6581
32.6983
32.7573
32.8065
32.8176
32.8556
32.8762
32.8988
32.9192
33.0206
33.0815
33.0999
33.1134
33.1373
33.2205
33.251
33.257
33.331
33.3544
33.3676
33.4443
33.4952
33.5056
33.5257
33.5608
33.6218
33.6558
33.6719
33.6807
33.7189
33.7875
33.8416
33.875
33.9171
33.9837
34
34.0413
34.0586
34.0731
34.1182
34.1572
34.1636
34.1931
34.2412
34.246
34.3222
34.3354
34.3893
34.4445
34.4796
34.5141
34.5403
34.6135
34.7102
34.7185
34.7923
34.799
34.8504
34.9069
34.9363
34.941
34.9834
35.0156
35.059
35.1143
35.2195
35.2321
35.2633
35.2846
35.3386
35.3473
35.356
35.4132
35.4179
35.4474
35.4723
35.5104
35.517
35.5705
35.585
35.5982
35.6043
35.6698
35.7094
35.7853
35.8257
35.8699
35.8738
35.9115
35.9302
35.9489
36.0538
36.1016
36.1672
36.1722
36.1881
36.2425
36.4147
36.5245
36.531
36.5637
36.5882
36.6194
36.6566
36.6726
36.6974
36.7287
36.8792
36.8941
36.925
36.9329
36.9717
37.0421
37.0617
37.0859
37.0968
37.1039
37.1211
37.1467
37.1526
37.2108
37.2205
37.4566
37.5537
37.6118
37.6236
37.6649
37.7885
37.7913
37.8654
37.8697
37.9625
37.9713
38.0225
38.0572
38.2291
38.269
38.3749
38.4409
38.4441
38.5319
38.8056
38.9641
38.9685
38.9815
39.0357
39.2008
39.2332
39.3049
39.3312
39.3517
39.3907
39.395
39.4395
39.4502
39.4877
39.5181
39.5263
39.5559
39.6365
39.6985
39.7173
39.7846
39.7989
39.8429
39.8605
39.8802
39.9308
39.9878
40.0149
40.0364
40.0813
40.0986
40.1125
40.2703
40.2906
40.3074
40.3305
40.4646
40.4739
40.5229
40.5641
40.6514
40.7253
40.7575
40.7658
40.8641
40.8856
40.9171
40.9495
40.9634
41.0569
41.0627
41.0716
41.1174
41.16
41.1812
41.2234
41.2598
41.3604
41.3819
41.4329
41.4812
41.5626
41.6187
41.6724
41.7028
41.7678
41.8236
41.8625
41.8771
41.9061
42.007
42.0202
42.0508
42.0541
42.1008
42.1171
42.1486
42.2523
42.2783
42.3015
42.4328
42.4745
42.5019
42.5597
42.5979
42.6063
42.6758
42.6793
42.7383
42.8372
42.8497
42.9388
43.0091
43.0191
43.0382
43.0422
43.0597
43.0832
43.1352
43.1836
43.1927
43.2164
43.2307
43.3555
43.4227
43.4802
43.5618
43.5663
43.6778
43.7637
43.83
43.9011
43.9043
43.9214
43.9488
43.9609
44.0951
44.1001
44.1433
44.1929
44.2582
44.3148
44.3478
44.4733
44.5005
44.6144
44.626
44.704
44.708
44.8244
44.8363
45.0015
45.0236
45.0574
45.069
45.0703
45.0924
45.1016
45.1621
45.2215
45.2687
45.2713
45.3536
45.4411
45.4661
45.4998
45.5899
45.5983
45.8433
45.9079
45.9107
45.9495
46.0604
46.0631
46.0977
46.1221
46.143
46.188
46.196
46.3709
46.3762
46.4999
46.5353
46.5518
46.5552
46.5626
46.6651
46.6878
46.7402
46.7487
46.7794
46.8663
46.902
46.908
46.9806
46.9819
46.9921
47.0172
47.0229
47.0854
47.1136
47.2022
47.3068
47.333
47.3369
47.3441
47.4061
47.4161
47.4592
47.5127
47.6088
47.6259
47.6459
47.6496
47.6996
47.703
47.741
47.7963
47.8032
47.8444
47.9372
47.9405
47.9641
48.0211
48.1183
48.2094
48.2238
48.277
48.4328
48.4425
48.4517
48.4671
48.5216
48.5245
48.7064
48.7705
48.8551
48.9067
48.9108
48.9582
48.9803
49.0757
49.1156
49.1271
49.1406
49.2634
49.2859
49.2925
49.3285
49.3427
49.3862
49.4442
49.4678
49.4744
49.5023
49.6667
49.6901
49.7021
49.708
49.7101
49.7773
49.8525
49.8561
49.8936
49.8957
49.913
50.0387
50.0484
50.2036
50.2317
50.2369
50.2412
50.2506
50.3802
50.3871
50.3936
50.4117
50.429
50.5443
50.5825
50.5925
50.7052
50.7084
50.7197
50.7245
50.7399
50.8551
50.8591
50.8813
50.8902
51.0093
51.0127
51.0237
51.0558
51.1526
51.1728
51.1949
51.2954
51.3273
51.3429
51.4394
51.4434
51.4754
51.4844
51.5841
51.5972
51.722
51.7247
51.7345
51.7386
51.8522
51.8572
51.8625
51.9942
51.9979
52.0255
52.096
52.1101
52.1133
52.1557
52.2385
52.2425
52.369
52.3822
52.4072
52.475
52.522
52.5808
52.6235
52.7117
52.7648
52.7925
52.8249
52.9368
52.9948
53.0338
53.0533
53.0827
53.1015
53.1553
53.3114
53.3198
53.4089
53.4715
53.51
53.5586
53.6401
53.65
53.6713
53.6964
53.7494
53.7914
53.7997
53.86
53.8693
53.8956
53.9411
53.9765
54.0073
54.0366
54.2061
54.2749
54.2798
54.3412
54.3938
54.3977
54.4524
54.4819
54.5358
54.6964
54.7043
54.7654
54.7747
54.8526
55.019
55.0544
55.0585
55.1438
55.2728
55.3631
55.3658
55.4599
55.5056
55.5095
55.5755
55.7277
55.7321
55.8653
55.911
55.936
55.9434
56.0608
56.0643
56.1497
56.1545
56.1762
56.2265
56.2933
56.3763
56.4257
56.4352
56.5711
56.5779
56.5963
56.6489
56.7106
56.7759
56.7834
56.8443
56.8856
56.9271
56.9513
56.9621
56.9679
56.9964
57.0909
57.1332
57.1907
57.2669
57.3241
57.3904
57.4114
57.597
57.6184
57.6235
57.8275
57.8797
57.8841
57.9328
57.9651
57.9689
58.0051
58.0211
58.0312
58.0987
58.1079
58.1122
58.1507
58.2065
58.2216
58.3759
58.4732
58.4962
58.5232
58.6024
58.6454
58.6839
58.8065
58.8117
58.816
58.9278
58.97
58.9958
59.079
59.1056
59.1109
59.1499
59.1875
59.2145
59.3524
59.4047
59.4436
59.448
59.6123
59.6154
59.6423
59.6675
59.717
59.8023
59.8059
59.9329
59.9374
59.9541
60.0726
60.1147
60.1511
60.1549
60.2233
60.2352
60.3196
60.3503
60.3553
60.4781
60.4804
60.5652
60.5932
60.5986
60.6063
60.6636
60.6976
60.7425
60.801
60.807
60.9015
60.9238
60.9271
60.9799
61.0351
61.0917
61.0952
61.1195
61.1283
61.1542
61.2264
61.4234
61.4414
61.4687
61.5748
61.5776
61.5874
61.6155
61.655
61.8057
61.8889
61.9836
61.9904
62.0503
62.0668
62.0935
62.2325
62.308
62.4215
62.4645
62.53
62.6033
62.6621
62.7274
62.7543
62.825
62.8862
62.9044
63.012
63.1288
63.1336
63.1567
63.1619
63.1774
63.2522
63.2823
63.3603
63.4971
63.5098
63.6044
63.6627
63.7241
63.7454
63.7837
63.8226
64.03570000000001
64.0915
64.1846
64.2351
64.241
64.282
64.32850000000001
64.3326
64.3883
64.4246
64.46420000000001
64.5145
64.5842
64.5874
64.5939
64.6349
64.68259999999999
64.8342
64.8631
64.8976
64.9619
65.0004
65.1803
65.23699999999999
65.24209999999999
65.25620000000001
65.32080000000001
65.352
65.3725
65.38079999999999
65.43389999999999
65.4653
65.5211
65.6037
65.6696
65.6992
65.7223
65.752
65.8454
65.9362
66.1108
66.24420000000001
66.28660000000001
66.28919999999999
66.3505
66.3544
66.3879
66.43980000000001
66.5501
66.7358
66.739
66.7628
66.80840000000001
66.8293
66.9341
67.00360000000001
67.1019
67.1605
67.19110000000001
67.2252
67.2736
67.2967
67.3475
67.35590000000001
67.41119999999999
67.43089999999999
67.4816
67.52630000000001
67.5686
67.59220000000001
67.6281
67.6433
67.74339999999999
67.7529
67.8309
68.0123
68.0784
68.1482
68.15089999999999
68.27030000000001
68.2764
68.36060000000001
68.39490000000001
68.3976
68.4033
68.407
68.4911
68.523
68.5626
68.5671
68.60380000000001
68.639
68.6981
68.7029
68.73690000000001
68.7414
68.8135
68.85509999999999
68.89619999999999
68.95310000000001
68.9575
68.9669
68.97320000000001
69.0391
69.0715
69.1644
69.2149
69.2568
69.4419
69.49639999999999
69.7367
69.77330000000001
69.7811
69.90600000000001
70.0967
70.136
70.13890000000001
70.276
70.4362
70.79130000000001
71.1713
71.1755
71.199
71.20820000000001
71.2323
71.3087
71.3133
71.3643
71.4153
71.4179
71.45059999999999
71.4791
71.5265
71.61060000000001
71.6268
71.6497
71.7273
71.7732
71.81059999999999
71.8552
71.85939999999999
71.928
71.9324
72.0645
72.14319999999999
72.22069999999999
72.2239
72.30459999999999
72.4314
72.6101
72.688
72.7415
72.74630000000001
72.7634
72.8244
72.8272
72.99160000000001
72.99469999999999
73.056
73.1724
73.2512
73.3857
73.4316
73.4611
73.48139999999999
73.51560000000001
73.5269
73.6656
73.7086
73.73999999999999
73.7877
73.883
73.93129999999999
73.98609999999999
74.08580000000001
74.08929999999999
74.2612
74.27370000000001
74.27679999999999
74.5137
74.614
74.6195
74.6621
74.7039
75.28100000000001
75.48990000000001
75.6431
75.6455
75.71510000000001
75.7912
75.7945
75.8245
75.8382
75.87860000000001
75.9268
76.02970000000001
76.0539
76.1015
76.1404
76.15649999999999
76.2974
76.3267
76.37269999999999
76.38979999999999
76.4853
76.5425
76.67149999999999
76.7383
76.7406
76.9944
77.0107
77.0436
77.04810000000001
77.1022
77.1562
77.2159
77.2577
77.29089999999999
77.298
77.3051
77.363
77.3807
77.4064
77.4653
77.4738
77.66930000000001
77.6849
77.8207
77.8306
77.8515
77.949
77.9555
77.9701
77.9776
77.9997
78.02800000000001
78.04689999999999
78.05500000000001
78.1194
78.3565
78.3927
78.3964
78.4538
78.47539999999999
78.4842
78.52209999999999
78.5331
78.5949
78.6991
78.80549999999999
78.8215
78.8456
78.9226
79.04859999999999
79.07389999999999
79.0787
79.13120000000001
79.1407
79.25020000000001
79.2702
79.41849999999999
79.4255
79.47150000000001
79.4742
79.4776
79.71080000000001
79.7166
79.7589
79.7668
79.7863
79.8027
79.81910000000001
79.8292
79.9974
80.0077
80.0107
80.02379999999999
80.0296
80.05970000000001
80.0942
80.1006
80.1327
80.17700000000001
80.23990000000001
80.27500000000001
80.30249999999999
80.3301
80.3665
80.498
80.52370000000001
80.5262
80.5692
80.5844
80.5975
80.6262
80.7123
80.71680000000001
80.75369999999999
80.7666
80.7955
80.9299
80.9341
80.9414
80.9614
81.1181
81.12479999999999
81.13979999999999
81.1737
81.20269999999999
81.3623
81.40940000000001
81.547
81.54989999999999
81.57810000000001
81.5866
81.59050000000001
81.7225
81.7242
81.7304
81.75190000000001
81.87090000000001
81.88209999999999
81.8934
81.9143
81.94410000000001
82.053
82.0659
82.0702
82.0731
82.22020000000001
82.2444
82.2479
82.3771
82.3797
82.38379999999999
82.39190000000001
82.39790000000001
82.4064
82.5365
82.5406
82.5458
82.5484
82.5592
82.69889999999999
82.711
82.7229
82.8498
82.864
82.87309999999999
82.9851
83.0091
83.01949999999999
83.1387
83.1498
83.15389999999999
83.4165
83.4205
83.4228
83.553
83.5613
83.58669999999999
83.6913
83.694
83.69889999999999
83.7178
83.8212
83.82470000000001
83.8275
83.8347
83.8383
83.95359999999999
83.9576
83.9616
83.97669999999999
84.08150000000001
84.0851
84.0971
84.29000000000001
84.31699999999999
84.3203
84.4948
84.57170000000001
84.5789
84.6909
84.85769999999999
84.86109999999999
84.9271
85.0714
85.0771
85.1099
85.2671
85.2723
85.43049999999999
85.4495
85.45269999999999
85.57859999999999
85.59010000000001
85.6159
85.621
85.6472
85.7594
85.76730000000001
85.93770000000001
85.94199999999999
85.9802
85.98650000000001
86.2469
86.2808
86.3969
86.43940000000001
86.6024
86.71899999999999
86.94459999999999
86.97839999999999
86.9811
87.0864
87.18729999999999
87.2723
87.4704
87.50060000000001
87.5069
87.59180000000001
87.69629999999999
87.7077
87.8192
87.9645
88.0322
88.18429999999999
88.2843
88.2864
88.2891
88.3751
88.3783
88.38160000000001
88.58
88.6093
88.6199
88.6842
88.7291
88.7586
88.82080000000001
88.84780000000001
88.85080000000001
88.9913
89.2358
89.24160000000001
89.28870000000001
89.3777
89.446
89.48099999999999
89.4864
89.6589
89.66330000000001
89.72239999999999
89.8048
89.8297
90.00069999999999
90.2422
90.24850000000001
90.3074
90.3116
90.33450000000001
90.3674
90.38460000000001
90.45829999999999
90.4648
90.4973
90.5107
90.6863
90.6998
90.70569999999999
90.76730000000001
90.8021
90.836
90.87269999999999
91.0052
91.2375
91.2402
91.39960000000001
91.4191
91.4568
91.4731
91.50190000000001
91.5222
91.6726
91.6832
91.70959999999999
91.7535
91.8515
91.9011
91.9101
91.9212
91.93940000000001
91.9474
91.9529
92.0193
92.03619999999999
92.0684
92.1917
92.1983
92.2466
92.3407
92.343
92.3492
92.38979999999999
92.4135
92.4218
92.5274
92.6712
92.7841
92.7987
92.8018
92.84569999999999
92.88800000000001
92.8912
92.9072
92.9217
92.983
93.17919999999999
93.18429999999999
93.1879
93.19070000000001
93.21420000000001
93.2175
93.29300000000001
93.3074
93.32380000000001
93.3274
93.34
93.3926
93.4263
93.4688
93.6592
93.6803
93.723
93.7257
93.8129
93.8241
93.87130000000001
93.8836
93.8986
93.9114
93.9404
93.9682
94.0132
94.21339999999999
94.3134
94.408
94.48739999999999
94.76949999999999
95.1932
95.1966
95.65430000000001
95.65730000000001
96.045
96.057
96.11069999999999
96.1185
96.1741
96.1795
96.242
96.2565
96.31310000000001
96.3815
96.4033
96.52419999999999
96.5309
96.57040000000001
96.583
96.66160000000001
96.6994
96.7052
96.8822
97.0142
97.0256
97.07899999999999
97.1022
97.1358
97.1972
97.245
97.3613
97.3651
97.4276
97.5715
97.7363
97.8353
97.84780000000001
98.1247
98.2174
98.2199
98.255
98.34059999999999
98.3446
98.4221
98.61750000000001
98.62050000000001
98.8207
98.85899999999999
98.93470000000001
99.0324
99.038
99.04510000000001
99.1563
99.24679999999999
99.29349999999999
99.2985
99.49039999999999
99.6296
99.6345
99.8583
99.86069999999999
99.96040000000001
100.0072
100.0531
100.121
100.1364
100.2021
100.2052
100.2766
100.2813
100.2845
100.3368
100.3532
100.4493
100.4527
100.4943
100.5312
100.5995
100.6292
100.7285
100.7366
100.8395
100.8462
100.8891
100.921
100.9975
101.0575
101.1053
101.1408
101.1531
101.1957
101.2521
101.3161
101.3287
101.4068
101.4218
101.4357
101.4475
101.5017
101.6581
101.6621
101.7028
101.9557
101.9939
101.9971
102.0281
102.1452
102.1477
102.2268
102.2918
102.3938
102.426
102.4471
102.6134
102.6666
102.6978
102.9131
103.024
103.0292
103.0555
103.0602
103.1195
103.1248
103.165
103.2337
103.2605
103.2878
103.3171
103.4341
103.4842
103.5104
103.5287
103.5777
103.5904
103.9016
103.9047
103.9387
103.963
104.1046
104.118
104.1906
104.3648
104.3911
104.5524
104.644
104.648
104.6803
104.7335
104.7372
104.8775
104.8979
105.0129
105.0165
105.0211
105.0809
105.159
105.2047
105.2264
105.4182
105.4244
105.5142
105.5179
105.5729
105.6574
105.6607
105.7948
105.8637
105.9257
106.0835
106.1822
106.2523
106.2699
106.289
106.2991
106.3354
106.3547
106.4848
106.4962
106.539
106.571
106.6191
106.6516
106.6559
106.675
106.6871
106.7278
106.8521
106.8652
106.9051
106.9684
107.0138
107.0733
107.1095
107.2024
107.2436
107.3995
107.5085
107.511
107.5422
107.756
107.7605
107.7765
107.878
107.9807
108.0421
108.3257
108.3278
108.3324
108.3621
108.4144
108.4174
108.4648
108.4733
108.6453
108.7732
108.7761
108.7871
108.9556
109.0123
109.0723
109.0815
109.1133
109.1587
109.1711
109.1909
109.2239
109.3186
109.5495
109.6653
109.6676
109.7009
109.706
109.7571
109.8041
109.8136
109.8232
109.8549
109.8681
109.8869
109.9279
110.0654
110.1662
110.2127
110.2626
110.2696
110.2871
110.3146
110.3332
110.3464
110.3706
110.4072
110.5076
110.5155
110.5641
110.5814
110.6021
110.6509
110.6586
110.6902
110.7326
110.7815
110.9043
110.9327
110.9812
110.986
111.0627
111.067
111.0856
111.1024
111.334
111.3657
111.3955
111.4371
111.5994
111.6016
111.6356
111.6477
111.6934
111.866
111.8688
111.8808
111.9244
112.0558
112.0832
112.1506
112.1727
112.1904
112.198
112.3156
112.3717
112.3924
112.5746
112.5771
112.6111
112.6354
112.6399
112.6881
112.7323
112.7549
112.795
112.8061
112.8354
112.909
112.9534
112.9792
112.981
113.0187
113.1454
113.164
113.179
113.213
113.2532
113.333
113.3383
113.3431
113.346
113.3551
113.4032
113.4333
113.5171
113.5249
113.5352
113.5486
113.5682
113.6069
113.7194
113.7386
113.7417
113.7506
113.8719
113.8896
113.8929
113.9058
113.9316
113.9449
114.054
114.0609
114.0723
114.2311
114.3312
114.3788
114.3843
114.3939
114.4157
114.5322
114.535
114.5484
114.5757
114.6704
114.6749
114.6966
114.7127
114.8325
114.8351
114.8427
114.8528
114.8563
114.8736
114.9675
114.9711
114.9815
115.0326
115.1093
115.1129
115.1256
115.1297
115.2453
115.2587
115.2638
115.3833
115.3872
115.3916
115.3963
115.4038
115.5141
115.5166
115.5416
115.6533
115.6576
115.6645
115.6668
115.7822
115.7873
115.7912
115.7938
115.8199
115.912
115.9206
115.9232
115.9644
116.3122
116.3526
116.3576
117.0721
117.0761
117.2934
117.2961
117.3248
117.4823
117.4858
117.5323
117.5773
117.6114
118.0481
118.052
118.1225
118.5163
118.57
118.5962
118.8984
118.925
118.9643
119.0666
119.0702
119.0909
119.1251
119.1345
119.2076
119.2145
119.5335
119.54
119.5507
119.5965
119.6033
119.6305
119.6824
119.7099
119.7793
119.7898
119.7997
119.887
119.9344
119.9832
120.0168
120.0539
120.0786
120.1054
120.1105
120.2419
120.3495
120.3575
120.468
120.4823
120.4855
120.4913
120.584
120.6525
120.6618
120.7485
120.8879
120.9802
120.9934
121.0397
121.0826
121.086
121.0948
121.1548
121.1912
121.2302
121.2335
121.3236
121.477
121.5052
121.5078
121.5362
121.6674
121.7177
121.7752
121.974
121.9761
122.0276
122.0489
122.0877
122.1547
122.1777
122.2601
122.3061
122.3114
122.339
122.4081
122.48
122.4854
122.63
122.7152
122.823
122.8328
122.9718
122.9777
123.0639
123.164
123.1687
123.2666
123.3227
123.4562
123.4622
123.4672
123.6257
123.6299
123.6769
123.6811
123.6955
123.7166
123.7486
123.779
123.9657
124.113
124.1169
124.1519
124.1554
124.2225
124.266
124.3018
124.3155
124.3326
124.4707
124.4787
124.6392
124.6419
124.6855
124.7026
124.7624
124.7691
124.7835
124.964
124.9665
124.9837
125.1145
125.1195
125.1474
125.1824
125.2602
125.328
125.4595
125.4629
125.4735
125.6217
125.6245
125.6568
125.66
125.6632
125.7043
125.7324
125.7377
125.7636
125.8059
125.821
125.8628
125.9584
125.9731
125.9814
126.0899
126.1581
126.1646
126.3314
126.3584
126.8009
126.8036
127.0363
127.0952
127.2565
127.2587
127.2625
127.3967
127.4212
127.7065
127.745
127.8786
127.8845
127.9264
127.95
127.9986
128.0316
128.0369
128.1252
128.129
128.1702
128.1738
128.3082
128.3457
128.356
128.3622
128.4476
128.4916
128.5567
128.6716
128.7598
128.7733
129.012
129.0831
129.0861
129.2747
129.3161
129.3372
129.4173
129.6665
129.6695
129.79
129.8178
129.9259
129.9298
129.9385
129.941
130.1149
130.3568
130.4404
130.5047
130.5081
130.9133
130.9168
131.0944
131.097
131.1642
131.3054
131.309
131.3291
131.3524
131.4992
131.6031
131.9404
131.9449
131.9675
131.9743
132.032
132.0343
132.1163
132.1946
132.1973
132.2287
132.3018
132.3909
132.5847
132.5919
132.6332
132.6964
132.7725
132.8072
132.8333
132.858
132.8677
132.9138
132.967
133.1662
133.193
133.237
133.3731
133.4296
133.4376
133.4913
133.575
133.5819
133.6488
133.8405
133.8464
133.8789
133.8831
133.8952
134.1112
134.1525
134.1672
134.3341
134.4817
134.484
134.4991
134.5463
134.622
134.7364
134.817
134.8193
134.8325
134.8387
134.8578
134.8796
134.9463
134.996
135.0286
135.061
135.1926
135.2136
135.2688
135.3254
135.4184
135.4675
135.4752
135.4922
135.5889
135.7931
135.7975
135.9592
135.9631
136.0198
136.1525
136.1567
136.2599
136.2828
136.3451
136.3573
136.4804
136.5406
136.6483
136.8275
136.8992
136.9524
137.0562
137.0696
137.2028
137.2064
137.2137
137.2881
137.2921
137.4304
137.6229
137.925
138.019
138.0219
138.0424
138.0455
138.0513
138.1389
138.147
138.1744
138.1767
138.2251
138.2482
138.3449
138.3478
138.3913
138.395
138.6055
138.6473
138.7071
138.7127
138.8017
138.8557
138.9583
138.9796
139.047
139.0514
139.0684
139.0745
139.0896
139.1071
139.137
139.1932
139.2442
139.2492
139.2935
139.3647
139.5083
139.5532
139.556
139.6646
139.8837
139.9909
140.0016
140.0443
140.056
140.0856
140.0951
140.1339
140.2615
140.3213
140.3237
140.3518
140.4599
140.4684
140.5238
140.6253
140.7959
140.8459
140.856
140.8586
140.9243
140.9276
140.9535
140.9583
140.9948
141.0149
141.0484
141.0647
141.1105
141.2588
141.442
141.4898
141.4929
141.4956
141.572
141.5778
141.5807
141.5975
141.6022
141.6182
141.6249
141.6376
141.6722
141.6839
141.7774
141.9194
141.9797
141.9831
142.0547
142.0946
142.1141
142.1173
142.1397
142.1437
142.1466
142.2031
142.39
142.4373
142.444
142.4653
142.5189
142.5234
142.5707
142.6169
142.6591
142.7242
142.7783
142.8135
142.8261
142.8576
142.8706
142.9085
142.9353
143.1473
143.1539
143.1932
143.2081
143.2497
143.2803
143.3704
143.4566
143.4777
143.5106
143.6573
143.6592
143.7186
143.7509
143.7543
143.9265
143.9611
143.9786
144.0364
144.1384
144.1626
144.1823
144.2186
144.2328
144.3651
144.3723
144.3784
144.4102
144.4181
144.4553
144.4782
144.6313
144.6492
144.6817
144.7381
144.774
144.7789
144.785
144.8318
145.0275
145.0657
145.1651
145.17
145.1802
145.1878
145.2073
145.2492
145.3505
145.354
145.3558
145.3899
145.3977
145.5623
145.5748
145.5796
145.7323
145.7359
145.756
145.8938
145.9154
146.0208
146.0594
146.0621
146.0668
146.0886
146.0978
146.2139
146.2344
146.3554
146.3619
146.3811
146.5188
146.538
146.6703
146.9437
146.9471
146.9572
146.9598
147.0882
147.2248
147.2263
147.229
147.2477
147.2564
147.3584
147.3623
147.3737
147.4976
147.5106
147.6072
147.6112
147.6235
147.7381
147.7462
147.902
147.9994
148.0089
148.0269
148.2212
148.2903
148.2985
148.3739
148.3827
148.4435
148.6473
148.6711
148.6761
148.7836
149.1716
149.1738
149.2499
149.2533
149.4541
149.6167
149.6194
149.9841
150.0488
150.4488
150.4509
150.5499
150.6489
150.6516
150.8247
150.8921
150.8972
151.1039
151.1063
151.3731
151.3856
151.3888
151.414
151.4451
151.488
151.4907
151.5161
151.5986
151.846
151.849
151.8639
151.8775
151.9136
151.955
152.0323
152.1279
152.2886
152.3306
152.3737
152.4431
152.4808
152.4937
152.6023
152.6491
152.7
152.7997
152.8028
152.8398
152.974
152.9775
153.0079
153.0307
153.0945
153.14
153.2011
153.3041
153.3089
153.3449
153.4433
153.4784
153.486
153.5738
153.6292
153.6332
153.8214
153.824
153.9477
153.9531
153.9649
153.9875
153.9903
154.0007
154.0064
154.0739
154.0914
154.1065
154.1219
154.1537
154.3113
154.4848
154.4922
154.4967
154.5952
154.6025
154.6129
154.6485
154.6537
154.8316
154.9661
154.9804
154.9972
155.0149
155.0504
155.1282
155.3193
155.3704
155.4608
155.4839
155.4998
155.541
155.6181
155.6233
155.6556
155.8187
155.8214
155.8294
156.0359
156.0571
156.0868
156.1585
156.169
156.3019
156.3259
156.3374
156.3815
156.4157
156.4356
156.4945
156.4979
156.5083
156.5452
156.5522
156.59
156.5947
156.801
156.9661
156.99
156.9975
156.9986
157.0182
157.0247
157.0441
157.0928
157.1049
157.1437
157.1979
157.3726
157.4748
157.4953
157.5516
157.5592
157.5982
157.6317
157.6437
157.6813
157.8087
157.8138
158.0127
158.0655
158.0969
158.6555
158.6588
159.2736
159.3552
159.3586
159.7508
159.7552
159.7752
159.8441
159.8982
159.927
160.0376
160.1209
160.1491
160.1553
160.2462
160.34
160.4132
160.4835
160.4875
160.5586
160.5625
160.6491
160.7642
160.7979
160.8085
160.8489
160.8525
160.951
161.1976
161.2041
161.4574
161.4969
161.4995
161.6522
161.7462
162.0751
162.196
162.2722
162.2748
162.3026
162.411
162.6445
162.6468
162.8213
162.8245
162.8582
162.8913
163.0304
163.0948
163.0979
163.2217
163.2927
163.3001
163.3639
163.4117
163.5556
163.5832
163.7035
163.7415
163.804
163.8133
163.8329
163.8403
163.893
163.8975
163.8991
163.9204
163.9257
163.9284
163.9345
163.95
163.9578
163.9642
163.9937
163.9985
164.0929
164.0968
164.1085
164.1164
164.144
164.1735
164.1887
164.1987
164.2586
164.2774
164.3063
164.3125
164.3175
164.3319
164.3384
164.3792
164.4618
164.5142
164.5954
164.6703
164.6936
164.7394
164.7535
164.7705
164.8547
164.8585
164.9087
165.0925
165.1276
165.1315
165.1912
165.2002
165.2129
165.2542
165.2582
165.391
165.3942
165.4161
165.4505
165.7506
165.7547
165.7983
165.8866
165.8893
166.0152
166.019
166.1252
166.179
166.185
166.2304
166.3832
166.5679
166.577
166.6917
166.7202
166.7314
166.7589
166.7727
166.776
166.7998
166.8367
166.8504
166.8838
166.9771
167.0004
167.0585
167.088
167.1568
167.1717
167.1808
167.2414
167.3024
167.3764
167.3808
167.4519
167.5803
167.5829
167.6079
167.7521
167.8511
167.9916
168.0028
168.1614
168.421
168.4244
168.5916
168.595
168.6006
168.7573
168.76
168.9107
168.9132
168.9754
169.0919
169.2665
169.3631
169.3689
169.4481
169.6769
169.7125
169.8131
169.8151
169.8979
169.9015
169.9099
170.0156
170.0196
170.0533
170.0617
170.1702
170.2111
170.2151
170.2726
170.3426
170.3451
170.3736
170.4244
170.4667
170.5311
170.5863
170.6174
170.7086
170.7117
170.7268
171.3211
171.6283
171.6309
171.8563
171.9121
171.9257
171.986
172.1191
172.2745
172.3313
172.335
172.4147
172.685
172.7676
172.7789
172.8033
172.8269
172.8573
172.881
172.9313
172.9371
172.9595
173.3251
173.3357
173.3379
173.3909
173.3941
173.4451
173.4554
173.499
173.5034
173.5417
173.558
173.7267
173.7341
173.8073
173.8884
173.8917
173.9433
173.9484
173.9535
173.9852
174.0537
174.1124
174.2565
174.275
174.2924
174.3181
174.3395
174.3771
174.389
174.4223
174.6457
174.6554
174.6585
174.7032
174.7148
174.7371
174.8028
174.8964
174.901
174.9405
174.9416
174.9765
175.102
175.2226
175.2518
175.2841
175.3065
175.3225
175.3549
175.4831
175.4887
175.5011
175.5226
175.5375
175.5648
175.574
175.5908
175.7455
175.755
175.7962
175.8316
175.8396
175.9753
176.0125
176.0377
176.0585
176.0616
176.0682
176.1061
176.2134
176.2224
176.3031
176.462
176.5301
176.5755
176.638
176.6462
176.6554
176.659
176.6937
176.7125
176.7662
176.842
176.8566
176.863
176.8767
176.892
177.0106
177.0157
177.0277
177.0311
177.0594
177.0707
177.1011
177.2157
177.228
177.2551
177.2833
177.3716
177.3875
177.4116
177.4203
177.4549
177.501
177.5405
177.5521
177.5549
177.5652
177.6186
177.7176
177.7262
177.7292
177.74
177.7836
177.8733
177.8805
177.8837
177.9083
178.0373
178.0563
178.0671
178.1983
178.202
178.2054
178.2109
178.2543
178.2973
178.3395
178.3571
178.3637
178.3748
178.4908
178.5023
178.6349
178.6403
178.6502
178.6585
178.6711
178.7824
179.0683
179.0852
179.1869
179.2107
179.334
179.3421
179.4455
179.4479
179.4518
179.4639
179.4661
179.5359
179.5446
179.5846
179.5981
179.8184
180.0041
180.007
180.0681
180.3348
180.3371
180.3601
180.7163
180.7204
181.2353
181.2378
181.3943
181.3961
181.6688
181.6729
181.6944
182.2932
182.5051
182.5106
182.704
182.7206
182.7243
182.7866
183.1729
183.2031
183.2713
183.2749
183.3609
183.5854
183.7114
183.7142
183.802
183.8056
183.8091
184.0423
184.265
184.2675
184.3401
184.445
184.4766
184.6597
184.6961
184.8233
184.8291
184.966
184.971
184.9846
185.1772
185.2273
185.2393
185.251
185.3066
185.3152
185.3476
185.4247
185.4299
185.4618
185.4897
185.64
185.6433
185.6481
185.8023
185.8043
185.863
185.8857
185.8929
185.9199
185.9436
186.1577
186.16
186.1864
186.2138
186.2203
186.3155
186.3513
186.3716
186.395
186.4303
186.4554
186.6451
186.655
186.6634
186.7931
186.7953
186.8363
186.888
186.914
186.9187
186.9284
186.9625
187.0022
187.1662
187.3372
187.3818
187.4004
187.433
187.436
187.4685
187.6531
187.6753
187.7841
187.7871
187.8397
187.9553
187.962
187.9853
188.0335
188.1717
188.2374
188.3383
188.3447
188.3766
188.3943
188.3975
188.4136
188.4409
188.4648
188.5197
188.6947
188.7939
188.7963
188.8189
188.8801
188.8897
188.9097
188.9272
188.9433
189.0118
189.1482
189.2676
189.2705
189.3177
189.3242
189.3558
189.3779
189.3833
189.4312
189.4796
189.494
189.6748
189.6783
189.947
190.0384
190.0409
190.3209
190.3278
190.3849
190.5801
190.8693
191.0344
191.0444
191.079
191.1103
191.578
191.5942
191.5996
191.6426
191.7447
191.7581
191.813
191.8173
191.8448
191.863
191.9861
191.9911
191.9976
192.0338
192.1627
192.1724
192.1968
192.2028
192.2929
192.3536
192.4552
192.47
192.5049
192.5456
192.6156
192.638
192.6716
192.6962
192.8058
192.8255
192.911
193.0026
193.0291
193.038
193.227
193.2294
193.2631
193.275
193.3344
193.3825
193.4873
193.4897
193.5861
193.8813
194.0402
194.0951
194.2465
194.2843
194.2886
194.4058
194.6173
194.7101
194.8314
194.8752
194.9512
195.0763
195.1495
195.2335
195.246
195.4354
195.6077
195.6821
195.7099
195.7519
195.8582
195.922
196.0232
196.0309
196.0692
196.1575
196.216
196.2191
196.3036
196.3498
196.3702
196.4273
196.5324
196.5943
196.6381
196.6661
196.786
196.7898
196.8523
196.9214
197.2276
197.2566
197.259
197.2717
197.3368
197.4438
197.4496
197.5098
197.5129
197.5549
197.5938
197.6499
197.7468
197.7509
197.8181
198.0562
198.0668
198.0718
198.2936
198.4066
198.4119
198.5334
198.5561
198.5621
198.584
198.5946
198.6253
198.6502
198.658
198.6971
198.7007
198.7643
198.8634
198.9091
198.9828
199.0284
199.0938
199.1213
199.18
199.2617
199.2647
199.3045
199.5138
199.5462
199.5896
199.6087
199.6565
199.7847
199.7881
200.0911
200.0947
200.1617
200.4265
200.4376
200.6155
200.618
200.6457
200.7307
200.7915
200.827
201.1544
201.2463
201.2639
201.2662
201.4209
201.4232
201.5146
201.5895
201.5917
201.5969
201.7212
201.7606
201.7893
201.8007
201.9322
201.9742
202.0445
202.0742
202.0974
202.1366
202.2045
202.2299
202.2925
202.311
202.3308
202.4939
202.6236
202.6374
202.6397
202.7656
202.8234
202.8281
202.8797
202.8844
203.0698
203.0725
203.4474
203.4499
203.4887
203.4941
203.6863
203.8161
203.8215
203.8678
203.8894
203.9113
203.9275
203.9606
203.9717
204.0165
204.0411
204.0764
204.1713
204.1767
204.1813
204.2618
204.2782
204.3076
204.4689
204.4753
204.4907
204.5142
204.5639
204.5871
204.6599
204.6949
204.7537
204.7821
204.9473
205.0971
205.1005
205.1159
205.1705
205.1803
205.2414
205.2774
205.2819
205.3052
205.3099
205.3485
205.3706
205.3844
205.3886
205.5564
205.5872
205.6725
205.7076
205.7208
205.7561
205.7613
205.8027
205.8225
205.8524
205.8716
206.0585
206.1002
206.1099
206.196
206.2285
206.25
206.2666
206.2749
206.4608
206.4637
206.4844
206.4982
206.5501
206.5661
206.5853
206.6662
206.7632
206.7984
206.8203
206.8561
206.8755
206.8828
206.9508
207.0334
207.1072
207.1253
207.131
207.1434
207.1697
207.1769
207.1873
207.313
207.3328
207.3402
207.3723
207.4315
207.4409
207.4679
207.5558
207.6085
207.6119
207.6586
207.8161
207.8853
207.8893
207.8931
207.8984
207.9255
207.9314
208.0412
208.0534
208.0637
208.0807
208.1204
208.1294
208.2547
208.3004
208.3054
208.3071
208.3478
208.3993
208.4033
208.4485
208.4513
208.5327
208.6732
208.6789
208.6831
208.6998
208.7267
208.7941
208.8387
208.854
208.8601
208.88
208.9059
209.0367
209.0397
209.124
209.2468
209.3771
209.3804
209.3853
209.4041
209.4183
209.5454
209.5664
209.5693
209.5801
209.5894
209.6135
209.7609
209.7805
209.8633
209.8721
209.89
209.8931
209.9098
209.9266
210.0079
210.0431
210.0806
210.1841
210.1904
210.323
210.3287
210.3321
210.3451
210.4571
210.4936
210.6045
210.6095
210.612
210.6178
210.6262
210.657
210.7361
210.7564
210.7632
210.7671
210.7725
210.8022
210.8507
210.881
210.8984
211.0171
211.0215
211.0257
211.0428
211.1618
211.1667
211.1841
211.2795
211.285
211.2874
211.291
211.2992
211.3092
211.3687
211.4104
211.4232
211.4261
211.4457
211.5705
211.579
211.5895
211.6133
211.8083
211.8309
211.8405
211.9996
212.232
212.2348
212.4869
213.2571
213.2596
213.3559
213.3583
213.662
214.0239
214.031
214.0579
214.0605
214.1539
214.2314
214.4675
214.4724
214.5116
214.9157
214.9183
214.9861
215.0148
215.0447
215.0988
215.1928
215.5869
215.6016
215.6062
215.6709
215.8112
215.8138
215.8491
215.9814
216.0142
216.0627
216.1474
216.1858
216.3277
216.5047
216.5071
216.51
216.532
216.5869
216.6101
216.6766
216.7247
216.7762
216.8175
216.987
216.9908
217.008
217.0256
217.0354
217.0623
217.1201
217.1259
217.1546
217.1765
217.2534
217.2601
217.3316
217.4626
217.5188
217.6144
217.6495
217.6506
217.6716
217.6979
217.723
217.7863
217.803
217.8276
218.0105
218.0239
218.156
218.1583
218.2302
218.2362
218.2918
218.47
218.5162
218.7323
218.735
218.7587
218.7644
218.7896
218.8385
219.132
219.135
219.2225
219.2745
219.3664
219.4673
219.4889
219.5956
219.6171
219.6882
219.7021
219.7222
219.7477
219.7628
219.9304
219.962
219.9653
220.0824
220.0847
220.0888
220.1406
220.1844
220.1925
220.207
220.2415
220.291
220.3289
220.3354
220.5349
220.6236
220.6564
220.6597
220.7072
220.7136
220.761
220.765
220.7882
220.8104
220.856
220.8736
221.074
221.1577
221.1599
221.1642
221.1975
221.2003
221.229
221.2519
221.2882
221.3314
221.4331
221.4598
221.4964
221.5249
221.5895
221.5979
221.6062
221.6122
221.7606
221.8625
221.9197
221.9249
221.9295
222.1053
222.3217
222.4054
222.5822
223.213
223.2205
223.3829
223.3856
223.425
223.4274
223.4526
223.489
223.5686
223.5955
223.6017
223.7028
223.7839
223.9273
223.9971
224.0097
224.0515
224.1407
224.1672
224.2048
224.2283
224.4036
224.5557
224.5598
224.659
224.6658
224.8758
224.969
224.9896
225.0346
225.0936
225.1955
225.3725
225.3751
225.4137
225.418
225.4293
225.5969
225.7539
225.7595
225.8867
225.9547
226.0237
226.0349
226.2454
226.2485
226.3932
226.4041
226.4987
226.5599
226.5705
226.6892
226.9205
226.9989
227.0179
227.0606
227.1585
227.1695
227.3586
227.5085
227.5675
227.6068
227.6346
227.6672
227.6909
227.7094
227.734
227.7923
227.7955
227.9362
227.9778
228.0278
228.0956
228.2488
228.2549
228.3399
228.497
228.5068
228.6166
228.7083
228.7472
228.8403
228.8854
228.9144
229.4435
229.4452
229.5918
229.6425
229.6738
229.6784
229.7815
229.7867
229.8648
229.8717
229.8749
230.1555
230.16
230.315
230.3276
230.3831
230.3862
230.4009
230.4139
230.4669
230.4764
230.4957
230.5132
230.552
230.6236
230.6621
230.6806
230.7077
230.737
230.7482
230.7889
230.841
230.8478
230.9102
230.926
230.9949
231.0861
231.1405
231.2045
231.274
231.2838
231.3109
231.3619
231.4454
231.5713
231.6908
231.715
231.7921
231.886
231.9772
232.1773
232.4292
232.5729
232.5796
232.7428
232.7454
232.9329
232.9744
232.9773
233.1054
233.2291
233.2316
233.3438
233.4342
233.4707
233.5002
233.5088
233.5415
233.5985
233.6039
233.6075
233.6644
233.6736
233.7281
233.7312
233.765
233.8284
233.8553
233.9173
233.9735
233.9771
234.1432
234.2689
234.5702
234.5737
234.6689
234.6891
234.7208
234.7776
234.9746
235.0594
235.0737
235.2377
235.2436
235.4225
235.4259
235.5897
235.6756
235.6842
235.8859
235.9104
235.9761
235.9827
236.3719
236.3765
236.3787
236.3949
236.3994
236.4214
236.425
236.4834
236.4867
236.5289
236.6045
236.7764
236.872
236.8742
236.9109
237.034
237.0464
237.0744
237.0776
237.0924
237.1019
237.122
237.1275
237.1701
237.1746
237.1846
237.2039
237.3899
237.4231
237.4267
237.5309
237.533
237.5741
237.6111
237.6224
237.6504
237.6536
237.6807
237.6945
237.7246
237.7845
237.7857
237.8526
237.8589
237.8712
237.8787
237.9297
238.0142
238.0292
238.0546
238.0655
238.0812
238.2032
238.2316
238.2433
238.3232
238.4045
238.4377
238.5802
238.5903
238.6045
238.6304
238.6624
238.665
238.6916
238.6962
238.751
238.878
238.8878
238.9373
238.944
238.9475
238.982
238.9887
239.0197
239.139
239.1801
239.1884
239.2155
239.2259
239.2464
239.257
239.3363
239.4385
239.4453
239.4725
239.4809
239.5121
239.5176
239.656
239.6602
239.6692
239.6807
239.6977
239.7096
239.7304
239.7413
239.8505
239.8555
239.8617
239.8999
239.9047
239.9355
239.9429
240.02
240.0952
240.0991
240.1095
240.1394
240.1507
240.1552
240.1632
240.1686
240.2759
240.2825
240.2957
240.324
240.3464
240.3965
240.4902
240.5267
240.5321
240.5446
240.5762
240.6723
240.6742
240.7134
240.7403
240.7545
240.8707
240.8999
241.0339
241.0433
241.0488
241.0742
241.0787
241.1258
241.1649
241.223
241.2261
241.2792
241.3202
241.3946
241.3959
241.3985
241.4236
241.5492
241.5515
241.554
241.5576
241.5604
241.624
241.7036
241.7121
241.7159
241.7545
241.8534
241.8574
241.8588
241.8616
241.8686
241.8758
241.8814
242.006
242.019
242.0223
242.0317
242.1587
242.1612
242.1656
242.1686
242.1749
242.2024
242.3055
242.3086
242.3115
242.3226
242.3258
242.3974
242.4618
242.4707
242.593
242.5993
242.6757
242.7438
242.8533
242.8616
242.8723
242.973
242.9769
242.9802
242.9834
242.9933
243.0002
243.1183
243.1252
243.133
243.245
243.2511
243.2547
243.3826
243.397
243.4679
243.4987
243.549
243.5527
243.5637
243.7232
243.7273
243.7289
244.0331
244.0949
244.4402
244.4432
244.5385
244.986
245.3575
245.3599
245.7831
245.7849
245.7879
246.0843
246.0863
246.2693
246.4707
246.6538
246.6647
246.7581
246.8051
246.9128
246.9342
246.9445
246.9896
247.0261
247.136
247.3221
247.3298
247.3344
247.3708
247.442
247.456
247.4596
247.5022
247.8146
247.8583
247.9098
247.9487
248.1746
248.2333
248.2416
248.3225
248.3286
248.3649
248.5091
248.5137
248.6033
248.6077
248.6599
248.8091
248.8114
248.9028
248.9751
248.9945
249.0084
249.0157
249.3115
249.3185
249.3254
249.3565
249.4268
249.4405
249.5919
249.7807
249.7858
249.8158
249.8214
249.8651
249.994
250.0867
250.0902
250.153
250.1707
250.2101
250.3014
250.3082
250.319
250.5441
250.5482
250.5703
250.5755
250.6142
250.6356
250.8026
250.8134
250.9451
250.9486
250.9539
250.9721
250.9842
251.0552
251.0578
251.1323
251.1738
251.3346
251.346
251.3656
251.3678
251.4301
251.4602
251.478
251.4827
251.5302
251.5564
251.5612
251.5799
251.5857
251.6095
251.6196
251.6561
251.8059
251.8516
251.8945
251.9815
251.9842
252.0348
252.0491
252.1393
252.1466
252.1581
252.2566
252.3268
252.4592
252.4839
252.5057
252.5406
252.5638
252.5763
252.6182
252.6386
252.6782
252.9123
252.9147
252.9616
252.989
253.0136
253.0569
253.0863
253.1163
253.1488
253.2902
253.294
253.2994
253.352
253.4458
253.4484
253.4776
253.5154
253.5238
253.8435
253.8621
254.3397
254.5864
254.5885
254.6844
254.687
254.6893
254.7944
255.0491
255.0514
255.1777
255.1822
255.2341
255.237
255.2937
255.3297
255.3444
255.3516
255.3756
255.4428
255.514
255.5295
255.5602
255.6128
255.8683
255.874
256.0647
256.0672
256.1065
256.1092
256.1285
256.2714
256.4848
256.496
256.5906
256.5931
256.9025
256.9826
257.1294
257.1377
257.3167
257.3427
257.3474
257.3866
257.4261
257.4535
257.5298
257.5404
257.7118
257.9814
257.984
258.0784
258.0805
258.0831
258.153
258.1644
258.2432
258.2465
258.3843
258.6244
258.6916
258.9084
258.9113
259.2607
259.3037
259.3402
259.3439
259.3911
259.4032
259.5001
259.5252
259.5835
259.6036
259.6711
259.6743
259.7692
259.8271
259.8442
259.8769
259.915
259.9292
259.9541
259.9831
260.0253
260.0862
260.3633
260.3685
260.5625
260.6251
260.6282
260.6897
260.7046
260.987
260.9927
261.2091
261.2118
261.2347
261.2381
261.3805
261.4491
261.5089
261.5128
261.5815
261.6443
261.6797
261.7503
261.8181
261.9618
262.0703
262.0767
262.1247
262.1809
262.2128
262.2357
262.2734
262.3171
262.3389
262.3725
262.3938
262.5288
262.6205
262.6673
262.802
262.8402
262.9454
262.9605
263.0788
263.2663
263.3652
263.4754
263.4815
263.5859
263.8155
263.8804
264.0215
264.2055
264.209
264.2627
264.2699
264.3209
264.4145
264.4417
264.628
264.7033
264.9836
264.9927
264.9962
265.0698
265.0767
265.2462
265.3044
265.3064
265.4678
265.4698
265.473
265.527
265.5794
265.634
265.6701
265.6729
265.7066
265.8162
265.8671
265.9691
265.9746
266.0215
266.0727
266.0906
266.1327
266.1395
266.2267
266.2296
266.2507
266.5113
266.6294
266.632
266.6353
266.6415
266.922
266.9475
266.9962
267.0739
267.0762
267.107
267.3205
267.3554
267.3592
267.3611
267.3841
267.4318
267.5182
267.5541
267.6143
267.6373
267.6454
267.6506
267.7107
267.7307
267.7746
267.8129
267.9277
267.9362
267.9481
268.0547
268.0618
268.1168
268.1197
268.1531
268.2326
268.2459
268.2868
268.352
268.4239
268.6069
268.7496
268.7528
268.8043
268.8065
268.8215
268.8365
268.9166
268.9216
268.9259
268.9541
268.984
269.0781
269.2246
269.2408
269.2443
269.2475
269.305
269.3318
269.4235
269.4289
269.4318
269.4458
269.487
269.5062
269.5184
269.5404
269.5511
269.6482
269.6717
269.7769
269.7857
269.8213
269.8414
269.8474
269.8658
269.8759
269.9159
270.0797
270.1561
270.1727
270.1772
270.2038
270.2092
270.2367
270.2485
270.4196
270.4955
270.51
270.539
270.5593
270.5619
270.6701
270.6739
270.6781
270.7704
270.7732
270.802
270.8222
270.8388
270.9619
270.9714
271.0629
271.0848
271.2539
271.2898
271.2984
271.3316
271.5256
271.528
271.5364
271.555
271.5645
271.5995
271.6757
271.6811
271.7483
271.7511
271.7925
271.8103
271.9003
271.9045
271.9082
271.9154
271.9291
272.0042
272.1043
272.1238
272.1321
272.1765
272.1788
272.219
272.2659
272.3005
272.3049
272.3175
272.3231
272.3538
272.3672
272.4879
272.4965
272.5063
272.5361
272.5433
272.5875
272.6841
272.6894
272.7056
272.7095
272.7199
272.7223
272.7628
272.7906
272.8734
272.8823
272.8918
272.9096
272.9461
272.9915
273.0237
273.0269
273.0463
273.0897
273.0991
273.2107
273.2141
273.2253
273.2438
273.2513
273.2881
273.3747
273.3811
273.3969
273.448
273.4945
273.5381
273.5412
273.5775
273.6875
273.6963
273.7001
273.7189
273.8404
273.8438
273.8475
273.8595
273.871
273.8916
273.9425
273.9906
273.9983
274.14
274.1426
274.1484
274.1509
274.1667
274.2729
274.2768
274.2808
274.2858
274.2898
274.4607
274.5522
274.5608
274.5855
274.6894
274.6939
274.7051
274.8145
274.8173
274.8274
274.8286
274.8357
274.9134
274.9385
274.9508
274.9548
274.9611
274.9697
275.0828
275.0861
275.0894
275.0979
275.2224
275.2486
275.2938
275.5845
275.587
275.9347
275.9369
275.9447
275.99
275.9934
276.1668
276.2217
276.2333
276.771
276.773
276.9603
276.963
276.9755
277.1739
277.2518
277.2546
277.3214
277.3363
277.5492
277.5514
277.7325
277.7406
277.8463
278.1059
278.1215
278.2149
278.225
278.2549
278.4916
278.7711
278.773
278.8245
279.1278
279.1504
279.1522
279.1579
279.2389
279.2541
279.2778
279.3061
279.3372
279.4565
279.4597
279.5789
279.5839
279.5868
279.6588
279.6996
279.8328
279.9005
280.0256
280.1615
280.1642
280.175
280.1855
280.206
280.2351
280.3758
280.3843
280.5077
280.6732
280.6763
280.8536
280.8912
280.8944
280.925
280.9289
280.943
280.9559
280.9784
281.1776
281.2584
281.3176
281.3232
281.3249
281.3513
281.3645
281.3696
281.4729
281.4785
281.5135
281.5183
281.6477
281.7495
281.844
281.9555
282.0086
282.0185
282.1505
282.178
282.1977
282.3664
282.3695
282.4025
282.4463
282.4648
282.7613
282.7804
282.7825
282.8844
282.8886
282.9314
282.9669
283.0046
283.1315
283.1346
283.1464
283.2549
283.2671
283.298
283.3041
283.3249
283.3328
283.3729
283.5
283.5579
283.6586
283.7119
283.7141
283.7843
283.796
283.8745
283.8965
283.9099
283.9361
283.9409
284.0125
284.237
284.2911
284.3241
284.3303
284.3343
284.3804
284.431
284.4405
284.4464
284.4787
284.6198
284.6235
284.6912
284.7794
284.8749
284.9098
284.9388
284.9495
284.9856
284.9915
285.1252
285.1283
285.1477
285.3764
285.4244
285.4281
285.4803
285.5011
285.5579
285.9175
286.1031
286.3765
286.6497
286.6691
286.7629
286.7676
286.9582
286.9612
287.0585
287.0608
287.0823
287.1085
287.1829
287.1855
287.2128
287.2292
287.3078
287.5004
287.5316
287.6051
287.6096
287.7449
287.7521
287.7756
287.7831
287.8068
287.8192
287.8796
288.0247
288.0619
288.161
288.1639
288.2725
288.4717
288.515
288.5208
288.5896
288.7813
288.785
288.8056
288.8104
288.8334
288.8465
289.094
289.1397
289.1422
289.367
289.3697
289.3969
289.6805
289.7767
289.8267
289.8385
290.3468
290.4115
290.4672
290.4958
290.4989
290.6178
290.6198
290.6254
290.8226
290.825
290.882
290.9367
291.0381
291.103
291.1047
291.1152
291.1299
291.1822
291.2293
291.2516
291.2712
291.2908
291.2971
291.3244
291.3344
291.3374
291.3861
291.3885
291.4682
291.4953
291.5078
291.5128
291.5809
291.5854
291.6269
291.6674
291.8522
292.1282
292.1857
292.3031
292.3664
292.4771
292.5203
292.6209
292.6928
292.7221
292.8251
292.8288
292.9316
292.959
293.1418
293.1664
293.1696
293.2949
293.3006
293.3624
293.4593
293.4671
293.5443
293.5564
293.9216
293.9242
294.0143
294.024
294.0276
294.0405
294.0618
294.0646
294.0703
294.1049
294.1525
294.158
294.1907
294.2419
294.2458
294.3185
294.3467
294.3586
294.3949
294.3984
294.4422
294.5306
294.5821
294.595
294.6512
294.7834
294.8089
294.812
294.8667
294.9568
294.9793
294.9843
295.0106
295.0748
295.0831
295.245
295.3864
295.3893
295.459
295.5218
295.5715
295.5875
295.592
295.7058
295.8007
295.8095
295.8198
295.8375
295.9831
295.9924
296.0127
296.2042
296.2114
296.3554
296.4269
296.4559
296.5507
296.684
296.6866
296.7749
296.9662
296.9747
297.0092
297.0663
297.1586
297.1813
297.184
297.1916
297.2586
297.2693
297.2714
297.2746
297.2925
297.3134
297.3955
297.3973
297.4502
297.4532
297.4975
297.503
297.5884
297.6022
297.6128
297.624
297.6409
297.6614
297.6762
297.6889
297.7415
297.8242
297.8446
298.1194
298.122
298.1494
298.2495
298.258
298.2844
298.4167
298.79
298.8624
298.9936
298.9971
299.0012
299.2804
299.2828
299.5765
299.5786
299.6003
299.7583
299.7973
299.8004
299.9897
300.0528
300.0557
300.081
300.0957
300.1037
300.3013
300.3756
300.4403
300.6106
300.6169
300.6717
300.674
300.7052
300.842
300.9284
301.0651
301.1318
301.1772
301.2021
301.2159
301.2204
301.2309
301.2725
301.2763
301.2846
301.2897
301.3075
301.3313
301.366
301.4499
301.5431
301.5781
301.5837
301.6449
301.6746
301.6865
301.7005
301.7479
301.7882
301.8757
301.9956
302.0177
302.0324
302.0394
302.0671
302.1064
302.2518
302.2983
302.3146
302.3248
302.4027
302.5597
302.6153
302.6271
302.6738
302.8116
302.8221
302.828
302.8674
302.879
303.1024
303.113
303.1422
303.1574
303.3464
303.3491
303.3578
303.3797
303.3907
303.403
303.5365
303.5682
303.5715
303.6912
303.7618
303.7908
303.8007
303.8223
303.84
304.0089
304.0369
304.1658
304.1788
304.2226
304.3566
304.3876
304.4066
304.4343
304.533
304.5379
304.5456
304.5506
304.5764
304.5965
304.7179
304.7591
304.7859
304.8742
304.8856
304.8891
305.0672
305.0699
305.097
305.2113
305.2213
305.2245
305.378
305.3843
305.3871
305.3979
305.4303
305.5166
305.5341
305.5412
305.5496
305.6773
305.6862
305.6903
305.7178
305.8114
305.8192
305.8313
305.9724
305.9864
305.9904
306.0146
306.1049
306.1089
306.248
306.3861
306.3881
306.3912
306.4056
306.5187
306.5299
306.5332
306.5493
306.6854
306.7467
306.7686
306.7721
306.7784
306.785
306.7862
306.7909
306.7975
306.8951
306.9042
306.9161
306.9179
307.3057
307.3093
307.46
307.7601
307.7661
308.0388
308.0415
308.173
308.3612
308.3641
308.368
308.4973
308.9856
309.0116
309.014
309.1905
309.2879
309.2905
309.3191
309.6035
309.609
309.6608
310.0094
310.2537
310.2607
310.3238
310.3263
310.3501
310.3536
310.5204
310.5376
310.5437
310.5934
310.6074
310.6949
310.7454
310.7927
310.8705
311.0561
311.0583
311.1125
311.117
311.4696
311.5551
311.6729
311.6784
311.7008
311.8372
312.1516
312.2549
312.3716
312.3892
312.4848
312.4883
312.4962
312.5756
312.6137
312.6157
312.6357
312.6646
312.9931
313.0426
313.078
313.1715
313.1979
313.2618
313.2742
313.3882
313.5435
313.7011
313.7368
313.7445
313.7776
313.7869
313.8653
313.9063
313.9646
314.2518
314.259
314.591
314.6609
314.6633
314.7101
314.7496
314.7914
314.7979
314.8413
314.9618
314.9982
315.0035
315.0471
315.1223
315.1318
315.2018
315.2299
315.2519
315.3086
315.3605
315.3644
315.4183
315.5454
315.6008
315.6657
315.6954
315.7234
315.7627
315.772
315.7892
315.82
316.0426
316.0605
316.0656
316.1161
316.123
316.1498
316.1807
316.2162
316.2404
316.2531
316.2773
316.2998
316.476
316.6394
316.7687
316.7948
316.8085
316.8527
317.1176
317.1239
317.1966
317.2267
317.2291
317.2479
317.2554
317.6018
317.605
317.7046
317.7069
317.7884
317.8057
318.2119
318.2156
318.281
318.3207
318.3232
318.327
318.5702
318.5769
318.7393
318.9257
318.9281
318.9499
319.0445
319.0473
319.1252
319.1791
319.1852
319.2245
319.2395
319.2947
319.3678
319.4653
319.4701
319.5503
319.7042
319.8159
320.038
320.055
320.1407
320.1563
320.1826
320.3588
320.3719
320.4621
320.6006
320.7098
320.7141
320.7933
320.8651
321.1757
321.2966
321.3224
321.3618
321.5145
321.5173
321.6751
321.7943
321.8179
322.0899
322.155
322.1739
322.2829
322.2994
322.5911
322.6976
322.7191
322.9154
322.9908
323.1081
323.1274
323.1783
323.2204
323.2335
323.2358
323.2733
323.3677
323.4106
323.4707
323.5559
323.5983
323.6963
323.8628
323.9249
323.9326
323.9797
323.9863
324.0908
324.1553
324.1664
324.2617
324.2669
324.4168
324.7231
324.9495
325.0119
325.1409
325.2745
325.2772
325.5588
325.5616
325.6142
325.7243
325.8471
325.8716
325.9051
325.924
325.9327
325.972
325.9971
326.1244
326.2162
326.2189
326.2535
326.395
326.5027
326.5277
326.6234
326.7101
326.7454
326.7938
326.8477
326.9782
327.0223
327.1367
327.4848
327.56
327.5627
327.6766
327.6803
327.7615
327.7819
327.7984
328.0535
328.1377
328.1463
328.4857
328.5378
328.6588
328.6615
328.9072
328.9162
328.9353
328.9405
329.0431
329.0936
329.1242
329.1275
329.2284
329.2653
329.3467
329.3902
329.3963
329.4997
329.544
329.5492
329.5742
329.6118
329.8547
329.9559
330.1326
330.1743
330.3774
330.4818
330.5659
330.6642
330.6836
330.6879
330.7284
330.8048
330.9372
331.2206
331.2624
331.4735
331.4828
331.5278
331.546
331.8056
331.8085
331.8601
331.8816
331.9111
331.9428
331.9668
331.9784
332.0164
332.041
332.0671
332.0772
332.2553
332.2577
332.2624
332.4007
332.4521
332.4709
332.4745
332.5807
332.6132
332.6176
332.6352
332.6481
332.7091
332.7385
332.9244
333.1018
333.1049
333.1706
333.1782
333.3612
333.401
333.4447
333.4477
333.4512
333.4904
333.521
333.5303
333.6082
333.7091
333.7346
333.737
333.7464
333.7518
333.7703
333.7782
333.8207
333.8389
333.8576
333.8873
333.8934
333.9545
334.082
334.1271
334.131
334.1523
334.1994
334.2113
334.2246
334.274
334.2977
334.3795
334.4296
334.4399
334.476
334.5452
334.6167
334.6386
334.6518
334.6612
334.6973
334.7179
334.7331
334.9082
334.9503
334.9606
334.9639
334.9959
335.1819
335.1855
335.22
335.2411
335.3674
335.3813
335.3831
335.4065
335.4134
335.4169
335.4346
335.4571
335.4715
335.6278
335.6344
335.6587
335.6692
335.724
335.7763
335.7804
335.7927
335.794
335.8283
335.8425
335.9781
335.9811
335.9851
336.0082
336.0348
336.0469
336.1895
336.2227
336.2571
336.3601
336.3636
336.4108
336.5369
336.6099
336.7002
336.7294
336.7352
336.7405
336.7727
336.788
336.8773
336.8861
336.8942
337.0346
337.0541
337.0594
337.1035
337.198
337.2029
337.2317
337.2531
337.3484
337.3836
337.4542
337.5179
337.527
337.5303
337.6569
337.6649
337.7521
337.7943
337.8091
337.9464
337.9499
337.9606
338.0744
338.0818
338.0873
338.103
338.1239
338.2374
338.3397
338.3422
338.3458
338.365
338.3666
338.4809
338.4873
338.4927
338.6111
338.6134
338.6264
338.7436
338.8921
339.0881
339.2903
339.4774
339.61
339.6138
339.8393
340.0726
340.0748
340.2254
340.2281
340.3933
340.7454
341.0613
341.0633
341.0689
341.2076
341.4699
341.4743
341.505
341.7766
341.7795
341.8458
342.0011
342.4013
342.4042
342.4256
342.4833
342.7943
342.8317
342.8668
342.9306
342.957
343.2725
343.2815
343.3407
343.4009
343.5118
343.5147
343.5884
343.8253
343.8284
343.8584
343.9207
343.9927
344.0277
344.0772
344.0916
344.1104
344.3123
344.316
344.3348
344.3376
344.341
344.4825
344.6147
344.835
344.9147
344.9263
344.9577
345.0689
345.0857
345.0915
345.1337
345.1644
345.3991
345.4023
345.5677
345.5756
345.604
345.6335
345.6358
345.6836
345.8227
346.0126
346.0148
346.0554
346.0928
346.1096
346.1529
346.1973
346.5529
346.5557
346.5701
346.5753
346.6027
346.6406
346.6632
346.7567
346.7974
346.8357
346.9743
346.9773
347.004
347.013
347.0996
347.1388
347.3016
347.3571
347.4195
347.4269
347.4707
347.5041
347.5884
347.5912
347.6041
347.6539
347.9296
347.9795
347.9934
348.0561
348.0788
348.0907
348.0954
348.1187
348.1322
348.1614
348.2292
348.2897
348.2941
348.4066
348.4594
348.4623
348.4989
348.5512
348.5657
348.592
348.61
348.616
348.6837
348.7931
348.7974
348.8496
348.9394
348.9918
349.0183
349.0459
349.0764
349.0806
349.2638
349.3049
349.5888
349.6109
349.7487
349.7529
350.3032
350.3052
350.6732
350.68
350.7707
350.8384
350.8638
350.8671
350.9344
351.0655
351.127
351.2294
351.317
351.3225
351.4977
351.5011
351.7049
351.7969
351.8794
351.9431
351.946
352.0802
352.0838
352.1444
352.3089
352.5081
352.5117
352.5369
353.0157
353.1585
353.2539
353.2595
353.5099
353.5591
353.7926
353.9456
353.9485
354.0958
354.132
354.1355
354.139
354.459
354.4689
354.7593
354.7759
354.8393
354.9549
354.958
354.9732
355.0489
355.0975
355.1491
355.1748
355.2516
355.3033
355.3084
355.3602
355.4713
355.5357
355.6671
355.6965
355.874
356.0336
356.5541
356.6604
356.8175
356.9744
356.9796
357.2285
357.2673
357.3903
357.5062
357.5583
357.5622
357.7238
357.7279
357.7468
357.7738
357.8364
357.8623
357.9076
357.9151
357.9431
358.0198
358.1666
358.1755
358.1849
358.3396
358.4337
358.6156
358.6199
358.6434
358.7615
358.8054
358.8642
358.8854
358.9021
358.9239
359.0512
359.1353
359.255
359.3074
359.3262
359.3709
359.5294
359.5961
359.6656
359.7223
359.7611
359.8713
359.8766
360.1053
360.2045
360.3805
360.3861
360.4203
360.5115
360.5845
360.6903
360.6993
360.7231
360.734
360.7873
360.8348
360.8647
361.0897
361.1159
361.1446
361.1648
361.201
361.2876
361.374
361.3771
361.4755
361.5556
361.5578
361.6607
361.6714
361.7799
361.7837
361.8006
362.0321
362.0403
362.1
362.1023
362.1086
362.1132
362.2288
362.2932
362.2982
362.4159
362.4272
362.4451
362.5807
362.5836
362.7434
362.8398
362.9728
363.1322
363.138
363.3762
363.4349
363.4401
363.6188
363.6875
363.7113
363.7152
363.7686
363.7719
363.82
363.8733
363.9211
363.9549
364.0982
364.1043
364.1126
364.3312
364.3356
364.3758
364.4103
364.4154
364.4365
364.451
364.49
364.5027
364.5521
364.8057
364.8118
364.8549
364.9023
364.9384
364.9418
364.9571
364.9876
365.0112
365.0186
365.0347
365.1122
365.1393
365.1937
365.196
365.1995
365.2069
365.2721
365.2852
365.3097
365.3359
365.3584
365.3725
365.4122
365.549
365.6618
365.669
365.677
365.6903
365.7016
365.7042
365.7119
365.7206
365.9054
365.9099
365.9735
366.0094
366.0289
366.0471
366.0581
366.0867
366.1366
366.2904
366.3307
366.3454
366.4841
366.553
366.569
366.5894
366.7136
366.7724
366.7793
366.8084
366.8406
366.9965
367.0267
367.0547
367.0694
367.079
367.2064
367.2306
367.2398
367.2964
367.3923
367.3953
367.4004
367.4023
367.41
367.4575
367.4804
367.4861
367.5695
367.6128
367.6762
367.8443
367.8764
368.0287
368.0365
368.0407
368.0522
368.1898
368.1938
368.2029
368.222
368.2364
368.3659
368.3824
368.3841
368.4013
368.4254
368.5774
368.6033
368.6147
368.7073
368.7412
368.7711
368.8844
368.8913
368.8983
368.9021
369.0386
369.0799
369.1848
369.19
369.193
369.2098
369.2921
369.3354
369.3471
369.4842
369.4875
369.4951
369.6377
369.6404
369.6639
369.7702
369.7843
369.8296
369.9066
369.9142
370.054
370.0801
370.1812
370.1853
370.3126
370.3162
370.3209
370.3259
370.337
370.4426
370.5801
370.5829
370.6023
370.7259
370.8196
370.9164
371.0204
371.0359
371.1042
371.1626
371.2497
371.5197
371.5225
371.7757
372.2454
372.2481
372.2581
372.6418
372.6441
373.1718
373.174
373.2153
373.2254
373.2615
373.2718
373.2762
373.4912
373.5354
373.6694
373.7261
373.7888
374.1635
374.1657
374.241
374.326
374.3298
374.4927
374.6221
374.6772
374.6803
374.6835
374.7351
374.8954
374.9605
375.1434
375.1626
375.1875
375.2054
375.2098
375.3216
375.4091
375.5317
375.6542
375.6655
375.6938
375.7551
375.8271
375.8956
375.9669
375.9802
375.9846
376.168
376.2001
376.202
376.2403
376.2629
376.325
376.3541
376.3994
376.4565
376.4594
376.477
376.6415
376.6448
376.7298
376.7744
376.8388
376.8571
376.8649
376.9319
376.9505
376.9689
377.2239
377.2692
377.2873
377.3129
377.3768
377.3825
377.4099
377.4623
377.4978
377.6547
377.6586
377.8043
377.8562
377.9096
377.914
377.9393
378.1846
378.2282
378.277
378.3271
378.3692
378.3915
378.4033
378.4141
378.4623
378.4776
378.4998
378.6856
378.8097
378.8296
378.8728
378.8972
378.9682
379.1566
379.2802
379.2835
379.3049
379.3113
379.3225
379.3354
379.3804
379.3897
379.4018
379.4353
379.6345
379.6405
379.6533
379.7141
379.7965
379.8901
380.0292
380.1255
380.1282
380.3179
380.3569
380.3604
380.3843
380.3941
380.4248
380.4329
380.4364
380.4721
380.7735
380.8933
380.8963
380.9298
380.9352
380.9834
381.0362
381.187
381.1908
381.2055
381.2421
381.5916
381.5942
381.7624
381.7663
381.77
381.7857
381.8172
382.0365
382.0408
382.0485
382.128
382.1582
382.3707
382.38
382.3835
382.5525
382.5589
382.5902
382.6011
382.6324
382.6351
382.6638
382.701
382.7155
382.7668
382.7733
382.8129
382.8671
382.9184
382.9239
382.9543
383.0027
383.0363
383.0751
383.1153
383.158
383.1633
383.204
383.3174
383.3499
383.4768
383.5321
383.6171
383.6201
383.6532
383.7069
383.8389
383.9234
383.9722
384.0344
384.1625
384.1651
384.4371
384.5664
384.6579
384.6631
384.7056
384.8724
384.8776
384.9191
384.927
385.0007
385.1419
385.1898
385.4074
385.4152
385.5062
385.6649
385.6688
385.729
385.8645
385.8752
386.3566
386.5425
386.6142
386.675
386.6767
386.6964
386.7288
386.7312
386.7762
386.7786
386.8203
386.8436
386.8569
386.8779
386.8864
386.9366
387.0798
387.0898
387.1606
387.1642
387.198
387.2077
387.34
387.3527
387.3567
387.4616
387.6094
387.6529
387.7189
387.7618
387.7675
387.8859
388.0287
388.0417
388.0869
388.1959
388.1997
388.4544
388.4919
388.521
388.6225
388.883
388.9026
388.9081
389.0132
389.0614
389.3688
389.3713
389.3981
389.5046
389.5114
389.5282
389.5439
389.5795
389.6066
389.6108
389.643
389.6645
389.7268
389.8049
389.8672
389.94
389.9635
390.0925
390.2103
390.3035
390.3065
390.36
390.4902
390.5499
390.5782
390.586
390.664
390.7951
390.8312
390.8375
390.8932
390.9305
391.0204
391.054
391.0616
391.0969
391.4018
391.5477
391.5545
391.9629
391.9655
392.0501
392.0535
392.0983
392.1035
392.2803
392.2825
392.2995
392.5641
392.6127
392.6262
392.6351
392.697
392.7579
392.761
392.798
392.9526
392.9626
392.991
392.9961
393.0106
393.0152
393.0525
393.0613
393.1383
393.2886
393.5031
393.6056
393.6957
393.6995
393.7299
393.7526
393.8825
393.897
394.028
394.0332
394.1165
394.1483
394.7665
394.8295
394.8862
394.8888
394.9033
394.9055
394.9973
395.0022
395.0768
395.1266
395.1548
395.1656
395.2098
395.2494
395.2961
395.3011
395.3228
395.397
395.4424
395.4768
395.5393
395.5557
395.5879
395.5915
395.6068
395.6434
395.6611
395.6907
395.7053
395.768
395.9486
395.9616
395.9742
396.0985
396.1605
396.1771
396.1939
396.1976
396.243
396.3405
396.3693
396.3917
396.4927
396.5602
396.7459
396.7684
396.794
396.8066
396.8396
396.9146
396.985
396.9984
397.017
397.0716
397.1036
397.1076
397.1358
397.15
397.1593
397.1744
397.2048
397.2234
397.2357
397.4018
397.4911
397.497
397.5875
397.6085
397.6209
397.8039
397.8234
397.8462
397.8506
397.8651
397.8817
397.8877
397.9094
398.0093
398.0133
398.0872
398.1009
398.109
398.1237
398.1472
398.1494
398.1589
398.2028
398.3187
398.3259
398.3658
398.3987
398.406
398.4288
398.4653
398.5742
398.624
398.666
398.8546
398.8841
398.8875
399.0026
399.0493
399.0595
399.0645
399.0819
399.0934
399.1891
399.2486
399.261
399.3016
399.3068
399.3278
399.4683
399.5171
399.5271
399.6414
399.6492
399.6543
399.6599
399.6654
399.7034
399.8648
399.8706
399.8789
399.8935
399.8981
400.0342
400.0387
400.1985
400.2034
400.2335
400.27
400.3864
400.3925
400.4333
400.5326
400.5398
400.5553
400.5645
400.5803
400.7198
400.7248
400.728
400.8746
400.8775
400.8872
400.9178
401.0258
401.0297
401.0442
401.0654
401.1696
401.1763
401.1816
401.1866
401.1877
401.1985
401.2078
401.3198
401.467
401.4709
401.6022
401.6081
401.7407
401.7486
401.7585
401.8855
401.8969
402.0175
402.0242
402.1602
402.1663
402.2689
402.2776
402.2809
402.2929
402.3996
402.4122
402.4242
402.6141
402.6263
402.6766
403.5762
403.5794
403.5822
403.6252
403.9567
404.0094
404.0408
404.0701
404.0776
404.1111
404.477
404.4795
404.5567
404.6963
404.6994
404.8897
405.0006
405.0279
405.0901
405.2131
405.2715
405.2741
405.3916
405.4721
405.4888
405.492
405.5065
405.6621
405.7157
405.9609
406.0459
406.0494
406.1363
406.3094
406.3125
406.3253
406.3541
406.5091
406.5533
406.5559
406.7007
406.8092
406.8768
406.8796
406.9283
406.9441
406.9555
406.9636
407.0191
407.0224
407.1021
407.1507
407.1932
407.2532
407.2759
407.371
407.379
407.5287
407.5573
407.5753
407.63
407.6333
407.6851
407.7614
407.7672
407.7992
407.8299
407.8426
407.9725
407.9772
408.014
408.0167
408.0738
408.0914
408.132
408.1353
408.2714
408.2781
408.3172
408.3653
408.4851
408.5222
408.5981
408.6075
408.6655
408.6687
408.7282
408.732
408.7868
408.802
409.117
409.12
409.1592
409.1885
409.1925
409.239
409.2696
409.3517
409.608
409.6127
409.6347
409.6405
409.6645
409.6702
409.7163
409.7382
409.765
409.8046
409.8106
409.981
409.9861
410.1619
410.1811
410.227
410.2295
410.2527
410.3012
410.5286
410.5621
410.6565
410.7526
410.7601
410.806
410.953
410.9637
410.9716
411.1983
411.2243
411.2289
411.2452
411.2551
411.3168
411.3433
411.3481
411.4923
411.4959
411.6174
411.6552
411.6976
411.7246
411.7413
411.748
411.7662
411.8275
411.8592
411.9745
411.9807
412.0552
412.1641
412.2068
412.2449
412.3013
412.4534
412.4556
412.6641
412.6695
412.6891
412.7143
412.7797
412.8003
412.9554
413.0321
413.0665
413.0736
413.0775
413.7374
413.8337
413.8481
414.008
414.0147
414.1191
414.1222
414.1258
414.3662
414.3684
414.3706
414.4335
414.4388
414.4723
414.5409
414.6703
414.7042
414.7228
414.8242
414.8296
414.8804
414.9437
415.0579
415.1339
415.2254
415.2388
415.2608
415.2759
415.3763
415.4388
415.4447
415.4733
415.6041
415.6079
415.6498
415.6532
415.8244
415.8285
416.1167
416.1274
416.1718
416.2841
416.3452
416.6391
416.7672
416.7712
417.012
417.0633
417.124
417.142
417.4605
417.4855
417.4903
417.5235
417.6097
417.7008
417.7038
417.7568
417.8042
417.8191
417.9474
417.954
418.0054
418.0723
418.251
418.2543
418.2828
418.3293
418.3522
418.3721
418.3998
418.4364
418.4398
418.4907
418.4925
418.4981
418.5248
418.5444
418.5596
418.6408
418.6896
418.7949
418.8143
418.8594
418.8637
418.9301
418.9504
419.0085
419.1352
419.1421
419.1611
419.2066
419.3092
419.3177
419.3454
419.3703
419.3822
419.5264
419.5408
419.5437
419.5529
419.6053
419.6112
419.7092
419.8854
419.9151
420.0441
420.1785
420.1835
420.4446
420.4469
420.5617
420.592
420.6379
420.6411
420.6913
420.7076
420.9361
420.9396
420.9978
421.0424
421.2284
421.2389
421.2509
421.2921
421.2973
421.3575
421.3599
421.3693
421.3872
421.3917
421.407
421.425
421.4433
421.5157
421.5778
421.6015
421.6523
421.6668
421.7338
421.7382
421.822
421.8823
421.9163
421.9438
421.9864
422.1183
422.1427
422.3245
422.3844
422.3949
422.5856
422.5891
422.8064
422.8774
422.8836
422.9797
422.9841
423.0948
423.1367
423.3537
423.3563
423.4597
423.4678
423.771
424.0149
424.0196
424.1372
424.1398
424.2216
424.2403
424.2979
424.3695
424.6467
424.6488
424.7002
424.7239
424.7805
424.8103
424.8167
424.8596
424.87
424.9817
425.0723
425.0834
425.126
425.1693
425.2044
425.2485
425.371
425.4805
425.5155
425.5204
425.6018
425.6067
425.6898
425.6983
425.8804
425.8828
426.0362
426.0396
426.1907
426.1977
426.2028
426.28
426.2834
426.5187
426.5229
426.7128
426.7155
426.7557
426.7595
426.8683
426.9211
426.9709
426.982
427.0555
427.159
427.2903
427.2942
427.362
427.3776
427.39
427.4313
427.4565
427.467
427.4972
427.5206
427.5496
427.6118
427.6585
427.7618
427.7809
427.9286
427.9362
427.9556
427.9718
427.983
427.9963
428.1215
428.1235
428.1539
428.1689
428.1923
428.1982
428.2333
428.4337
428.4361
428.5002
428.5518
428.5634
428.5823
428.5999
428.627
428.6768
428.6967
428.7231
428.914
428.9284
428.9671
428.9701
428.9921
429.0138
429.0235
429.0324
429.0444
429.0537
429.0704
429.0902
429.239
429.2889
429.2914
429.3641
429.3736
429.3951
429.4084
429.4236
429.635
429.6398
429.6428
429.6571
429.6883
429.6943
429.6981
429.726
429.7292
429.9441
429.9593
429.9652
430.0129
430.1436
430.151
430.1584
430.1722
430.1909
430.1976
430.2078
430.2123
430.2355
430.2616
430.4217
430.4246
430.4564
430.459
430.5193
430.6544
430.7019
430.714
430.8856
430.9271
430.9559
430.9854
431.1058
431.1182
431.12
431.1291
431.138
431.1569
431.1688
431.2807
431.3225
431.3492
431.3593
431.4769
431.5075
431.5384
431.7213
431.7331
431.7571
431.8597
431.8846
431.9072
432.0467
432.0541
432.0699
432.1121
432.1647
432.2095
432.2121
432.2174
432.2272
432.2405
432.2624
432.3119
432.3828
432.3925
432.4008
432.4445
432.5489
432.5557
432.5644
432.5969
432.6985
432.7116
432.7179
432.754
432.8658
432.8797
432.9102
432.9959
433.0049
433.0126
433.023
433.0285
433.1506
433.1613
433.2055
433.2178
433.299
433.3026
433.3087
433.3185
433.3244
433.441
433.4438
433.4507
433.4651
433.4813
433.5883
433.5961
433.6754
433.709
433.7341
433.7715
433.8495
433.8535
433.8591
433.8663
433.891
433.9879
434.0024
434.0078
434.1009
434.1176
434.1271
434.2285
434.2383
434.2455
434.2811
434.5156
434.5248
434.5923
434.7082
434.7735
434.9618
434.9834
434.9934
434.9964
435.2343
435.4296
435.4321
435.4623
435.564
435.6018
435.7191
435.8173
436.0386
436.2925
436.2971
436.4241
436.4772
436.4801
436.6106
436.7785
436.8703
436.8759
436.8803
436.883
436.931
436.9665
436.9856
437.3814
437.3872
437.4457
437.4983
437.8562
437.9404
438.1797
438.346
438.3831
438.4302
438.4586
438.461
438.4637
438.5817
438.7009
438.8319
438.8413
438.8849
438.8873
438.9631
438.9659
439.0005
439.1163
439.1313
439.272
439.327
439.3897
439.6017
439.6315
439.6358
439.6835
439.6898
439.8269
439.8315
439.9909
440.0049
440.0698
440.1703
440.3402
440.3736
440.4914
440.5266
440.5991
440.6016
440.6202
440.8105
440.9426
440.9498
441.0559
441.0591
441.0633
441.1164
441.1205
441.3088
441.3113
441.3158
441.4955
441.5206
441.5276
441.5684
441.6236
441.659
441.708
441.8506
441.9426
442.0089
442.0328
442.0379
442.0842
442.1096
442.16
442.2823
442.2846
442.3065
442.5273
442.5332
442.569
442.5902
442.7802
442.8023
442.9869
442.9891
443.0454
443.0621
443.0858
443.1136
443.16
443.1776
443.4273
443.4794
443.5432
443.6042
443.6482
443.6563
443.6832
443.8211
443.9341
443.9366
443.9825
443.9923
444.0293
444.043
444.0639
444.0694
444.094
444.133
444.1842
444.2819
444.3055
444.5493
444.5974
444.6058
444.7205
444.7857
444.9016
445.1432
445.1488
445.3531
445.3554
445.4965
445.9558
445.958
446.1028
446.2448
446.2674
446.2746
446.3297
446.3354
446.3576
446.4167
446.4248
446.4674
446.5689
446.5721
446.5964
446.66
446.7341
446.7862
446.86
446.8876
446.9075
446.9521
446.9569
447.1029
447.1063
447.1439
447.1896
447.3
447.3031
447.3585
447.4276
447.4637
447.5212
447.528
447.5625
447.6136
447.703
447.7312
447.7428
447.8913
448.029
448.1166
448.1333
448.1592
448.1931
448.3193
448.3544
448.3902
448.4023
448.5209
448.5553
448.5942
448.834
448.8396
449.1039
449.1576
449.1862
449.1893
449.3808
449.4401
449.49
449.4929
449.5135
449.5218
449.6359
449.6505
449.6545
449.8219
449.8319
449.8363
449.8374
449.8404
449.9667
449.972
450.0453
450.0491
450.0553
450.1514
450.2568
450.2786
450.2834
450.3318
450.3351
450.4159
450.4203
450.4315
450.4538
450.4571
450.46
450.5131
450.5258
450.5313
450.5562
450.5913
450.6176
450.7263
450.7668
450.7713
450.8651
450.8779
450.8848
450.9021
450.9526
450.9956
451.1047
451.311
451.3525
451.4193
451.4617
451.5155
451.5676
451.5711
451.6073
451.7987
451.8065
451.8101
451.8351
452.0291
452.038
452.0449
452.1269
452.1398
452.3215
452.7371
452.911
452.915
452.9987
453.0669
453.1819
453.2004
453.2041
453.2095
453.2808
453.2973
453.322
453.3661
453.4115
453.4563
453.5592
453.5757
453.5809
453.6265
453.6399
453.6742
453.723
453.7302
453.7474
453.9875
453.9994
454.0129
454.0841
454.2698
454.2724
454.2902
454.315
454.5694
454.5756
454.767
454.7729
454.7913
454.9493
454.9652
455.0699
455.0745
455.1549
455.4995
455.559
455.7002
455.7025
455.8956
455.8992
456.2041
456.3463
456.3498
456.4102
456.4355
456.4498
456.4534
456.4562
456.5164
456.5273
456.5417
456.5791
456.672
456.7014
456.7087
456.7117
456.7205
456.7648
456.81
456.8455
456.9387
456.9433
456.9547
456.9587
457.1123
457.1412
457.1557
457.1833
457.3458
457.4505
457.4847
457.6146
457.7842
458.0563
458.0606
458.1029
458.1137
458.1321
458.2343
458.3953
458.5053
458.5395
458.5578
458.5964
458.6273
458.6299
458.6421
458.7205
458.7231
458.7462
458.7652
458.9002
458.9174
458.9381
459.1346
459.1542
459.1579
459.1868
459.211
459.2421
459.2877
459.294
459.3108
459.3505
459.3777
459.4085
459.4776
459.5439
459.5781
459.5925
459.5983
459.6026
459.6524
459.781
459.7938
459.8901
459.9116
459.9189
459.9256
459.9381
459.9423
459.9753
460.0141
460.0216
460.0536
460.1065
460.3162
460.3222
460.3401
460.3444
460.3886
460.3936
460.398
460.4084
460.4256
460.4603
460.4828
460.6061
460.6739
460.6849
460.6945
460.7118
460.7254
460.7373
460.8162
460.8352
460.8902
461.1141
461.2093
461.2401
461.2811
461.4148
461.4262
461.4612
461.4662
461.4919
461.501
461.5051
461.5284
461.5395
461.5836
461.6248
461.7656
461.774
461.779
461.8177
461.9789
462.0063
462.0126
462.0672
462.0757
462.0908
462.2371
462.2435
462.2859
462.3263
462.5146
462.5518
462.5612
462.5765
462.682
462.7015
462.7118
462.7556
462.7889
462.8542
462.9327
462.9403
462.948
462.9537
462.9738
463.1299
463.1363
463.1549
463.1893
463.2454
463.2974
463.3027
463.3445
463.3485
463.3611
463.3869
463.405
463.4184
463.5096
463.5248
463.5368
463.5548
463.6132
463.7075
463.7129
463.7184
463.7623
463.8738
463.9002
463.9457
464.0336
464.0739
464.0872
464.2106
464.2703
464.3699
464.3734
464.3882
464.4125
464.5375
464.5455
464.5483
464.5538
464.5564
464.5771
464.5815
464.6889
464.6944
464.7056
464.7133
464.7431
464.7974
464.8544
464.9826
464.985
464.9985
465.0014
465.012
465.0303
465.1363
465.1399
465.1515
465.1546
465.2611
465.2735
465.2865
465.2902
465.31
465.4251
465.509
465.5352
465.5415
465.5706
465.6845
465.6892
465.811
465.8137
465.8172
465.8297
465.8381
465.9459
466.069
466.0756
466.1062
466.2448
467.0611
467.0636
467.216
467.2633
467.3541
467.357
467.7534
467.9303
468.4532
468.7358
468.741
469.2188
469.2209
469.4462
469.5394
469.5465
469.5541
469.6863
469.7796
469.8072
469.8518
470.169
470.1715
470.1746
470.2088
470.3638
470.5835
470.7361
470.7408
470.7773
470.8313
470.9768
470.9798
471.0071
471.0954
471.179
471.1885
471.3518
471.4046
471.4583
471.6672
471.7608
471.8326
471.8346
471.8505
471.8928
471.8995
471.9397
472.1644
472.2774
472.3279
472.3306
472.3347
472.3667
472.3953
472.4661
472.4875
472.6473
472.6495
472.6743
472.7494
472.7535
472.8254
472.8329
472.8407
472.8732
472.8965
472.9086
472.9257
472.9785
473.1502
473.3368
473.3402
473.3674
473.3814
473.4361
473.477
473.4906
473.5195
473.6538
473.6961
473.702
473.7622
473.8273
473.8759
473.8855
473.9388
473.9459
474.2946
474.2968
474.3501
474.4007
474.4535
474.5027
474.7284
474.7825
474.8346
474.8558
474.8859
474.9018
474.9042
474.922
474.9335
474.9998
475.2522
475.2886
475.3222
475.327
475.3975
475.4272
475.7715
475.7742
475.7998
475.8018
475.8139
475.8266
475.8557
475.8687
475.9074
475.9492
475.9816
475.9948
476.043
476.1235
476.1325
476.3109
476.469
476.7916
477.6034
477.9942
477.9979
478.0318
478.0827
478.5929
478.5952
478.6319
478.9714
478.9735
478.984
479.3294
479.4619
479.4654
479.5314
479.5343
479.6952
480.1397
480.3038
480.3079
480.3319
480.5755
480.6273
481.0302
481.0325
481.187
481.1892
481.4025
481.6263
481.6283
481.6519
481.6542
481.8053
482.2723
482.2815
482.2848
482.6027
482.6219
482.6244
482.7696
482.806
482.9109
483.0052
483.0507
483.1797
483.4827
483.4857
