0.3537
0.5703
0.6121
0.7346
0.8508
0.9543
1.6401
1.7927
1.8598
1.9583
2.3315
2.6251
2.9423
3.2532
3.6693
3.789
3.9607
4.4254
5.4958
6.4182
6.7603
7.6701
7.7232
7.8071
8.272600000000001
8.3178
8.3338
8.7136
9.3569
9.696199999999999
9.8201
10.0095
10.4716
12.0301
12.5735
12.9943
13.4321
13.5808
13.6357
13.6501
13.6977
13.7635
13.8346
14.0653
14.18
14.2545
14.3026
14.3246
14.3468
14.3516
14.4136
14.7902
14.971
15.1601
15.1694
15.5244
15.5262
15.8343
15.8605
15.8979
15.9842
16.0788
16.1413
16.2091
16.6579
16.8911
16.9459
16.9876
17.1093
17.2171
17.4207
17.4253
17.5151
17.7676
18.0794
18.287
18.4129
18.4213
18.5793
18.5901
18.5941
18.8994
19.0537
19.3539
19.3961
19.5098
19.6392
19.6606
19.9643
20.0472
20.1927
20.3185
20.3325
21.7509
22.1075
23.278
23.7486
23.8652
23.8815
24.2186
24.2879
24.872
25.3448
25.3525
25.7169
25.7899
26.2052
26.2216
26.2326
26.2937
26.3075
26.5451
26.7454
26.7604
26.8459
27.2497
27.2705
27.3008
27.7473
27.8258
27.8563
27.892
28.2076
28.2816
28.3183
28.3653
29.3499
29.5451
29.7178
29.8288
30.1907
30.1974
31.9741
32.0107
32.3964
32.4565
32.6266
32.979
33.5789
33.9843
34.9964
35.0985
35.2218
35.6589
36.1746
36.421
36.6747
38.0117
39.3574
39.4184
39.5266
39.712
39.7194
39.8088
39.8931
40.3254
40.3618
41.1171
41.244
41.2888
41.7957
41.8729
41.9573
41.9809
42.0033
42.3481
42.7148
44.6049
45.2853
45.4771
45.5633
46.0261
46.1221
46.2227
46.6279
46.7985
46.8063
46.9949
47.1551
47.2907
47.3991
47.7796
47.9537
47.9669
47.9887
48.0557
48.0681
48.3055
48.4657
48.5045
48.7717
49.1353
49.4098
49.5398
49.5597
49.8237
49.9232
49.9328
50.0795
50.25
50.2694
50.2806
50.3098
50.4421
50.63
50.7341
51.1875
51.1965
51.3589
51.3696
51.6112
51.7433
52.1639
53.0505
55.0847
55.5492
55.6066
56.0991
56.5547
56.5856
56.6547
56.6821
56.7296
57.1324
57.1853
57.2386
57.556
57.6062
57.654
58.0385
58.556
58.6396
59.1634
59.5376
59.6066
59.6607
59.7813
60.0194
60.0539
60.093
60.1724
60.5925
60.6008
61.0438
61.0888
61.5542
61.5563
62.1068
62.2076
63.7388
64.1786
64.22669999999999
64.2405
64.30249999999999
64.37
64.4866
64.5896
64.71599999999999
64.8622
65.00579999999999
65.1433
65.1596
65.508
65.6845
65.8052
65.9552
66.17319999999999
66.32559999999999
66.5384
66.6665
66.6952
66.699
67.0095
67.4588
67.8369
67.9509
68.1237
68.2022
68.208
68.2419
70.9632
71.2043
71.5526
71.57210000000001
71.5956
71.6319
71.6914
72.0908
72.4635
72.7349
73.00190000000001
73.24679999999999
73.7418
74.145
74.17059999999999
77.10850000000001
77.11060000000001
77.14830000000001
77.1782
77.20829999999999
77.2274
77.32850000000001
77.44070000000001
77.99850000000001
78.02809999999999
78.4644
78.864
78.86799999999999
79.166
79.1837
79.1855
79.1887
79.30459999999999
79.6448
79.6575
79.7701
79.7946
79.79649999999999
79.9216
80.0519
80.0562
80.07389999999999
80.092
80.1447
80.3172
80.36450000000001
80.5324
80.54559999999999
80.62569999999999
80.78700000000001
81.1678
81.37990000000001
81.5834
81.7313
81.91200000000001
81.91419999999999
82.5057
82.5102
82.5919
82.8734
82.8793
83.02760000000001
83.1057
83.167
83.44240000000001
83.4564
83.4747
83.5928
83.604
83.7268
83.87820000000001
84.1323
84.5313
85.833
86.446
86.9192
86.9367
86.9973
87.404
87.43810000000001
87.46169999999999
87.5235
87.90770000000001
87.9336
88.4264
88.4559
88.52849999999999
88.6495
88.919
88.9438
89.3308
89.8754
89.88720000000001
89.89619999999999
89.9348
89.9498
90.41119999999999
91.0317
91.0665
91.36669999999999
91.4355
91.511
91.8519
92.5722
92.94880000000001
93.3473
93.34950000000001
93.3725
93.408
93.46810000000001
93.8497
93.9631
96.05629999999999
96.1662
96.2698
96.29179999999999
96.5562
96.7967
96.80800000000001
96.84950000000001
96.8691
97.0056
97.0462
97.1056
97.3836
97.566
97.7054
97.74890000000001
98.41370000000001
98.81229999999999
98.96250000000001
99.242
99.27160000000001
99.509
99.69710000000001
99.7847
100.6624
103.0288
103.0606
103.0659
103.079
103.1544
103.199
103.2463
103.6138
103.8044
103.8133
104.0333
104.4348
104.9939
105.2486
105.3347
105.5986
105.6914
106.0058
106.1005
107.1031
108.9724
108.9934
109.0439
109.1101
109.1722
109.2323
109.2744
109.3003
109.3281
109.3321
109.8465
110.2717
110.3016
110.3224
110.3329
110.4621
110.6591
111.0167
111.0188
111.0355
111.0963
111.3314
111.3395
111.3583
111.6467
111.6564
111.8842
111.9062
111.9432
112.0217
112.3591
112.4833
112.6517
112.801
112.9076
113.0437
113.0609
113.1937
113.4402
113.6002
113.7454
113.7595
113.9138
113.9655
114.0938
114.557
114.7139
114.7568
114.8676
115.0053
115.0733
115.1241
115.2723
115.4068
115.4151
115.4361
115.7033
115.806
116.4472
117.368
118.7566
118.803
120.2784
120.8208
121.2466
121.3045
121.6971
121.699
121.7642
122.2613
122.2854
122.717
122.8487
123.1977
123.375
123.4416
123.7081
124.3669
124.7064
124.7323
125.3124
125.3393
125.3556
125.3769
125.6807
125.6826
125.7397
125.7602
125.8273
125.9545
126.8496
127.8965
127.9229
128.04
128.1013
128.6272
128.6536
128.7769
129.2396
129.4172
129.5662
130.0372
130.1253
130.6387
131.1541
131.2861
131.308
131.3877
131.4777
131.6082
131.7652
134.8563
135.2024
136.6018
137.7524
137.8619
139.8105
140.205
140.74
140.8075
141.0797
141.1277
141.5565
141.5925
141.5958
142.1145
142.176
142.5216
142.8652
142.9222
143.1614
143.1636
143.1805
143.4615
143.7089
144.1971
144.4457
144.901
145.0842
145.2304
145.6699
145.7781
145.8676
145.9346
146.0861
146.8475
146.9072
146.9734
147.2412
147.249
147.2591
147.2714
147.3905
147.977
150.6845
151.1052
151.1645
151.1863
151.4219
151.6218
152.0563
152.133
152.5989
152.6768
153.1121
153.1868
154.5892
155.0223
155.0912
155.1623
155.6488
156.1179
156.516
156.5577
156.6539
156.7123
157.4364
157.5639
158.6846
159.5317
159.7973
159.9674
160.1553
160.195
160.3858
160.5272
160.5754
161.0464
161.1515
161.4169
161.5679
161.6373
161.9897
162.1862
162.3049
162.3624
162.4249
162.4704
163.2825
166.7085
166.7188
166.8432
167.1445
168.3692
169.0225
169.0512
169.1959
169.4998
169.5476
169.9664
170.4234
172.5775
172.6128
172.6676
172.7356
172.9756
173.4272
173.4476
173.4779
173.4802
173.5043
174.0385
174.1298
174.326
174.7705
174.994
175.0217
175.2812
175.3151
175.5468
175.6103
175.7932
176.0393
176.0926
176.4599
176.5373
177.0536
177.2311
177.9383
178.404
178.7201
178.743
178.7988
178.8167
178.8327
178.9467
179.2075
179.3784
180.7362
182.3977
182.5507
183.4219
183.8748
183.8841
184.9562
185.3618
185.4006
185.8949
185.9676
186.9193
186.9456
186.9673
187.4088
187.514
187.8874
187.9435
188.0281
188.0505
188.3548
188.8146
188.9027
188.9269
189.3505
189.3525
189.4364
189.4789
189.5144
191.566
191.5795
191.8821
191.905
192.2228
192.2363
192.3508
193.1161
193.2155
193.6784
194.0729
194.2787
194.7491
194.7995
194.8309
194.9092
195.5306
195.5396
197.1448
198.5271
198.5456
198.568
198.7027
198.8956
198.9844
199.0676
199.3018
199.6817
199.7387
200.2672
200.3111
200.4058
200.6612
200.6791
200.9981
201.0108
201.07
201.0972
201.1954
201.3888
202.9176
203.845
204.4034
204.732
204.8022
204.8819
205.1968
205.233
205.2348
205.2617
205.2853
205.3996
205.4935
205.7457
205.9121
206.1742
206.215
206.3037
206.5458
206.5576
206.5686
206.8315
206.8518
207.3857
207.4146
207.6851
208.0917
208.2916
208.3045
208.5103
208.6928
208.7106
208.8975
208.9649
209.1218
209.2707
209.4074
209.5698
209.7597
209.9004
210.0885
210.2333
210.3479
210.3507
210.3831
210.7885
210.9048
211.1791
211.1898
211.2285
213.7173
213.7956
214.2904
215.2603
215.4164
215.7782
215.7923
215.9616
216.216
216.3673
216.7917
216.8198
217.2013
217.2192
217.3233
217.8473
218.193
218.2054
218.7348
218.8029
218.8197
218.8766
219.2277
219.8251
220.1104
220.1852
220.1884
220.2211
220.3328
220.6811
220.7179
220.7791
221.1406
221.2667
223.4266
223.4789
223.4971
223.5007
223.5724
223.6083
223.7647
223.8767
223.897
224.237
224.4961
224.5555
224.8561
225.0982
225.4662
226.0406
226.7969
226.8631
227.0935
227.3623
227.3798
227.6031
230.3653
230.3706
230.4919
230.5297
230.5735
230.6189
230.7112
230.8473
231.0237
231.1757
231.2791
231.6904
231.8916
231.9928
232.1002
232.2789
232.3662
232.4081
232.4824
233.1232
235.2651
236.4004
236.4126
236.5025
237.0788
237.095
237.2085
237.4979
237.599
237.6745
237.7595
237.9885
238.0727
238.0813
238.4435
238.659
238.6628
238.6841
238.9822
239.2985
239.345
239.4581
239.4859
239.7131
239.7764
239.9133
239.9276
239.9584
239.9913
240.1418
240.1863
240.2309
240.331
240.5445
240.7289
240.9113
240.948
241.0729
241.4077
241.4132
241.4346
241.575
241.5921
241.8907
242.0446
242.3247
242.4826
242.5097
242.8888
243.0229
243.1328
243.2727
243.3085
244.9058
245.0193
246.0743
246.1254
246.5658
246.5893
247.1049
247.1705
247.5508
247.5527
247.5786
248.1119
248.1237
248.2018
248.5291
248.5397
248.6005
249.0227
249.0943
249.6611
249.6729
250.0334
250.5497
251.0268
251.6974
252.0645
252.1094
252.1284
252.2991
252.5068
253.015
253.0756
253.088
253.1113
254.1956
255.2577
255.3002
255.3032
255.4568
255.5584
255.8833
256.0063
256.6025
256.8018
256.8568
256.9864
257.6392
258.0767
258.3965
258.4412
258.6486
259.181
259.2015
259.2139
259.2283
262.1823
262.2147
262.2423
262.2704
262.4069
262.5957
262.6201
262.7184
262.8098
263.4377
264.365
265.0285
265.2197
268.0814
268.1023
268.1687
268.1958
268.2172
268.3851
268.4462
268.7002
268.9636
269.01
269.1081
269.4305
269.4327
269.4645
269.4858
269.9481
270.1975
270.2189
270.5731
270.7811
271.0581
271.1391
271.2873
271.3065
271.4143
271.6006
271.7863
271.8778
272.1968
272.2685
272.5542
273.0959
273.402
273.616
273.7135
274.4736
275.0932
275.1275
277.0388
278.354
278.388
278.4259
278.9229
279.3532
279.4598
279.8842
279.9377
280.4819
280.8607
280.9138
281.3685
281.382
281.4043
281.8754
282.0239
282.0411
282.0972
282.3904
282.4813
282.855
282.9167
282.9891
283.0373
283.3692
283.7109
283.8471
283.8964
284.3448
284.5071
284.5321
284.9108
284.9714
284.9957
286.3897
287.1154
287.1527
287.6977
287.7108
287.7292
287.9947
288.4747
288.4948
288.535
288.8066
288.9327
289.0858
289.2362
289.3494
289.5897
289.5939
289.6739
289.981
289.9964
290.1938
290.24
290.3301
290.4482
290.6132
290.7022
290.82
290.8347
291.0268
293.8107
294.0201
294.194
294.337
294.4723
294.7044
295.2164
295.3835
295.3912
295.7788
296.3243
296.4324
296.4899
297.0021
299.9262
299.9538
299.986
300.0669
300.2038
300.7672
300.7723
300.8305
300.8586
300.9219
300.9388
301.2295
301.2555
301.3661
301.4022
301.6602
302.0688
302.3513
302.3733
302.6313
302.6524
302.6749
302.8767
302.8825
303.1269
303.1348
303.3693
303.5841
303.613
303.7966
303.8367
304.1186
304.1879
304.2107
304.5925
304.597
304.6263
304.9012
305.0749
305.1092
305.3
305.6993
306.148
306.5347
306.6685
306.9953
307.2828
309.2416
309.816
310.2025
310.3482
310.7225
310.7682
311.7328
312.4481
312.7942
313.1655
313.7544
313.7917
314.2187
314.2601
314.341
314.7803
315.1743
315.1953
315.2084
315.382
315.7041
315.7157
315.7459
315.7561
315.8304
316.2817
316.3006
316.6807
316.6868
316.7729
318.2767
318.6592
318.8922
319.0185
319.0886
319.1443
319.3222
319.7075
319.7195
319.9267
320.0244
320.2257
320.2671
320.3334
320.8028
320.8686
321.029
321.2685
321.6294
321.9844
322.4743
322.5754
322.8828
323.2531
323.8941
325.8528
325.8593
325.9456
325.983
326.062
326.1511
326.2437
326.3427
326.3868
326.5461
326.737
326.8927
326.9549
327.1658
327.1952
327.2129
327.3686
327.6988
327.7268
327.7352
327.7401
327.8192
327.9395
328.0441
328.3131
331.7576
331.7669
331.786
331.9537
331.9776
332.035
332.2319
332.5665
332.604
332.6332
332.6676
332.6777
332.7772
333.1418
333.1637
333.4905
333.4925
333.6579
333.9439
334.1733
334.458
334.5269
334.731
335.2041
335.2283
335.2532
335.2682
335.2855
335.4828
336.0552
336.1958
336.4756
336.4915
336.5843
337.2417
337.3156
337.3933
337.5372
337.9719
338.1173
338.4977
338.524
338.5313
340.586
340.9015
340.9341
341.4247
341.6787
342.1168
342.147
342.2405
342.5582
342.5673
342.5829
343.1002
344.0467
344.5358
345.0291
345.0484
345.1319
345.5166
345.6125
346.1047
346.343
346.5858
346.9855
347.0349
347.1462
347.5734
347.7878
348.0174
348.0563
348.1442
348.1858
348.3585
348.5069
348.5886
348.6798
350.7142
350.7297
350.7405
350.8079
350.9838
351.1401
351.3467
351.4615
351.4954
351.5107
351.9815
352.1949
352.2252
352.4338
352.45
352.5136
352.6401
353.0395
353.2516
353.3067
353.6743
353.94
353.9815
357.6744
357.689
357.7133
357.7334
357.7997
358.1682
358.3913
358.7678
359.0578
359.1457
359.1896
359.654
359.7368
359.9568
359.9789
360.1039
360.1363
360.3823
360.3938
360.4641
360.6047
360.742
361.8579
363.5845
363.6152
363.6793
363.7187
363.7916
363.8804
364.5825
364.9227
364.9611
364.9972
365.3447
365.4444
365.6701
365.6778
365.6901
365.7581
365.7941
365.9939
366.3486
366.5437
367.0236
367.0298
367.1551
367.2892
367.3005
367.4636
367.466
367.4851
367.6933
367.7451
367.8826
367.9041
368.0456
368.0581
368.0773
368.3317
368.5701
368.8963
369.0588
369.0675
369.269
369.4973
369.5342
369.6794
369.8039
369.834
369.8478
369.9351
370.2061
370.2089
370.6452
373.5175
373.8878
373.9207
373.9633
374.0362
374.3793
374.4343
374.9035
374.9908
375.4223
375.4488
375.8729
376.389
376.5105
376.8764
376.9341
376.9421
376.9901
377.3696
377.3992
377.4412
377.8512
378.0338
378.132
378.4055
378.851
378.8887
378.9168
379.3587
379.3851
379.8845
379.9653
380.4508
382.2691
382.5424
382.5822
382.6434
382.7355
382.8223
382.8627
383.0312
383.3416
383.5959
383.6567
383.6796
383.8156
383.9776
384.3585
384.3732
384.6477
384.8985
385.0068
385.1586
385.3137
385.3781
385.3918
385.84
385.9309
386.0192
386.0255
386.277
386.4935
386.5848
386.8819
389.5103
389.5323
389.5373
389.5482
389.6751
389.7558
389.7697
389.802
390.2061
390.2518
390.6662
390.8166
391.5632
391.712
391.9004
391.9507
391.9885
392.082
392.3651
392.5903
393.7817
394.0884
395.4025
395.4093
395.4345
395.4366
395.461
395.4809
395.6071
396.2579
396.2941
396.3241
396.362
396.3692
396.4962
396.6255
397.1669
397.2166
397.5359
397.8246
397.8334
397.8396
398.2503
398.2566
398.6439
399.1622
399.3062
399.401
399.4929
399.9769
400.0885
400.1354
400.2315
400.2506
400.4396
400.5646
400.7293
401.1926
401.358
401.7646
401.9173
402.0624
402.0733
402.4257
402.4692
404.8436
405.2816
405.306
405.7082
405.7534
406.2163
406.2454
406.2769
406.3282
406.3576
406.724
406.8198
407.2108
407.2576
407.7322
408.1846
408.1881
408.2974
408.3074
408.3799
408.7001
408.7075
408.7805
409.6882
409.7071
409.8087
409.9294
410.18
410.2595
410.6801
410.7315
410.7522
411.2249
411.4162
411.6741
411.8154
412.1933
412.216
412.2741
412.3191
413.9021
414.4028
414.4962
414.6484
414.7061
414.7425
415.5529
416.0172
416.2316
416.3868
416.4408
416.7828
416.8332
417.174
417.3413
417.6074
417.6244
418.3687
419.0491
420.5658
421.3616
421.4529
421.4834
421.5466
421.9044
422.1002
422.2898
422.3418
422.4498
422.4963
423.2195
423.4259
423.4513
423.4713
423.5171
423.6788
423.9362
426.5852
427.2392
427.2961
427.4059
427.4691
427.4873
428.0869
428.1284
428.3291
428.3794
428.6525
428.7432
429.0177
429.0349
429.0739
429.2418
429.3424
429.3546
429.3842
429.3981
429.4306
429.669
429.8501
430.5444
430.6904
430.7441
430.9268
430.9536
431.0441
431.1198
431.1325
431.3579
431.4072
431.4293
431.5276
431.5641
431.5773
431.9471
432.1017
432.1154
432.4261
432.6502
433.1057
433.172
433.1761
433.9246
434.1493
435.236
435.372
436.0176
437.263
437.6952
438.5697
438.7382
439.0283
439.1612
439.2002
439.2225
439.6373
439.6958
440.0311
440.1352
440.4937
440.537
440.7726
441.0167
441.1337
441.5434
441.5858
441.6687
441.6931
442.0344
442.0397
442.055
442.0911
442.1405
442.2312
442.2496
442.7545
443.0241
443.2745
443.5037
443.5394
443.5757
443.7023
443.9996
444.8986
444.9297
446.2182
446.2205
446.3825
446.4706
446.7886
447.1334
447.2004
447.5137
447.5971
448.044
448.064
448.1093
448.3136
448.7737
448.7898
448.9853
449.3881
449.3926
449.6291
450.0139
453.1775
453.1791
453.3225
453.4208
453.4553
453.8122
453.8212
454.1884
454.2435
454.3917
454.6105
454.6854
454.7613
454.9281
455.2278
455.312
455.9333
456.0146
456.1859
458.563
459.1121
459.2395
459.2854
459.2953
459.308
459.3321
459.4124
459.98
459.9853
459.9978
460.0553
460.1296
460.4309
460.8167
460.8573
461.0029
461.2182
461.2818
461.3351
461.781
461.9161
462.0474
462.1137
462.1235
462.3303
462.5929
462.7533
462.777
462.7789
462.7839
463.1534
463.187
463.2479
463.2871
463.4564
463.4592
463.5641
463.6025
463.7191
463.734
464.1228
464.1396
464.2443
464.2747
464.7111
464.9649
465.1536
465.198
465.3322
465.5692
465.6965
465.9999
467.2072
467.6658
468.9052
468.9367
468.9537
469.4633
470.3829
470.411
470.8676
470.8788
470.9333
471.0088
471.4958
471.8963
472.0285
472.298
472.7407
472.8579
472.977
472.985
473.0077
473.3832
474.3385
474.4592
474.9505
475.835
475.973
476.0376
476.1016
476.6388
477.0563
477.3858
477.8784
479.8995
480.2136
482.3735
482.3951
482.5891
482.9519
483.4653
483.468
