0.2839
0.5017
0.5351
0.5375
0.5492
1.3746
1.7927
1.8594
1.8814
1.9137
1.9658
2.1163
2.8671
3.037
3.1527
3.4123
3.6505
3.855
3.9729
4.0056
4.0979
4.3241
4.3498
4.5016
7.52
8.438000000000001
8.6778
9.314
9.717499999999999
9.798299999999999
9.9665
10.0989
10.1974
10.4228
13.4068
13.4091
14.2112
14.2127
14.2145
14.7444
14.7517
15.1837
15.5049
15.5089
15.8192
16.1063
16.3698
16.4041
16.6288
16.853
16.8549
16.8614
16.8741
17.0805
17.2971
17.4907
17.6886
18.0576
18.2332
18.5835
19.0413
19.0542
19.193
19.1997
19.2096
19.3435
19.3473
19.487
19.5007
19.7635
19.8995
20.1676
20.4216
21.8156
22.7385
22.7981
23.3278
23.6978
23.7304
24.1961
24.1983
24.2282
24.7134
25.1968
25.2008
25.6948
26.1869
26.1886
26.2042
26.6858
26.7055
27.1859
27.1875
27.2319
27.6775
28.1793
28.1829
29.1618
29.1862
29.6715
29.6732
30.1884
30.2027
30.9812
31.4662
32.3809
32.8457
33.0172
33.6611
34.0655
34.1084
34.2308
34.3271
34.6815
34.8725
34.94
35.0221
35.1295
35.4483
35.5523
35.586
35.6213
35.6496
35.6753
35.7704
36.0868
36.3445
39.3524
39.3539
39.3558
40.4985
40.6371
40.8779
41.0629
41.1007
41.1589
41.4506
41.4936
41.5201
41.6402
41.7041
41.8883
42.0577
42.2697
42.2766
45.258
46.0615
46.063
46.0814
46.5762
46.5935
46.9887
47.3336
47.348
47.654
47.6854
48.2127
48.2144
48.2238
48.462
48.6892
49.3284
49.522
49.7089
49.889
50.0661
50.0786
50.4024
50.7196
51.025
51.1746
51.1868
51.323
51.4595
51.5978
51.6042
51.7314
51.8649
52.2541
52.2592
54.7369
55.0688
55.08
55.543
55.5536
55.5721
55.5744
56.0472
56.0513
56.0675
56.5335
56.5384
57.0393
57.0482
57.5201
57.5436
58.5133
58.5151
58.526
59.5175
59.5454
60.0224
60.5058
60.5074
60.5095
60.522
61.0065
61.5018
61.5268
61.9923
63.0823
63.9295
64.2004
64.20569999999999
64.21169999999999
64.2176
64.2247
65.09780000000001
65.12269999999999
65.5432
65.6461
65.9212
66.04810000000001
66.45140000000001
66.57380000000001
66.6955
66.71680000000001
66.74939999999999
67.0026
67.1247
67.23950000000001
67.2709
67.5641
67.628
67.6641
67.6883
67.7646
67.80419999999999
67.91849999999999
67.96599999999999
68.0493
71.1845
71.1861
72.34690000000001
72.72069999999999
73.099
73.24720000000001
73.2534
73.4679
73.9701
74.0067
74.0539
77.0775
77.09520000000001
78.4049
78.40860000000001
79.1985
79.4877
79.7837
79.78579999999999
80.0411
80.0941
80.292
80.31619999999999
80.7619
80.95910000000001
80.961
81.16930000000001
81.3498
82.0699
82.087
82.23480000000001
83.5647
83.83199999999999
83.8381
84.0866
86.4593
86.5239
86.5408
86.9019
86.92189999999999
87.0029
87.37779999999999
87.39239999999999
87.8652
87.87990000000001
88.8579
88.90600000000001
89.3545
89.3802
89.3826
89.8557
89.8574
90.3445
90.3476
90.8486
90.85250000000001
91.33759999999999
91.8385
91.8626
92.3313
92.348
92.3503
92.8378
92.83969999999999
92.8548
93.34139999999999
93.36539999999999
93.8275
95.4288
96.0497
97.9444
98.0217
98.13339999999999
98.28440000000001
98.54510000000001
98.5915
98.628
99.078
99.2225
99.2595
99.3797
99.489
99.9044
99.9539
99.9641
103.0182
103.0257
104.6461
104.668
104.7473
105.304
105.5717
105.6569
105.9586
105.9662
108.8954
109.7234
110.2643
110.6722
111.0067
111.0258
111.3274
111.6098
111.6116
111.8794
111.8811
111.885
111.8905
111.9009
112.1255
112.3594
112.7919
112.9971
112.999
113.186
113.1982
113.3763
113.4008
113.8998
113.9087
114.069
114.2324
114.5382
114.9816
115.6628
115.7994
118.3153
118.3378
118.7313
118.7372
119.2046
119.2351
119.698
120.1874
120.689
120.8074
121.6848
122.1851
122.1888
122.6785
122.6808
123.1726
123.1912
123.6764
123.6783
124.1751
124.1788
124.6687
124.6705
125.1758
125.1932
125.6583
125.677
126.7444
127.2568
127.8785
127.8826
127.8899
128.784
129.0994
130.1881
130.5262
130.7695
130.7944
130.997
131.0711
131.1057
131.2957
131.3368
131.3651
131.4608
131.5516
131.5947
131.669
134.8525
135.3968
135.7728
135.9488
136.1546
136.3683
136.6767
136.7156
137.0765
137.1186
137.1266
140.7483
140.75
140.7934
141.5487
141.5521
141.5723
142.0716
142.0957
142.48
142.4884
142.8666
143.438
143.7223
144.201
144.4107
144.6217
144.6242
145.019
145.2091
145.3879
145.5656
145.7339
145.7369
145.901
146.2194
146.2219
146.3717
146.6705
146.9655
147.0944
147.2292
147.2344
147.625
147.7518
150.0688
150.0712
150.0828
150.1573
150.5482
150.5774
150.7177
151.0529
151.0582
151.0796
151.5374
152.0514
153.0189
153.026
153.4983
153.5277
154.0085
154.0241
154.5197
155.0106
155.0247
155.9986
156.0099
156.4923
156.993
157.4954
157.4971
159.7119
160.978
161.3256
161.5785
161.6488
161.8408
162.6016
162.7088
162.7177
162.8537
163.1228
163.1992
163.2854
163.3725
163.54
163.6028
163.6663
166.6832
167.7551
167.7721
167.823
168.0446
168.1584
168.2071
168.3644
168.3907
168.4541
169.0714
169.2064
169.2424
169.2819
169.3509
169.4405
169.4985
169.5374
169.6304
172.5647
172.5977
172.6132
173.3834
173.9177
174.3205
174.3221
174.3443
174.6702
174.6933
174.7065
174.9952
175.2674
175.5349
175.537
175.5499
175.5523
175.7862
175.7967
175.8023
176.0354
176.457
176.4675
176.6608
176.6628
177.0364
177.221
177.2231
177.3919
177.5644
177.5673
177.7364
178.503
178.6472
179.0622
179.3408
180.2631
180.6214
180.9529
181.4603
182.3902
182.8867
183.368
183.8478
183.8496
183.8767
184.3591
184.3607
184.8528
184.8604
185.3654
185.8452
185.847
185.855
185.8794
186.3405
186.355
186.3576
186.3753
186.8348
186.8508
186.8648
187.3269
187.3556
187.4489
187.8321
187.8521
188.3408
188.3467
188.829
188.8308
188.8445
189.3278
190.6862
191.5298
191.5715
192.5661
192.6639
192.9945
193.0506
193.1067
193.3423
193.5603
193.5903
193.748
193.797
194.0281
194.0848
194.1387
194.2313
194.292
194.392
194.6509
195.0032
195.1849
195.3853
195.4961
198.5196
198.5213
198.5257
198.541
199.2358
199.7197
199.9171
200.1336
200.4559
200.6119
200.6371
200.7118
200.8439
200.8698
200.972
201.4509
204.3996
205.2257
205.2423
205.2444
205.7378
206.1535
206.155
206.1694
206.1715
206.5048
206.818
206.8197
206.8224
206.8437
207.1059
207.1097
207.6202
208.0802
208.0822
208.5009
208.869
208.871
209.3988
209.4034
209.7231
209.8858
210.038
210.1875
210.1931
210.3342
210.4887
210.6207
210.7575
210.8977
211.0273
211.0442
213.796
214.2212
214.716
214.7311
215.18
215.1943
215.6931
215.6951
215.71
216.6812
216.683
216.691
216.7017
216.7263
217.1788
217.6907
218.6703
218.6811
218.6993
219.1676
219.1692
219.6728
219.691
220.2021
221.1551
221.1756
221.9729
222.6076
222.984
222.9864
223.3898
223.3978
223.8651
225.0437
225.1216
225.4765
225.9735
226.0084
226.172
226.1916
226.2672
226.3032
226.3504
226.3732
226.4616
226.5819
226.9383
230.3488
231.6622
232.0376
232.0895
232.1688
232.4545
232.5048
232.5417
232.5595
232.6962
233.0251
233.2211
236.243
236.2571
237.0502
237.0667
237.5716
237.5732
237.575
237.5984
237.983
238.3329
238.6504
239.2057
239.2075
239.2208
239.4539
239.6872
239.6968
239.9066
240.1139
240.1312
240.5382
240.705
241.064
241.4021
241.5602
241.8724
242.1705
242.4604
242.5937
242.8637
242.9954
243.1279
245.3332
245.5897
245.6032
245.6664
246.0746
246.0767
246.1001
246.5142
246.5186
246.5465
246.5487
246.56
246.5689
247.0193
248.0183
248.0277
248.0359
248.5559
249.0028
249.0047
249.0278
249.0373
249.5014
249.5202
249.5342
249.5575
250.0245
250.0639
250.5026
250.5062
250.9937
250.9953
251.0213
251.5091
251.5258
251.5278
251.9953
251.999
252.4937
252.5097
252.9919
253.0168
254.7162
254.7182
255.2144
256.1024
256.3565
256.8761
256.9748
257
257.3602
257.4846
257.5328
257.5663
258.0297
258.1354
258.3391
258.5529
258.6062
258.9648
258.989
259.0025
259.0875
262.1783
263.1879
263.728
263.8959
264.3176
264.4462
264.5392
264.5742
264.8306
264.9786
265.1
265.1259
268.0722
268.0739
268.8778
269.3977
269.4314
269.8134
269.8149
269.8182
269.8354
270.1676
270.4887
271.0348
271.048
271.299
271.3125
271.5167
271.5417
271.7388
271.9573
272.1502
272.3494
272.8915
272.9079
273.062
273.3894
273.3932
273.4049
273.706
273.7176
274.5616
274.7295
274.8321
277.4129
277.476
277.871
277.8728
277.8951
278.3671
278.3795
278.8459
278.8485
279.3658
279.3759
279.424
279.8563
280.3404
280.3425
280.8452
281.336
281.3383
281.3594
282.3441
282.8321
282.8437
282.8579
283.3293
283.3469
283.3492
284.3286
284.8237
286.0673
287.0466
288.5531
288.6065
288.7153
288.9219
289.0163
289.1606
289.2901
289.528
289.7224
290.0788
290.4081
290.4912
290.5842
290.6489
290.8204
294.0125
294.0213
295.3973
295.4367
295.484
295.5033
296.0952
296.326
296.3724
296.4345
296.5012
296.6137
296.6397
296.8881
296.9357
299.8796
299.9034
301.2413
301.2551
301.997
301.9988
302.3138
302.6023
302.6039
302.6091
302.8742
302.8892
303.3537
303.3557
303.5716
304.1815
304.1925
304.3686
304.9224
305.0759
305.5357
305.5539
305.6879
305.8341
305.8393
306.1188
306.1339
306.2575
306.3928
306.5263
306.5339
306.6623
306.7893
306.9154
307.617
309.2542
309.3282
309.3531
309.7079
309.7127
309.74
309.7791
310.1868
310.1887
310.2191
310.2353
311.1997
311.2063
311.2244
311.2331
311.6914
311.7133
312.1858
312.2029
312.6783
312.6798
313.1865
313.6706
313.6723
313.7358
314.1798
314.1929
314.2022
314.6622
314.6805
315.1628
315.1921
315.6782
315.6806
316.1599
316.6813
316.6984
317.5693
317.63
317.7279
318.2869
318.8158
319.7309
320.2206
320.2937
320.4535
320.5935
321.136
321.2111
321.374
321.5212
321.5934
321.8944
322.1665
322.2921
322.5487
322.581
322.6216
322.6548
322.7856
325.8475
325.851
325.8596
325.8635
327.3015
327.7197
327.7846
327.8446
327.9985
328.022
328.3137
328.5289
328.6492
328.7004
331.7242
331.7259
331.7278
333.0694
333.4798
333.8497
334.1546
334.157
334.44
334.696
334.6978
334.7119
334.7143
334.9554
335.1895
335.4025
335.6273
335.8166
336.0127
336.015
336.2009
336.203
336.231
336.3824
336.7279
336.7361
336.9052
337.0562
337.3672
337.3815
337.519
337.6663
337.6833
337.9525
338.2352
338.4925
338.6339
338.7469
338.7548
341.5949
342.0368
342.0603
342.098
343.0221
344.0089
344.0106
345.0072
345.009
345.4985
345.5004
345.9998
346.4935
346.9988
347.0251
347.514
347.9882
347.99
347.9927
348.4923
348.4941
349.2377
350.1592
350.2084
350.7187
350.7211
350.9603
351.5912
351.6051
352.0748
352.129
352.2359
352.456
352.5727
352.6556
352.6817
352.6956
352.7527
352.9736
353.1219
353.4138
353.5039
353.563
353.6994
353.8041
353.8438
353.8849
353.963
354.028
354.111
354.1595
354.193
354.2422
354.3719
357.6756
357.6868
357.6888
358.723
358.8999
359.0145
359.1311
359.1728
359.3558
359.5372
359.6456
360.2301
360.3305
360.3432
360.4048
363.5577
364.393
364.8944
365.3084
365.3284
365.7129
365.9803
365.9818
366.2684
366.5318
366.8073
367.0131
367.4509
368.0321
368.2146
368.5595
368.8884
368.9038
369.2149
369.3593
369.5149
369.6427
369.6471
369.9234
369.9291
370.0862
370.3269
370.3397
370.5822
370.5897
372.9706
373.3949
373.4164
373.8695
373.901
374.37
374.8498
374.8798
375.336
375.3377
375.3652
375.8494
375.8514
376.35
376.3606
376.3628
376.374
377.3395
377.835
378.3223
378.8274
379.3232
379.3254
379.363
379.8214
380.3222
380.324
380.3611
381.2414
382.5498
383.2995
383.5697
383.6338
383.662
383.7736
383.8213
383.9281
384.1312
384.2651
384.3163
384.4135
384.5476
384.861
385.1426
385.2221
385.4019
385.6413
385.6632
385.7891
385.8587
385.8777
386.0303
386.0734
386.1849
386.2949
386.3166
386.3323
386.4616
389.5104
390.4649
390.736
390.8142
390.8952
391.3285
391.4462
391.5344
391.572
391.6374
391.6848
391.7492
391.7956
391.9341
391.9978
392.018
392.0312
392.3045
392.3493
395.3838
395.4072
395.4285
395.4479
396.2158
396.7371
396.7487
397.1375
397.1523
397.4933
397.4974
397.5095
397.8222
397.8315
398.1048
398.3934
398.6534
398.8492
398.851
399.0748
399.0867
399.284
399.286
399.4858
399.6796
400.2215
400.5611
401.0338
401.3317
401.4744
401.489
401.7549
401.8923
401.9129
402.0268
402.0411
402.1568
402.2862
402.4135
403.775
404.744
404.746
404.7962
405.2067
405.7092
406.1891
406.2161
406.6934
407.1876
407.6969
407.7104
408.1759
408.1775
408.1918
408.6737
408.6754
409.168
409.1697
409.6683
409.6841
409.6862
410.6554
410.6702
410.6953
411.1533
411.159
411.6611
411.6629
411.6883
412.1487
412.1713
413.1624
413.1725
414.0973
414.2568
414.3671
414.381
415.3719
415.4878
415.5405
415.6303
415.6863
416.031
416.0933
416.7597
416.9597
416.9855
417.0681
417.095
417.3728
417.5876
417.8517
418.0834
418.2127
418.2865
421.3472
422.382
422.9288
423.0322
423.0927
423.139
423.5076
423.5232
423.5479
423.6162
423.7392
423.9749
427.218
427.249
428.043
428.5626
428.5723
428.973
428.9955
429.3397
429.6449
429.961
430.198
430.1999
430.4453
430.6771
430.679
430.6898
430.9029
431.1126
431.1146
431.1227
431.5142
431.706
431.8841
431.8886
432.0536
432.2299
432.2426
432.3975
432.5524
432.5686
432.7128
432.8669
432.8719
433.0174
433.3071
433.3144
433.5937
433.605
434.2466
435.6184
436.2629
436.5874
436.6184
437.0644
437.0665
437.076
437.5313
437.5565
437.5585
438.0256
438.0275
438.0421
438.1846
438.5121
439.0179
439.5042
439.5267
440.0211
440.4994
440.5012
440.5141
440.9937
441.9921
442.4876
442.4895
442.5135
442.9987
443.4941
443.9868
443.9885
444.0077
446.2098
446.2177
446.8137
447.4121
448.2504
448.3165
448.3574
448.5885
448.8046
448.8852
448.9617
448.9794
449.2555
449.3029
449.3636
449.5368
449.6758
449.7783
449.9033
449.9161
449.942
450.1574
453.1784
453.1812
454.1031
454.2907
454.6642
454.8967
454.9171
454.9359
455.0041
455.2183
455.4764
455.5512
455.5723
455.7143
455.9217
456.0635
459.0521
459.8836
460.4004
460.4033
460.803
460.8369
461.1657
461.1853
461.477
461.4786
461.7664
461.7735
462.0339
462.2812
462.2885
462.5137
462.7357
462.7383
462.9462
462.9488
463.3428
463.717
463.7266
463.7337
464.0622
464.3867
464.3892
464.5482
464.8517
465.1407
465.1479
465.2874
465.5572
465.5636
465.6895
465.9547
466.0799
466.9337
467.3347
467.3551
467.8023
468.3186
469.0341
469.3662
469.3775
469.8614
469.8666
470.3425
470.3734
470.3828
470.8535
471.3395
471.3669
471.8351
471.8576
472.3425
472.8349
472.8498
472.861
473.8402
473.8824
474.3312
474.3328
474.8276
475.3207
475.8127
476.6097
476.8555
477.3698
478.0874
478.3108
478.3497
478.9026
479.2697
480.7696
481.459
481.6917
