0.585
0.6083
4.5407
4.5439
4.5468
4.5508
4.5586
4.5609
5.4477
7.0397
7.0798
7.2059
7.355
7.3939
7.4861
7.516
10.3797
10.5085
10.5178
10.5251
10.5287
10.5321
10.5371
11.0377
13.3964
13.4109
13.4178
13.4568
13.5627
13.8729
13.877
13.8846
13.8892
14.1909
14.4924
14.5021
14.504
14.7226
14.9601
14.9656
15.1339
15.6791
15.6878
15.9809
16.114
16.2626
16.3644
16.7628
16.7756
16.8589
16.989
17.213
17.5024
17.5375
17.6234
17.6772
17.9907
18.0223
18.1749
18.3442
18.3594
18.5755
18.6767
18.728
18.7384
18.893
18.992
19.1446
19.2958
19.3127
19.4409
19.8642
20.1334
20.1656
20.9844
21.0491
23.7337
24.1766
24.4565
24.4886
24.5091
25.1701
25.1827
25.793
25.9761
26.1798
26.6711
27.4324
27.6543
27.6561
27.8258
27.9293
27.9606
28.438
28.4503
29.15
29.4231
29.4604
29.8038
31.1782
32.5259
33.4347
34.2664
36.3715
36.3808
36.3968
36.4086
39.3552
39.3872
39.419
39.4637
41.0131
42.3423
42.3535
42.3591
42.3794
42.4151
45.1969
45.2475
45.2559
45.4611
45.6216
45.7253
45.7454
46.0952
46.8106
46.9695
47.0482
47.1799
47.5103
47.7686
47.8247
47.9305
47.9319
48.0903
48.0918
48.1061
48.3532
48.5923
48.7302
48.7609
49.0368
49.1241
49.2871
49.3124
49.3591
49.4521
49.4628
49.6558
49.826
49.9093
49.9608
50.1763
50.3463
50.5174
50.694
50.979
51.1515
51.3177
51.5605
51.7374
52.1436
54.7042
55.5476
55.8302
55.836
56.7917
57.5739
57.7991
58.0294
58.2944
58.4118
58.5223
58.7747
59.2629
59.7646
59.7687
60.5121
60.7812
60.8336
61.27
61.2726
61.5195
61.9785
61.9802
61.9857
62.2519
62.2573
62.2674
62.5975
62.7453
64.23399999999999
64.2722
65.9387
68.2016
68.2046
68.2103
68.22020000000001
68.2213
71.1798
71.18810000000001
71.2109
71.218
72.13500000000001
73.7226
74.17440000000001
74.1767
74.1782
74.18680000000001
74.1879
74.1977
74.28879999999999
77.5421
77.56270000000001
77.57380000000001
77.84350000000001
77.8631
78.024
78.1687
78.1887
78.2239
78.4002
78.4062
78.6326
79.00539999999999
79.0873
79.161
79.1824
79.18940000000001
79.503
79.6589
79.9228
80.0416
80.1871
80.28360000000001
80.31140000000001
80.3661
80.42270000000001
80.51349999999999
80.6602
80.6661
80.73999999999999
80.8729
80.87439999999999
80.94410000000001
81.15600000000001
81.2773
81.2837
81.3488
81.39230000000001
81.47280000000001
81.4744
81.52800000000001
81.84139999999999
82.0659
82.1788
82.1803
82.184
82.1942
82.5016
82.6807
83.0077
83.1139
83.2008
83.432
83.79640000000001
83.8601
86.36239999999999
86.53660000000001
86.9289
87.19
87.8781
88.6186
88.8618
88.8908
89.3292
89.9046
90.1045
90.1061
90.1079
90.3349
90.6206
91.01220000000001
91.4619
91.6155
91.8154
91.82470000000001
92.1679
92.3479
92.6015
92.6133
92.6931
93.0903
93.1062
93.17319999999999
93.3236
93.5891
93.60080000000001
94.0826
94.0883
94.09
94.0951
94.10299999999999
94.1046
96.0397
100.0338
100.036
100.0432
100.0448
100.0546
100.0714
104.0971
106.0074
106.0093
106.0113
106.0178
106.0226
106.0289
106.0324
108.3676
108.8396
109.1241
109.1333
109.377
109.6812
109.7045
109.7148
109.8228
109.8787
109.9906
109.9955
110.2085
110.2135
110.2158
110.2215
110.6249
110.6568
110.8347
110.8364
110.8378
111.1743
111.4811
111.4825
111.593
111.758
111.766
112.1085
112.2544
112.256
112.2589
112.2627
112.5959
112.7177
112.7801
113.1261
113.5449
113.5654
113.6675
113.6963
113.7261
113.9189
114.0118
114.0269
114.3575
114.5086
114.6425
114.6531
114.8605
114.9397
115.0827
115.1315
115.361
115.4909
115.5554
116.5372
118.2758
118.9748
119.4796
119.5538
120.5444
120.6897
120.6938
120.9476
120.9498
121.4416
121.9336
121.9428
121.9599
122.1516
122.4313
122.6681
122.6986
122.9284
123.4417
124.1619
124.4221
124.4302
124.5283
124.6671
124.6784
124.7418
124.9438
124.9854
125.1638
125.6361
126.2949
129.4401
129.9839
131.8612
131.8719
131.8779
131.8804
131.8833
131.8905
134.8719
134.8921
137.8396
137.8421
137.8509
137.855
141.2224
141.5174
141.5223
141.5395
141.5773
141.8302
141.8346
141.8605
142.2978
142.4694
143.426
143.4289
143.585
143.6005
143.8438
143.8512
144.1028
144.1792
144.2024
144.2121
144.3222
144.8407
145.1358
145.3214
145.3229
145.3777
145.5175
145.5528
145.8601
146.0247
146.0546
146.3283
146.4769
146.4824
146.9138
147.1945
147.1969
147.4616
147.5914
150.1634
151.1257
151.8352
151.9977
152.7733
152.7889
153.0231
153.7896
154.0192
154.4935
155.0251
155.295
155.4876
155.7533
155.7732
156.4752
156.7665
157
157.2603
157.2699
157.4867
157.5545
157.7644
158.0551
158.2115
160.4225
162.6643
163.6988
163.7041
163.7099
163.7186
166.7029
169.6749
169.6789
169.6862
169.6967
169.7089
169.723
172.5553
172.8351
173.0511
173.0614
173.7242
174.5139
174.8535
174.9948
175.1456
175.1467
175.2609
175.2735
175.4273
175.4349
175.6823
175.9222
175.933
176.5829
176.9784
177.1564
177.5597
177.7923
177.8467
177.9998
178.0014
178.0209
178.0691
178.3087
178.3559
178.5224
178.6244
178.6624
178.8873
179.0306
179.4795
182.8379
182.9279
183.3566
184.8522
184.9084
185.3245
185.3451
185.8274
186.1017
186.3148
186.8162
187.0999
187.3424
187.3596
187.6042
187.8171
188.0976
188.6095
188.6957
188.8203
189.5794
190.1944
191.5717
191.6174
193.317
193.3204
193.7876
195.5289
195.5322
195.5358
195.5498
195.5775
198.5229
198.5375
198.5392
198.5441
200.5586
201.5021
201.5071
201.513
201.5183
201.5452
203.7559
204.3098
204.5854
204.9488
204.9567
205.2407
205.4893
205.4975
205.7091
205.7204
205.9589
205.9654
206.3365
206.4872
206.8175
207.0888
207.2495
207.251
207.2577
207.511
207.5126
207.6269
207.7549
208.0689
208.1338
208.1996
208.216
208.3086
208.5555
208.6093
208.6272
208.701
208.7197
208.817
208.9915
209.1698
209.1912
209.2363
209.3905
209.5156
209.6714
209.9883
209.9976
210.0057
210.0375
210.1419
210.315
210.437
210.4428
210.4673
210.8669
210.9918
211.0313
211.2573
211.2602
211.2863
211.3819
211.4466
213.8559
214.0169
215.2201
215.2682
216.1926
216.4423
216.4474
216.4527
216.4789
216.6507
217.1545
217.2147
217.7081
217.9463
218.427
218.9508
219.4283
219.4457
219.6668
219.9375
220.4228
220.9151
220.9393
221.1691
221.4105
221.4181
225.0476
227.3595
227.3684
227.3695
227.3764
227.394
233.3369
233.347
235.7322
236.3088
236.3423
236.4513
236.72
237.0151
237.0181
237.5614
237.5641
237.7976
237.9907
238.3208
238.3235
238.515
238.8063
238.9426
239.0841
239.0872
239.0888
239.1005
239.1936
239.1989
239.3451
239.3483
239.3501
239.5883
239.8231
239.892
240.0396
240.0549
240.1391
240.2485
240.2504
240.304
240.652
241.0187
241.0545
241.1819
241.6785
241.7133
242.0461
242.1458
242.1791
242.5566
242.5943
243.0689
243.0872
246.1847
246.1957
246.2019
246.2099
246.2307
246.8304
246.8399
247.2917
248.3348
248.7799
249.2709
249.972
249.9736
250.3023
250.4657
250.5063
250.8487
251.2541
251.272
251.2755
252.2516
252.2679
252.7634
252.7742
253.2625
253.2782
253.5735
259.192
259.2074
259.2087
259.2153
259.2247
259.2385
259.2581
262.1967
262.2031
262.2096
262.2785
263.6359
265.1648
265.1711
265.1799
265.1852
266.9823
267.3807
267.9552
267.9886
268.5352
268.5533
268.5658
268.6108
268.8435
268.8465
268.896
269.1613
269.1791
269.6164
269.6218
269.6344
269.9596
270.3425
270.3447
270.7604
270.918
271.0229
271.2818
271.5072
271.5126
271.7593
271.8749
271.8791
271.8901
271.9524
272.08
272.0833
272.144
272.1502
272.1781
272.2935
272.8841
273.3491
273.367
273.3928
273.4235
273.5028
273.5087
273.6739
273.8295
273.8922
274.1079
274.1259
274.2563
274.7012
274.8001
275.0487
275.053
275.4856
275.5095
275.5171
277.2379
279.3725
280.1148
280.3098
280.3162
280.6052
281.1207
281.1405
282.6121
283.0853
283.104
283.1153
283.3432
283.8106
283.9567
284.0997
284.5793
284.6019
284.8041
285.0804
285.0987
285.4113
290.1765
296.9913
296.9982
297.0013
297.0205
297.0238
297.0285
297.5204
298.6927
299.4108
299.8041
299.8191
300.3741
300.3934
300.4361
300.8108
300.9844
300.9926
301.008
301.4464
301.4515
301.4591
301.4681
301.6367
301.8328
301.8406
301.8428
301.8584
301.987
302.0116
302.1707
302.1781
302.473
302.4763
302.5846
302.8671
303.0167
303.0178
303.028
303.2605
303.353
303.4823
303.5641
303.7711
303.7727
303.7855
303.8101
303.9351
304.1118
304.1216
304.1693
304.1941
304.3094
304.3115
304.3402
304.6886
304.7202
304.8435
304.863
304.8941
305.0198
305.0611
305.063
305.3383
305.3908
305.6857
306.2294
306.6331
306.6559
306.8884
307.0361
309.8222
309.8383
310.0072
310.4763
311.1659
311.6617
311.6645
312.1805
312.6607
312.6847
313.1461
313.4653
313.7006
314.1446
314.4406
314.9196
314.9255
314.9288
315.132
315.1409
315.4329
315.639
315.6596
315.9136
316.4185
316.4355
316.9104
316.9162
317.2148
317.2483
322.8694
322.8733
322.8759
322.8782
322.8795
322.8809
322.893
322.9006
322.9024
328.8281
328.8453
328.8483
328.8535
328.8595
328.8679
329.2293
330.2591
330.3119
331.2589
331.6196
331.6505
331.7871
332.197
332.2217
332.2311
332.5271
332.7002
332.8344
332.8404
333.4572
333.4638
333.4838
333.8397
334.0081
334.0165
334.3196
334.3229
334.4248
334.4338
334.4534
334.5981
334.6056
335.322
335.3863
335.5368
335.5382
335.5529
335.6401
335.7491
335.7604
335.9649
336.0084
336.0385
336.1402
336.1566
336.3262
336.3779
336.5055
336.5098
336.5854
336.9216
337.0836
337.1726
337.3285
337.4778
337.6495
337.8129
338.209
338.2118
338.2384
338.28
338.594
338.8724
339.165
340.9264
342.0184
342.0853
342.7956
342.8075
342.8369
343.2925
343.8082
343.9874
344.0116
344.1015
344.4764
344.5161
344.7702
344.7765
345.7618
345.7743
345.7793
345.9832
346.0386
346.2556
346.2609
346.2813
346.4985
346.9726
347.2315
347.2527
347.2562
347.2582
347.7511
348.2513
348.2843
349.0652
354.6892
354.6993
354.7057
354.7145
354.7797
355.7541
357.8534
360.6653
360.6667
360.6842
360.7204
361.0489
362.968
363.6938
364.3387
364.6539
364.679
364.9993
365.3016
365.809
365.8353
365.8398
365.8505
366.139
366.1596
366.283
366.4311
366.6792
366.6886
366.7847
366.9311
367.0037
367.1584
367.1671
367.5908
367.779
367.787
368.3404
368.3423
368.7077
368.7258
369.1734
369.4596
369.6039
369.8885
370.0285
373.676
375.3262
375.347
376.1051
376.8145
376.8415
377.1253
378.1093
378.1428
378.6075
379.0866
379.0954
380.0344
380.094
380.2965
380.5883
382.5645
382.6047
382.6165
384.2734
384.4347
386.539
386.5437
386.5499
386.565
389.544
391.1154
392.4945
392.5101
392.5114
392.5152
392.5216
392.5496
394.1597
394.7479
395.2984
395.4491
395.8681
395.8934
396.1919
396.4915
396.5095
396.7332
396.9452
397.3393
397.3444
397.4062
397.6781
397.6805
397.6815
397.9832
397.9861
398.2491
398.2637
398.515
398.7543
399.0904
399.264
399.4145
399.4276
399.6258
400.0018
400.5312
400.6732
400.6891
400.722
401.7273
401.9226
402.1264
402.5311
402.8518
405.2536
405.2708
405.7309
405.9908
406.1823
407.218
407.4764
407.9459
407.963
408.1819
408.4423
408.4581
409.1564
409.5194
409.9208
409.94
410.1414
410.6357
410.9493
411.7272
411.9303
411.9365
412.1663
412.4089
412.4368
416.9649
418.3528
418.3573
418.3588
419.4728
420.017
420.0256
420.0352
421.1436
424.333
424.336
424.3414
424.3427
424.7431
424.7721
426.5187
426.5215
426.528
427.1193
427.1587
427.7105
427.7618
427.8033
428.0109
428.021
428.3442
428.3913
428.7834
428.7873
428.7968
428.9583
429.1691
429.1851
429.8048
429.8116
429.8143
430.0821
430.4414
430.7008
430.7062
430.8139
430.8156
430.8957
431.0394
431.124
431.1329
431.2429
431.2598
431.4501
431.4619
431.504
431.657
431.7216
431.8261
432.0047
432.1822
432.2538
432.5273
432.6676
433.1684
433.2105
433.3125
433.6162
433.8239
434.1054
434.2143
434.2542
434.3719
436.6998
437.0324
437.3455
437.5223
437.6329
438.0104
438.5145
438.5448
438.5929
438.7921
438.9843
439.2866
439.49
439.9797
440.2732
440.471
440.4725
440.4915
441.2824
441.4752
441.4817
441.7781
441.853
442.2555
442.2571
442.2728
442.7639
443.0427
443.2459
443.4534
443.7688
443.8289
443.9878
443.9984
444.2746
445.9578
446.7284
447.3105
450.1918
450.1935
450.1952
450.2194
450.2306
456.167
456.1758
456.1774
456.1794
456.1838
456.1919
456.679
458.9553
458.9686
458.9856
459.0147
459.5488
459.5519
459.5539
459.859
459.8689
459.8949
459.9053
460.1622
460.1659
460.18
460.626
461.0178
461.1408
461.1428
461.1544
461.3322
461.3451
461.4604
461.4797
461.6513
461.9234
461.9333
462.0129
462.0884
462.1917
462.2016
462.432
462.8645
462.957
463.084
463.2762
463.2905
463.3338
463.4834
463.5434
463.5583
463.6609
463.678
463.8436
463.8486
463.8871
463.914
464.0128
464.0676
464.1916
464.2234
464.3421
464.3938
464.4985
464.5081
464.8293
464.8608
464.9999
465.1026
465.2138
465.243
465.3159
465.8745
465.9411
466.0484
466.5086
466.5159
468.9534
469.0285
470.3253
470.8387
471.6402
471.8141
472.0976
472.1054
472.1105
472.1255
472.1826
472.6251
473.1017
473.3035
473.3071
473.3449
473.589
473.63
474.1673
474.5839
474.5888
474.592
475.0806
475.0919
475.2898
475.3314
475.5858
475.5924
475.6079
475.8071
476.3886
