0.2411
0.5618
0.5665
0.5732
0.6026
0.6109
0.6542
0.6573
0.6795
0.7082000000000001
0.8136
0.8183
0.821
0.8224
0.8589
0.8672
1.0278
1.1099
1.2948
1.446
1.5312
1.5491
1.642
1.6956
2.555
2.6594
2.7425
2.9122
2.9246
2.9607
3.0913
3.1153
3.4357
3.8014
3.8732
4.0283
4.2049
4.2991
4.4768
4.5308
4.5357
4.5389
4.5405
4.5482
4.5501
4.5512
4.5553
4.5575
4.5628
4.5665
4.5749
4.5769
4.5786
4.5797
4.6011
4.6039
4.6163
4.6178
4.622
4.6233
4.6246
4.6312
4.6405
4.6445
4.6527
4.6545
4.6667
4.673
4.6767
4.692
4.7
4.7016
4.7113
4.7125
4.7271
4.7683
4.8066
4.8791
4.8877
4.964
4.9745
4.9902
5.0953
5.1205
5.158
5.1758
5.1865
5.1919
5.2316
5.3044
5.3505
5.3516
5.3545
5.4049
5.4069
5.4457
5.5172
5.5291
5.5386
5.5924
5.6062
5.6724
5.6776
5.7068
5.7361
5.8293
5.8368
5.9153
5.9315
5.9824
6.0042
6.0331
6.0421
6.0561
6.058
6.0592
6.0651
6.0692
6.0938
6.096
6.1685
6.2109
6.2667
6.3019
6.3374
6.3467
6.3719
6.3916
6.4188
6.4217
6.4569
6.5788
6.6024
6.6558
6.6893
6.7707
7.088
7.1536
7.5334
7.5549
7.5694
7.6128
7.659
7.6803
7.7341
8.054399999999999
8.0959
8.2438
8.851100000000001
9.027900000000001
9.1736
10.4784
10.508
10.5097
10.5109
10.5143
10.5177
10.5211
10.5394
10.5416
10.5636
10.5655
10.595
10.5971
10.606
10.6179
10.6426
10.6484
10.6585
10.7034
10.7054
10.7219
10.7291
10.7341
10.7459
10.8312
10.8423
10.8614
10.8849
10.9468
10.9541
10.9679
11.0103
11.0263
11.0303
11.0388
11.0458
11.1636
11.1663
11.1702
11.1952
11.2803
11.2992
11.3799
11.5047
11.5281
11.5437
11.5726
11.5746
11.6032
11.6593
11.7039
11.8038
11.8403
11.8902
11.9445
11.9634
11.9651
12.3005
12.3046
12.3244
12.3391
12.343
12.4537
12.4701
12.7305
12.9689
12.9801
12.996
13.1441
13.1462
13.4812
13.4833
13.6412
13.6759
13.8938
13.8952
13.8981
13.9081
13.9377
13.9412
13.9429
13.9525
13.9608
13.9759
13.9922
14.0544
14.0831
14.0908
14.1164
14.1512
14.2548
14.2578
14.2944
14.2966
14.31
14.3364
14.5014
14.5094
14.516
14.5449
14.5644
14.576
14.5776
14.5815
14.5985
14.6354
14.6392
14.6487
14.6542
14.6562
14.6672
14.7067
14.7079
14.725
14.7345
14.7591
14.7864
14.7938
14.8103
14.826
14.834
14.8772
14.9351
14.9578
14.96
14.9634
15.0158
15.0214
15.0238
15.0263
15.0285
15.0697
15.0776
15.148
15.1541
15.174
15.1818
15.194
15.206
15.2318
15.2388
15.342
15.3434
15.3451
15.3545
15.3637
15.406
15.4106
15.4171
15.4657
15.5041
15.5126
15.5523
15.5643
15.6716
15.6819
15.6868
15.7142
15.7218
15.7232
15.7376
15.7826
15.8266
15.8387
15.8491
15.8606
15.8628
15.8646
15.9726
15.9796
15.9841
15.9872
16.0005
16.0082
16.0369
16.0395
16.0739
16.0827
16.0847
16.1106
16.1173
16.1219
16.2541
16.2552
16.2569
16.2604
16.2633
16.2678
16.3088
16.3277
16.3751
16.4063
16.436
16.4418
16.521
16.5239
16.548
16.5652
16.5761
16.5956
16.6032
16.6236
16.6749
16.7713
16.8155
16.8221
16.8293
16.8374
16.8595
16.8709
16.8758
16.8774
16.9834
17.0169
17.0318
17.0364
17.0385
17.051
17.0646
17.2071
17.2091
17.2224
17.2327
17.2432
17.2471
17.2601
17.2999
17.3024
17.3055
17.3093
17.311
17.4061
17.4114
17.4165
17.4186
17.421
17.458
17.495
17.5549
17.6099
17.6143
17.6204
17.65
17.6636
17.6979
17.6997
17.7066
17.7976
17.8016
17.8072
17.8092
17.8122
17.8509
17.8732
17.8865
17.9926
18.0528
18.1634
18.1707
18.2166
18.2229
18.2334
18.242
18.2484
18.2846
18.3359
18.3449
18.3603
18.4042
18.4107
18.5129
18.5316
18.5525
18.5766
18.578
18.5921
18.6019
18.6893
18.7022
18.7257
18.7407
18.8352
18.8395
18.8418
18.8954
18.9279
18.9905
19.0074
19.0244
19.027
19.0306
19.0453
19.0564
19.0636
19.1344
19.1452
19.1549
19.1938
19.2016
19.2068
19.2868
19.2901
19.2931
19.3257
19.329
19.3317
19.3414
19.3425
19.4356
19.4366
19.4377
19.4412
19.4771
19.4888
19.5713
19.6151
19.6164
19.618
19.6362
19.6402
19.7255
19.7558
19.7577
19.7703
19.7775
19.8024
19.8509
19.8906
19.8933
19.8957
19.9969
20.0343
20.0398
20.0492
20.1228
20.125
20.1633
20.1701
20.2921
20.3696
20.3736
20.377
20.379
20.3805
20.4108
20.5387
20.6028
20.6991
20.7476
20.7933
21.1014
21.8038
21.9959
22.6909
22.9384
23.0156
23.025
23.1043
23.2479
23.2701
23.4942
23.4985
23.5638
23.5918
23.6139
23.6535
23.8687
23.9487
24.0294
24.0441
24.0465
24.051
24.0828
24.3144
24.3574
24.3861
24.4907
24.4953
24.5222
24.5255
24.5342
24.5851
24.6206
24.661
24.7072
24.7923
24.8019
24.9654
24.9749
24.9976
25.0114
25.0128
25.082
25.1272
25.1375
25.1507
25.1557
25.1711
25.1728
25.1934
25.1984
25.2258
25.2641
25.2721
25.2747
25.4467
25.4616
25.4977
25.5043
25.5101
25.5202
25.534
25.5532
25.5706
25.5753
25.5791
25.585
25.6954
25.7506
25.7619
25.8305
25.8501
25.9547
25.9632
26.0008
26.0028
26.0586
26.1842
26.2495
26.3642
26.3959
26.5125
26.5587
26.5788
26.5881
26.6351
26.6853
26.7416
26.9697
26.9731
26.9774
26.9844
27.0082
27.0623
27.0709
27.1207
27.1228
27.1818
27.2177
27.2364
27.3666
27.4444
27.4462
27.4474
27.567
27.5934
27.6164
27.7035
27.7232
27.7727
27.7798
27.8415
27.965
27.9746
27.987
28.0236
28.031
28.0674
28.0717
28.1402
28.1757
28.1819
28.253
28.2883
28.461
28.4858
28.5114
28.5255
28.5281
28.5442
28.5749
28.5859
28.608
28.6171
28.6313
28.7705
28.8258
28.9319
28.9341
28.9396
28.95
28.9589
28.972
28.9733
28.9784
28.9928
28.9971
29.0142
29.0153
29.021
29.0345
29.043
29.0482
29.1003
29.1374
29.1682
29.4652
29.4698
29.4852
29.4868
29.5013
29.5312
29.5456
29.5605
29.5892
29.6074
29.7215
29.7289
29.7855
29.9258
29.9332
29.9412
29.9566
29.9626
30.0063
30.0357
30.0635
30.0675
30.0768
30.1268
30.1802
30.2505
30.2756
30.2825
30.3091
30.3421
30.4373
30.4893
30.5156
30.5357
30.6334
30.6685
30.6806
30.9617
31.2862
32.4001
32.4065
32.7029
32.9803
33.0709
33.2313
33.3228
33.592
33.9665
34.1589
34.3903
34.4568
34.5173
34.5354
34.6834
34.813
35.0422
35.1771
35.3498
35.7593
35.7901
36.0492
36.3685
36.3718
36.3757
36.3788
36.3814
36.3874
36.4044
36.4063
36.4082
36.4106
36.4206
36.4398
36.4447
36.4467
36.4507
36.4525
36.4576
36.4791
36.4841
36.4939
36.4991
36.5038
36.5069
36.5099
36.5208
36.5359
36.5473
36.5678
36.6027
36.6485
36.6583
36.6747
36.6773
36.6839
36.7042
36.7135
36.7211
36.7364
36.7851
36.8001
36.8345
36.8519
36.8737
36.8807
36.9773
36.996
37.0433
37.0551
37.0597
37.0629
37.1025
37.1569
37.2238
37.2525
37.2685
37.2921
37.3827
37.4073
37.4213
37.4421
37.4443
37.4577
37.5123
37.5159
37.5292
37.5395
37.6821
37.6839
37.6851
37.7161
37.7224
37.7409
37.8042
37.8204
37.8767
37.8813
37.895
37.9169
37.9271
37.9598
38.0014
38.0583
38.0616
38.0818
38.1412
38.1451
38.273
38.3227
38.477
38.5091
38.6135
38.6444
38.6827
39.3479
39.3533
39.3565
39.4078
39.4664
39.5044
39.565
39.6131
39.6591
39.7576
39.7595
39.7999
40.1374
40.2108
40.5337
40.6246
41.1664
41.3328
41.384
41.5558
42.2752
42.3587
42.3673
42.3719
42.3898
42.3937
42.4169
42.4299
42.4315
42.4449
42.4494
42.4534
42.4594
42.4644
42.4768
42.4928
42.5284
42.5507
42.6011
42.6095
42.692
42.7038
42.8171
42.82
42.8269
42.857
42.8598
42.8849
42.8923
42.9427
43.0843
43.0886
43.3628
43.4024
43.4414
43.4769
43.6542
43.6762
43.8103
43.8449
44.5602
44.6236
44.7099
44.7411
44.743
44.8137
44.9358
44.9697
45.0421
45.0604
45.1055
45.1761
45.2672
45.3141
45.3608
45.3932
45.4161
45.4466
45.5685
45.7145
45.7501
45.7615
45.7793
45.7951
45.805
45.8105
45.8206
45.8443
45.859
45.8777
45.9046
45.9436
45.9549
45.9665
45.9869
46.0175
46.0308
46.0751
46.0877
46.112
46.114
46.1918
46.3328
46.3669
46.3805
46.3933
46.3971
46.4105
46.4184
46.4327
46.4347
46.4358
46.4395
46.479
46.4859
46.5182
46.5283
46.5423
46.5566
46.6177
46.6206
46.6268
46.638
46.6433
46.7144
46.7351
46.8069
46.8127
46.8309
46.8404
46.8794
46.8851
46.904
46.913
47.0448
47.0827
47.1668
47.1698
47.1729
47.1798
47.1833
47.1851
47.1923
47.2495
47.2541
47.2749
47.2951
47.3384
47.5066
47.5145
47.5222
47.5728
47.6022
47.6136
47.6614
47.6647
47.6974
47.7197
47.7346
47.7685
47.8137
47.8244
47.8547
47.8559
47.8621
47.8777
47.8941
47.9474
47.9577
47.9936
48.0223
48.0965
48.1543
48.1772
48.1817
48.2042
48.2107
48.2324
48.2516
48.3459
48.352
48.3838
48.3994
48.4061
48.4705
48.5195
48.5867
48.5987
48.6568
48.6667
48.6781
48.6807
48.6894
48.6994
48.7105
48.8404
48.8538
48.8707
48.8785
48.8889
48.9203
49.0478
49.092
49.0961
49.1211
49.1609
49.2556
49.2685
49.3175
49.3386
49.3649
49.4428
49.4557
49.4881
49.5141
49.5284
49.5296
49.5404
49.5431
49.5606
49.6381
49.6575
49.7166
49.7251
49.7277
49.7304
49.8251
49.8443
49.8676
49.8909
49.8985
49.9153
50.0003
50.002
50.0075
50.051
50.0686
50.1766
50.2057
50.2122
50.2527
50.3468
50.3997
50.4155
50.5011
50.511
50.5479
50.5546
50.6724
50.7416
50.8223
50.8701
50.8841
50.9027
50.976
50.983
51.0361
51.1449
51.1665
51.174
51.185
51.2748
51.2787
51.291
51.3104
51.319
51.3206
51.4533
51.4661
51.5614
51.5874
51.5887
51.5988
51.7258
51.7358
51.8216
51.8234
51.8679
51.8727
51.8772
51.9492
51.9538
52.0025
52.0796
52.0998
52.1191
52.2104
52.2126
52.2604
52.4295
52.6595
52.6666
53.3454
54.109
54.2093
54.4544
54.6647
55.071
55.1485
55.3102
55.4615
55.5285
55.5999
55.6048
55.6286
55.8996
55.9126
55.9265
55.9548
56.1313
56.2176
56.4556
56.5641
56.5687
56.593
56.6606
56.7775
56.7971
56.8592
56.8691
56.9103
56.9649
56.976
57.0851
57.1117
57.1319
57.1372
57.3455
57.4019
57.4466
57.457
57.5816
57.7336
57.8196
57.829
57.8652
57.9529
58.0916
58.1015
58.2778
58.3369
58.3637
58.3881
58.3949
58.4465
58.5246
58.5578
58.577
58.6067
58.6086
58.6191
58.7074
58.78
58.8129
58.8172
58.8241
58.8425
58.8655
58.8669
58.8966
58.9292
58.9365
58.9517
58.9942
59.0938
59.1588
59.1676
59.2731
59.2779
59.3089
59.3976
59.4217
59.43
59.5095
59.522
59.5802
59.5965
59.7754
59.8384
59.847
59.8518
59.862
59.8734
59.8848
59.9124
59.9232
60.0087
60.0214
60.118
60.1219
60.1486
60.3018
60.33
60.3674
60.387
60.4121
60.4607
60.5061
60.5544
60.5755
60.5885
60.5951
60.5998
60.6161
60.6203
60.6646
60.7662
60.797
60.8024
60.8057
60.8244
60.8504
60.9001
60.9759
61.0906
61.1494
61.291
61.2995
61.331
61.3523
61.4307
61.4381
61.5609
61.6848
61.7732
61.7981
61.877
61.8929
61.9069
61.9214
61.9235
61.9384
61.9712
62.1152
62.1547
62.2638
62.2805
62.3067
62.3211
62.3545
62.477
62.4892
62.6539
62.6897
62.8614
64.2152
64.245
64.3218
64.35850000000001
64.3826
64.42919999999999
64.4744
64.65300000000001
64.8379
64.8437
65.0097
65.08969999999999
65.6086
66.0157
66.20780000000001
66.4367
66.44750000000001
66.68429999999999
66.871
66.93819999999999
67.0472
67.4833
67.7869
67.9312
68.2084
68.2137
68.21639999999999
68.2193
68.2268
68.229
68.23269999999999
68.2398
68.25
68.2578
68.2632
68.27290000000001
68.28
68.29470000000001
68.3009
68.31010000000001
68.313
68.3207
68.3421
68.3533
68.35599999999999
68.3578
68.37690000000001
68.3993
68.4213
68.4469
68.49509999999999
68.53230000000001
68.5891
68.6536
68.6798
68.6812
68.75239999999999
68.7835
68.7931
68.86320000000001
68.901
68.9024
68.90560000000001
68.91160000000001
68.9455
68.9687
68.9996
69.074
69.10250000000001
69.11109999999999
69.163
69.2401
69.24460000000001
69.2487
69.253
69.3112
69.33620000000001
69.3845
69.3871
69.4695
69.4948
69.4978
69.53749999999999
69.575
69.63930000000001
69.6611
69.68819999999999
69.7561
69.83669999999999
69.8428
69.8558
69.87269999999999
69.8955
69.913
70.0401
70.27209999999999
70.5749
71.05500000000001
71.1148
71.11790000000001
71.1897
71.1955
71.2097
71.2444
71.2801
71.29430000000001
71.32550000000001
71.3866
71.46980000000001
71.5022
71.5295
72.08839999999999
73.0688
73.0968
73.14149999999999
73.64790000000001
73.71250000000001
74.1782
74.1832
74.18519999999999
74.1867
74.1905
74.1919
74.2106
74.2119
74.2223
74.23050000000001
74.24039999999999
74.2423
74.2663
74.27500000000001
74.2794
74.2987
74.3421
74.34480000000001
74.3591
74.3703
74.38200000000001
74.4102
74.4449
74.51139999999999
74.5228
74.54600000000001
74.6155
74.6643
74.6769
74.77549999999999
74.78619999999999
74.8677
74.8951
75.0675
75.1878
75.21510000000001
75.233
75.2349
75.27509999999999
75.30249999999999
75.46729999999999
75.577
75.6253
75.8896
75.99550000000001
76.0142
76.32170000000001
76.4003
76.6973
76.8681
76.90519999999999
76.9742
76.9761
76.9782
77.0123
77.12009999999999
77.1275
77.38379999999999
77.52209999999999
77.55800000000001
77.5684
77.57040000000001
77.5746
77.57940000000001
77.58329999999999
77.5896
77.60169999999999
77.62569999999999
77.6477
77.6558
77.6878
77.7302
77.73999999999999
77.76139999999999
77.93040000000001
77.9508
77.9572
77.9849
78.04170000000001
78.1318
78.1601
78.16930000000001
78.1797
78.20820000000001
78.2146
78.2317
78.25149999999999
78.29170000000001
78.3135
78.322
78.3426
78.358
78.3716
78.443
78.447
78.4516
78.461
78.4892
78.6219
78.6324
78.6348
78.63679999999999
78.6656
78.6788
78.6913
78.69289999999999
78.6979
78.706
78.7116
78.7283
78.73690000000001
78.7475
78.7527
78.7657
78.78449999999999
78.7974
78.8004
78.8108
78.8124
78.8235
78.8642
78.878
78.90049999999999
78.90170000000001
78.90779999999999
78.99769999999999
79.0018
79.00700000000001
79.0134
79.0177
79.06189999999999
79.07250000000001
79.0752
79.0802
79.0819
79.1031
79.133
79.16889999999999
79.1738
79.1764
79.19589999999999
79.202
79.3364
79.3396
79.34220000000001
79.37909999999999
79.4091
79.4241
79.4355
79.4376
79.4388
79.48699999999999
79.50069999999999
79.5044
79.53060000000001
79.5408
79.6219
79.6407
79.64319999999999
79.6444
79.6651
79.6722
79.6921
79.70229999999999
79.7056
79.7122
79.77370000000001
79.7878
79.9181
79.9194
79.9286
79.9849
79.9943
80.0544
80.0699
80.1024
80.1434
80.17059999999999
80.1917
80.1978
80.2047
80.22
80.22239999999999
80.23560000000001
80.2385
80.2411
80.2454
80.2672
80.26949999999999
80.304
80.32680000000001
80.4194
80.4216
80.4235
80.4258
80.4306
80.4421
80.45829999999999
80.4665
80.47020000000001
80.4821
80.4888
80.499
80.6275
80.6486
80.65389999999999
80.6627
80.6653
80.7056
80.7246
80.7392
80.7405
80.75190000000001
80.77760000000001
80.7816
80.86660000000001
80.8978
80.9134
80.9438
80.95050000000001
81.0716
81.1195
81.1292
81.1527
81.1621
81.2784
81.2945
81.3125
81.3532
81.3647
81.4717
81.5365
81.5384
81.65600000000001
81.67140000000001
81.6739
81.6765
81.67870000000001
81.83159999999999
81.8409
81.84690000000001
81.86150000000001
81.8629
81.8652
81.8888
81.8997
82.00149999999999
82.0172
82.0364
82.05710000000001
82.08710000000001
82.1656
82.1773
82.1829
82.1999
82.21599999999999
82.24209999999999
82.3336
82.33540000000001
82.3373
82.3866
82.4984
82.5076
82.56489999999999
82.5899
82.7011
82.7046
82.71639999999999
82.72750000000001
82.8074
82.85590000000001
82.86190000000001
82.8668
82.8809
82.98309999999999
82.9948
83.0013
83.0063
83.0137
83.10290000000001
83.1172
83.1562
83.15819999999999
83.1808
83.1861
83.2377
83.2413
83.28149999999999
83.2846
83.29600000000001
83.30029999999999
83.43600000000001
83.4405
83.4485
83.4586
83.5189
83.5705
83.5737
83.657
83.66030000000001
83.6927
83.7859
83.80970000000001
83.82599999999999
83.84
83.9104
83.9665
84.0455
84.07850000000001
84.0915
84.3013
84.6936
84.87
85.774
86.1675
86.24160000000001
86.7161
86.9331
87.0124
87.18470000000001
87.19929999999999
87.27679999999999
87.70999999999999
87.867
88.18729999999999
88.70140000000001
88.7234
88.8764
88.89409999999999
88.9537
88.9962
89.10590000000001
89.1084
89.1476
89.16800000000001
89.173
89.18219999999999
89.2251
89.2379
89.26479999999999
89.2688
89.2722
89.27670000000001
89.28189999999999
89.29430000000001
89.45950000000001
89.5117
89.62609999999999
89.7109
89.71720000000001
89.7197
89.739
89.74760000000001
89.7859
89.85039999999999
89.8587
89.87130000000001
89.8733
89.9485
90.1279
90.1561
90.17019999999999
90.21129999999999
90.2128
90.23390000000001
90.2582
90.34999999999999
90.36109999999999
90.4177
90.44710000000001
90.4631
90.7032
90.71429999999999
90.7329
90.7693
90.8061
90.83410000000001
90.8464
90.95829999999999
91.02549999999999
91.1026
91.1328
91.1484
91.1718
91.1872
91.1992
91.2059
91.21420000000001
91.32680000000001
91.3588
91.402
91.4345
91.619
91.62909999999999
91.6412
91.6486
91.66160000000001
91.6974
91.6992
91.7045
91.7359
91.7552
91.7637
91.7706
91.8382
91.85599999999999
91.898
92.10469999999999
92.11279999999999
92.14319999999999
92.1613
92.1627
92.24079999999999
92.24299999999999
92.2893
92.373
92.3841
92.4239
92.4282
92.4508
92.47499999999999
92.5997
92.6319
92.63330000000001
92.6747
92.67749999999999
92.68770000000001
92.7289
92.8099
92.8586
92.8967
92.9499
92.97029999999999
93.11620000000001
93.1575
93.16630000000001
93.17319999999999
93.17449999999999
93.1758
93.1781
93.18899999999999
93.22110000000001
93.22280000000001
93.2848
93.3287
93.3526
93.35809999999999
93.3715
93.395
93.4276
93.4562
93.5975
93.61
93.6157
93.6277
93.6561
93.6619
93.68470000000001
93.69240000000001
93.6973
93.73699999999999
93.75700000000001
93.7727
93.7903
93.8051
93.8305
93.84869999999999
93.8663
93.9462
94.09610000000001
94.1062
94.1176
94.1508
94.16370000000001
94.1818
94.19119999999999
94.1977
94.37130000000001
94.4795
95.235
95.65219999999999
95.6833
95.97
96.0729
96.1044
96.2303
96.2518
96.3698
96.3747
96.4162
96.4191
96.4686
96.504
96.5254
96.65430000000001
96.8092
96.87730000000001
96.8852
97.05249999999999
97.9915
98.0176
98.02670000000001
98.74639999999999
99.0052
99.0934
99.1186
99.16370000000001
99.922
100.0364
100.0387
100.044
100.0503
100.0853
100.0897
100.0939
100.1042
100.1156
100.1176
100.1337
100.1445
100.1457
100.1492
100.1514
100.1595
100.166
100.1688
100.1919
100.2209
100.2227
100.2356
100.257
100.2654
100.2694
100.2748
100.278
100.4406
100.4548
100.4846
100.493
100.5598
100.5956
100.6102
100.6117
100.6231
100.6244
100.6489
100.6506
100.6567
100.672
100.7023
100.7296
100.7451
100.8624
100.8802
100.8835
100.8902
100.9031
100.937
101.0223
101.112
101.1156
101.1249
101.1673
101.1799
101.292
101.3173
101.3548
101.4403
101.4727
101.4777
101.4809
101.7934
101.939
101.9428
101.9742
102.0139
102.2482
102.2539
102.2969
102.3676
102.4228
102.5233
102.5756
102.5961
102.6808
102.7019
102.712
102.8224
102.8739
102.9819
103.0204
103.028
103.0575
103.0623
103.0703
103.0722
103.1744
103.2622
103.352
103.4408
103.7689
103.8592
104.101
104.7675
105.3529
105.6091
105.6982
106.0125
106.0144
106.0173
106.0228
106.0297
106.0357
106.0452
106.0532
106.0723
106.0758
106.0789
106.1031
106.1048
106.1102
106.1141
106.1212
106.1358
106.1803
106.2548
106.2786
106.2818
106.3327
106.3467
106.3504
106.3762
106.3904
106.4181
106.4221
106.4291
106.4537
106.4729
106.5615
106.6731
106.7003
106.7072
106.7582
106.7605
106.7747
107.0759
107.0957
107.113
107.1426
107.1478
107.1802
107.2259
107.294
107.3039
107.3423
107.4339
107.5992
107.7735
107.7753
107.93
108.094
108.2601
108.2859
108.2883
108.3121
108.3405
108.3682
108.3719
108.4605
108.7102
108.7195
108.7664
108.7817
108.7905
108.8163
108.8219
108.8418
109.033
109.0908
109.0992
109.1355
109.3815
109.3966
109.4016
109.4087
109.4253
109.4349
109.4393
109.4427
109.4444
109.4469
109.4775
109.4966
109.518
109.6034
109.6412
109.6737
109.6824
109.6975
109.7155
109.7688
109.8051
109.8755
109.978
110.0429
110.045
110.058
110.0597
110.0618
110.067
110.083
110.0856
110.0888
110.0982
110.1608
110.1707
110.1826
110.2324
110.2819
110.4464
110.4486
110.4548
110.4569
110.5
110.5103
110.5265
110.5285
110.5302
110.5435
110.553
110.583
110.5845
110.6776
110.6858
110.7006
110.7016
110.7179
110.7311
110.7397
110.8264
110.8281
110.8422
110.8726
110.889
110.9175
111.0193
111.0225
111.0468
111.0547
111.0735
111.1673
111.1716
111.1784
111.1907
111.2083
111.2108
111.2126
111.2763
111.3148
111.3324
111.3439
111.3778
111.4627
111.465
111.4674
111.4699
111.4748
111.5303
111.5372
111.5426
111.5815
111.5835
111.6104
111.6117
111.6619
111.7506
111.7523
111.7554
111.8771
111.9022
111.9099
111.9787
112.0027
112.0047
112.0638
112.0728
112.0804
112.0856
112.1069
112.1103
112.1301
112.1431
112.1709
112.2459
112.2519
112.2712
112.2948
112.3116
112.319
112.3768
112.4848
112.5466
112.5494
112.5758
112.5901
112.622
112.6913
112.8041
112.8077
112.8192
112.8532
112.9009
112.9035
112.9046
112.9067
112.9556
112.9769
112.999
113.0083
113.011
113.1001
113.1076
113.1119
113.1163
113.1347
113.1496
113.1578
113.1683
113.1824
113.194
113.2446
113.2937
113.2984
113.3014
113.3151
113.3396
113.3445
113.3568
113.3603
113.3707
113.386
113.3875
113.4777
113.482
113.4879
113.4971
113.537
113.5509
113.6617
113.6639
113.6692
113.7071
113.7103
113.7437
113.7574
113.7911
113.833
113.8349
113.8373
113.8866
113.8991
113.9166
114
114.0047
114.1607
114.1625
114.1637
114.1657
114.1694
114.217
114.2209
114.2322
114.2481
114.25
114.3896
114.3953
114.3967
114.399
114.4742
114.4899
114.4916
114.5036
114.5469
114.5545
114.6281
114.636
114.6666
114.6934
114.6977
114.6996
114.7048
114.7321
114.7749
114.7844
114.8013
114.8337
114.9184
114.9305
114.9318
114.9341
114.983
114.9913
115.0341
115.0641
115.0676
115.0735
115.0776
115.1196
115.2113
115.2141
115.2168
115.2698
115.3418
115.3455
115.353
115.3636
115.4204
115.474
115.4787
115.4837
115.5214
115.5265
115.5398
115.5932
115.6107
115.6145
115.6203
115.742
115.7467
115.7952
115.7965
115.8638
115.8723
115.9132
115.915
115.9179
116.0094
116.1421
116.1562
116.1795
116.1833
116.2995
116.4412
116.5855
116.7662
116.7711
117.0202
117.0775
117.1012
117.1106
117.2522
117.3639
117.548
117.5792
117.658
117.6848
118.0184
118.1877
118.3339
118.4428
118.4813
118.5225
118.5611
118.6377
118.9004
118.9342
119.0232
119.042
119.0641
119.1099
119.1365
119.2102
119.475
119.4808
119.4835
119.6057
119.6359
119.6392
119.6849
119.763
119.7776
119.9911
119.9931
120.0208
120.0241
120.0309
120.2349
120.3277
120.4693
120.5105
120.5162
120.5303
120.5781
120.6327
120.7067
120.7225
120.9436
121.0261
121.0285
121.0433
121.1629
121.2377
121.4487
121.4861
121.5401
121.5463
121.5623
121.5832
121.6021
121.6045
121.6955
121.7197
121.8094
121.944
121.9934
122.0071
122.0117
122.0133
122.0164
122.0522
122.0565
122.159
122.192
122.2492
122.2694
122.3012
122.3174
122.4357
122.5104
122.519
122.574
122.583
122.6675
122.6848
122.7407
122.7467
122.8374
122.9338
122.9367
122.9478
122.9639
122.9989
123.0136
123.0282
123.0331
123.0362
123.0736
123.1319
123.451
123.4688
123.5143
123.5644
123.5762
123.7923
123.8056
123.9311
123.9325
123.9704
124.0045
124.0153
124.1691
124.3272
124.3362
124.4222
124.4386
124.4426
124.6907
124.7373
124.7903
124.922
124.9266
124.9444
124.985
124.9923
124.9983
125.0024
125.0407
125.0455
125.1691
125.1966
125.4394
125.4771
125.5944
125.7696
125.9192
125.9228
125.943
125.9764
125.978
125.9865
125.9905
126.0246
126.0522
126.1387
126.147
126.5607
126.8817
126.9509
127.0118
127.0305
127.0869
127.1488
127.243
127.6242
127.7136
127.8887
127.8916
128.0815
128.1557
128.1795
128.2117
128.2219
128.2398
128.2578
128.3575
128.3633
128.753
128.7626
129.149
129.1967
129.4554
130.1196
130.1731
131.0903
131.7653
131.8629
131.8662
131.8722
131.8792
131.8835
131.8879
131.8904
131.8973
131.9278
131.9328
131.939
131.9424
131.9466
131.9488
131.9505
132.0206
132.0217
132.0444
132.049
132.0551
132.0571
132.1012
132.1146
132.1484
132.1521
132.2006
132.2158
132.2252
132.3459
132.348
132.3584
132.3633
132.4778
132.5257
132.6176
132.6223
132.6419
132.6452
132.7
132.7888
132.9618
132.9635
132.9779
133.0241
133.0656
133.0685
133.1143
133.1294
133.1456
133.3075
133.4248
133.4448
133.4602
133.5766
133.5937
133.6122
133.7384
133.8667
133.9277
134.0151
134.054
134.1083
134.1513
134.1858
134.4136
134.5837
134.6194
134.6262
134.6586
134.8441
134.8504
134.8619
134.8761
134.8876
135.0078
135.3445
135.5693
135.6395
135.9561
136.8731
137.2083
137.8318
137.8329
137.8345
137.8373
137.8466
137.8518
137.8717
137.883
137.8994
137.9029
137.9193
137.9356
137.9426
137.946
137.9645
138.0202
138.0325
138.0344
138.0365
138.0676
138.1636
138.2078
138.2498
138.3549
138.3567
138.3647
138.3666
138.3683
138.4183
138.6356
138.7373
138.7512
138.8461
138.8517
138.9535
139.2255
139.2884
139.3231
139.3266
139.3658
139.7876
139.8692
139.8704
139.9694
140.0473
140.0519
140.0618
140.2002
140.2329
140.2674
140.3296
140.3704
140.384
140.3881
140.4987
140.532
140.9601
141.0956
141.209
141.214
141.2165
141.2238
141.244
141.2669
141.2945
141.4671
141.4723
141.5032
141.5209
141.5404
141.8244
141.8293
141.8308
141.8645
141.8984
141.8999
141.9078
141.9953
141.9977
142.0669
142.1099
142.1742
142.2042
142.2747
142.2772
142.2798
142.2868
142.2922
142.3045
142.3128
142.3152
142.3456
142.3529
142.4177
142.478
142.4925
142.5376
142.5458
142.6469
142.6513
142.6709
142.6899
142.712
142.7289
142.7396
142.7829
142.8175
142.8348
142.8909
142.8978
143.0016
143.0074
143.0241
143.0263
143.0434
143.0483
143.0625
143.0834
143.182
143.2206
143.3004
143.3042
143.3091
143.3132
143.3156
143.3432
143.3468
143.3539
143.3563
143.3621
143.3905
143.444
143.4749
143.5213
143.5828
143.5954
143.6613
143.7224
143.8419
143.9087
143.9229
143.9302
143.9506
143.954
143.9715
144.0062
144.0766
144.0999
144.1357
144.14
144.1523
144.1555
144.1806
144.2096
144.3131
144.3802
144.4389
144.4475
144.5251
144.5307
144.5342
144.5468
144.5651
144.586
144.5878
144.6195
144.6377
144.7402
144.7421
144.748
144.8138
144.8798
144.935
144.9386
144.9422
144.9498
144.9853
144.9999
145.0193
145.0295
145.0519
145.1332
145.1468
145.1717
145.1821
145.186
145.1933
145.2173
145.2319
145.2849
145.3093
145.3119
145.3587
145.3828
145.3881
145.5037
145.5369
145.5389
145.5559
145.6231
145.6601
145.6707
145.7435
145.8413
145.855
145.8594
145.8863
145.8976
145.9059
145.9169
145.9256
145.9631
145.9938
145.997
145.9991
146.0026
146.0045
146.0092
146.0576
146.0754
146.1538
146.1576
146.1609
146.2092
146.2216
146.2284
146.2433
146.3222
146.3734
146.3769
146.3892
146.4683
146.5251
146.527
146.5315
146.6198
146.6351
146.6611
146.6628
146.6692
146.6719
146.6759
146.687
146.7622
146.7652
146.7683
146.7801
146.8067
146.8243
146.9007
146.9043
146.9614
147.037
147.0388
147.0429
147.0458
147.0478
147.0926
147.0959
147.1744
147.2019
147.2372
147.249
147.2826
147.3107
147.3154
147.322
147.3557
147.3572
147.3598
147.4416
147.4481
147.478
147.481
147.4959
147.5037
147.5264
147.5309
147.5762
147.5783
147.6199
147.621
147.6375
147.6568
147.7029
147.7248
147.7357
147.741
147.7474
147.749
147.7506
147.7568
147.8581
147.9223
148.0387
148.1286
148.1777
148.2743
148.4341
148.8556
149.5904
149.9791
150.4091
150.4729
150.5457
150.6027
150.6095
150.8412
150.9293
150.9947
151.2543
151.3903
151.4034
151.4114
151.4219
151.8263
151.8903
152.0426
152.0588
152.1659
152.2643
152.2709
152.3258
152.3322
152.334
152.3581
152.3636
152.5103
152.5135
152.6058
152.6115
152.6229
152.6332
152.6387
152.7553
152.7766
152.7793
152.8511
152.8917
152.894
152.9286
152.9398
153.012
153.0198
153.0335
153.11
153.1152
153.2701
153.2752
153.3209
153.4171
153.4231
153.4796
153.4807
153.5119
153.5149
153.5465
153.5766
153.7661
153.7717
153.8225
153.8277
153.8321
153.8398
153.8443
153.8504
153.8692
153.9453
153.9508
154.0672
154.3162
154.3756
154.3885
154.4248
154.4938
154.5014
154.6058
154.769
154.7708
154.7748
154.7819
154.7971
154.8237
154.8335
154.8404
154.851
154.8546
154.8722
154.8795
154.9113
154.9997
155.0162
155.0219
155.0628
155.1083
155.2559
155.2602
155.2621
155.2638
155.2716
155.3373
155.3567
155.3766
155.3889
155.4786
155.4954
155.5068
155.5097
155.5784
155.6619
155.6751
155.7622
155.7752
155.7845
155.8099
155.817
155.8455
155.8468
155.9466
156.0221
156.0747
156.101
156.1307
156.2779
156.2869
156.2984
156.2999
156.3134
156.3299
156.3394
156.3434
156.3677
156.4956
156.5095
156.5632
156.593
156.7183
156.756
156.7672
156.7704
156.7909
156.8304
156.8618
156.8994
156.9024
156.916
156.9695
157.0503
157.0709
157.1705
157.2516
157.2573
157.2601
157.3275
157.4545
157.4602
157.4761
157.5285
157.5433
157.5667
157.5836
157.818
157.8253
158.072
158.0799
158.1053
158.1287
158.224
158.334
159.3792
159.7727
159.7767
159.8416
159.922
159.977
160.0434
160.241
160.3593
160.9472
160.9785
161.2004
161.2122
161.782
161.8416
162.4605
162.9784
163.4175
163.6757
163.6915
163.6951
163.6969
163.7013
163.7056
163.7129
163.7278
163.7299
163.7326
163.7552
163.7679
163.7726
163.7791
163.7876
163.7967
163.8054
163.8104
163.8258
163.8726
163.8765
163.8817
163.8908
163.9084
163.9326
163.9449
163.952
163.9967
164.0052
164.0249
164.1278
164.176
164.1839
164.2045
164.3597
164.4105
164.4657
164.5486
164.575
164.6533
164.6657
164.6738
164.7474
164.7547
164.8169
164.8282
164.8699
164.9221
164.9394
165.0293
165.1127
165.1542
165.1797
165.1946
165.2494
165.2763
165.2797
165.2826
165.3014
165.7955
165.804
165.925
166.0536
166.1026
166.1922
166.358
166.4627
166.689
166.6959
166.7555
166.774
166.969
166.996
167.0499
167.746
167.7566
169.1369
169.1896
169.2873
169.4853
169.4914
169.6899
169.6911
169.694
169.6968
169.7272
169.7319
169.7351
169.7507
169.7588
169.7982
169.8209
169.8558
169.8703
169.8725
169.9213
169.9783
169.9982
170.0048
170.1182
170.162
170.1653
170.1833
170.2906
170.3164
170.3262
170.3392
170.3563
170.4217
170.4264
170.4876
170.5182
170.5894
170.6208
170.7096
170.7373
170.7798
170.7959
170.8013
170.8121
171.0715
171.2119
171.2383
171.3185
171.3273
171.4408
171.4525
171.7501
171.8599
171.9457
171.9819
172.1112
172.2162
172.2784
172.2958
172.4346
172.4834
172.6079
172.6785
172.7521
172.7851
172.8328
173.0411
173.0532
173.0688
173.0816
173.1049
173.1185
173.128
173.2304
173.2382
173.248
173.2549
173.3517
173.3999
173.404
173.4115
173.4623
173.4683
173.5005
173.6031
173.6903
173.7117
173.7357
173.7385
173.7707
173.783
173.8
173.8826
173.8904
173.9041
173.993
174.0283
174.109
174.117
174.1222
174.1684
174.1721
174.1916
174.2045
174.2094
174.3148
174.4049
174.4245
174.5175
174.5445
174.5531
174.5576
174.5666
174.5754
174.5798
174.5832
174.6084
174.6106
174.657
174.6598
174.6811
174.6953
174.8294
174.835
174.8378
174.8448
174.8863
174.8898
174.898
174.9074
174.9208
174.9747
175.0121
175.0292
175.1354
175.1422
175.1484
175.2029
175.2156
175.2304
175.2735
175.2895
175.291
175.3111
175.4141
175.4161
175.4201
175.4255
175.4295
175.4338
175.461
175.4699
175.478
175.4932
175.5499
175.5528
175.5798
175.7473
175.7919
175.8012
175.8101
175.8423
175.9208
175.9245
175.9669
175.972
175.9766
175.9799
175.9887
176.081
176.1401
176.1434
176.151
176.1633
176.2101
176.2115
176.215
176.23
176.2502
176.2638
176.368
176.425
176.4768
176.482
176.5111
176.5657
176.5772
176.5923
176.6298
176.6879
176.7721
176.9594
176.9636
176.9655
176.9675
177.0251
177.0323
177.0616
177.1469
177.1487
177.1595
177.1829
177.2107
177.2317
177.3274
177.3304
177.3899
177.3942
177.4305
177.4917
177.503
177.5086
177.5462
177.5478
177.6715
177.6758
177.7144
177.7454
177.8317
177.9065
177.9861
177.9938
177.9958
177.9997
178.0025
178.0466
178.0513
178.0577
178.0878
178.1467
178.1503
178.1514
178.156
178.2032
178.2073
178.214
178.2378
178.3044
178.3536
178.3588
178.4407
178.4509
178.4665
178.5008
178.5876
178.5934
178.6473
178.741
178.778
178.7836
178.7985
178.8048
178.8119
178.8174
178.8792
178.9181
178.9295
178.9332
178.9366
178.9541
178.9739
179.0081
179.0137
179.0165
179.0201
179.0646
179.0656
179.0706
179.0803
179.1496
179.1653
179.1882
179.1897
179.1908
179.2024
179.2796
179.3402
179.4004
179.405
179.4077
179.4102
179.4138
179.4541
179.46
179.4612
179.4794
179.5399
179.5427
179.5904
179.5932
179.6256
179.8195
179.931
180.0544
180.0613
180.1233
180.1742
180.6129
180.709
180.8303
181.1494
181.258
181.3772
181.7077
181.7638
181.9237
181.975
182.0139
182.2394
182.2446
182.4427
182.7831
182.8512
183.1515
183.1853
183.1995
183.2099
183.2888
183.2979
183.3087
183.3185
183.6267
183.6579
183.6695
183.6889
183.7155
183.7267
183.749
183.7901
183.8078
183.8577
183.928
184.1117
184.2034
184.2163
184.2313
184.2438
184.2622
184.2696
184.3602
184.4705
184.514
184.6615
184.6775
184.68
184.776
184.8311
184.8435
184.8999
185.0381
185.1049
185.1714
185.1796
185.1994
185.2354
185.301
185.3358
185.3404
185.4173
185.6261
185.6563
185.6889
185.6922
185.7
185.7121
185.7176
185.7649
185.8602
185.8724
186.1011
186.1083
186.114
186.1175
186.1473
186.1746
186.1792
186.1848
186.2017
186.2055
186.2227
186.2262
186.269
186.2744
186.3269
186.3648
186.4592
186.5989
186.6077
186.6333
186.6568
186.6649
186.6693
186.6786
186.6896
186.7381
186.7497
186.8336
186.9402
186.9915
187.0756
187.0897
187.1005
187.1147
187.119
187.1642
187.2046
187.2176
187.3343
187.447
187.5249
187.5835
187.5935
187.5989
187.6548
187.6791
187.6814
187.6836
187.6863
187.6994
187.7955
187.8728
187.8839
187.9068
187.9112
187.965
188.0844
188.0994
188.131
188.1471
188.1571
188.1666
188.1923
188.2214
188.2241
188.2986
188.3615
188.3872
188.4933
188.5938
188.6
188.6227
188.6482
188.6541
188.6582
188.6645
188.6935
188.7329
188.7613
188.9347
188.9683
189.0927
189.1169
189.1356
189.1528
189.1658
189.167
189.1707
189.1786
189.1944
189.209
189.2286
189.2347
189.2451
189.2692
189.332
189.3529
189.3949
189.5875
189.6128
189.6313
189.6497
189.6551
189.672
189.6735
189.684
189.7088
189.7893
189.9226
190.0348
190.2482
190.3785
190.7564
190.7598
190.9738
191.0318
191.5468
191.5487
191.5506
191.5599
191.5758
191.6038
191.6437
191.7076
191.7174
191.746
191.836
191.8552
191.9726
191.9959
192.8242
192.8382
193.5428
194.037
194.3284
194.3438
194.3472
194.6242
194.8231
195.525
195.527
195.5301
195.5339
195.5359
195.5375
195.539
195.5401
195.5421
195.548
195.5795
195.5814
195.5919
195.6101
195.6122
195.6321
195.6412
195.66
195.6652
195.6799
195.6928
195.7019
195.745
195.7476
195.753
195.7679
195.7789
195.8081
195.825
195.8307
195.8563
195.8764
195.9194
195.9368
195.9602
195.9901
195.9917
195.9993
196.0711
196.0928
196.1136
196.1377
196.2037
196.2179
196.2786
196.3238
196.3263
196.3648
196.3716
196.4998
196.6018
196.6178
196.6516
196.6725
196.7071
196.7456
196.8355
196.9873
197.0954
197.1867
197.2251
197.3807
197.429
197.4481
197.4685
197.5238
197.5808
197.5953
197.7521
197.7766
197.9515
197.9697
198.0738
198.1825
198.1977
198.2483
198.5316
198.5384
198.6983
198.7065
198.7191
198.9176
198.9459
199.089
199.3119
199.3402
199.5165
199.7858
200.1279
200.275
200.6026
200.7587
201.0042
201.232
201.4984
201.4999
201.5067
201.5087
201.5103
201.5134
201.5165
201.5198
201.5279
201.5344
201.5807
201.6071
201.6197
201.6935
201.7087
201.7186
201.7262
201.7336
201.7381
201.7542
201.7587
201.8635
201.866
201.8794
201.9295
201.9383
201.9406
201.9814
202.051
202.142
202.2066
202.3374
202.3691
202.4097
202.4783
202.6534
202.7391
202.8201
202.8954
202.9066
202.9197
202.9986
203.006
203.0793
203.0977
203.1268
203.16
203.4514
203.6916
203.7127
203.7193
203.7368
203.8486
203.8636
203.9044
203.9494
203.9882
204.0135
204.0818
204.1246
204.1515
204.1614
204.1955
204.1966
204.3141
204.8765
204.8786
204.8806
204.9046
204.9446
204.9529
204.9613
204.9876
205.0231
205.0454
205.095
205.099
205.1764
205.1871
205.3252
205.3604
205.3651
205.4932
205.4948
205.5094
205.5273
205.5469
205.59
205.6103
205.6343
205.698
205.7305
205.7374
205.7841
205.8284
205.8653
205.9435
205.9469
205.9582
205.9744
205.977
206.0088
206.0394
206.0441
206.065
206.0927
206.108
206.1115
206.1295
206.1637
206.1778
206.1869
206.1881
206.2004
206.2569
206.3282
206.336
206.3401
206.353
206.3758
206.385
206.3902
206.4097
206.4169
206.4548
206.4901
206.4929
206.5091
206.516
206.5445
206.6716
206.6939
206.7097
206.7875
206.8266
206.8711
206.9683
206.9706
206.9727
206.9742
206.978
207.0461
207.057
207.0702
207.0935
207.1044
207.1492
207.1515
207.1746
207.2437
207.2485
207.25
207.282
207.3198
207.3232
207.3427
207.3681
207.3707
207.396
207.4062
207.5023
207.5052
207.51
207.5128
207.5407
207.5453
207.5663
207.5733
207.5924
207.6103
207.6283
207.6555
207.7418
207.744
207.7458
207.7532
207.7624
207.8052
207.8251
207.8319
207.8917
207.9703
208.0718
208.0903
208.0994
208.1426
208.1905
208.2212
208.2487
208.2513
208.2626
208.2671
208.2686
208.3022
208.3085
208.4074
208.4587
208.4629
208.4731
208.483
208.4992
208.6003
208.6024
208.6081
208.61
208.6167
208.6753
208.7069
208.7118
208.7961
208.7972
208.804
208.8505
208.903
208.9849
209.0445
209.0498
209.0618
209.0843
209.1197
209.1594
209.2062
209.209
209.2776
209.3369
209.34
209.3976
209.4284
209.4942
209.5012
209.5527
209.5748
209.6649
209.7235
209.7407
209.7495
209.8746
209.8813
209.8869
209.9816
209.9845
209.9858
210.0186
210.0362
210.0412
210.1267
210.1356
210.1811
210.1861
210.1915
210.2018
210.278
210.2849
210.3303
210.3418
210.3436
210.4262
210.4329
210.4666
210.4804
210.4866
210.5702
210.5853
210.6022
210.6206
210.6279
210.6543
210.7022
210.7079
210.7106
210.7117
210.7338
210.7452
210.7711
210.8355
210.841
210.8421
210.9081
210.9166
210.9735
210.9773
210.9822
211.0311
211.0327
211.0347
211.1062
211.1093
211.1115
211.1166
211.2395
211.2438
211.2821
211.2862
211.2888
211.3019
211.4173
211.4246
211.4272
211.4411
211.5139
211.6532
211.7045
212.0045
212.0285
212.4447
213.0016
213.5863
214.0977
214.1375
214.1493
214.2924
214.5044
214.5828
214.5893
214.6049
214.6312
215.0121
215.0385
215.0486
215.0521
215.0543
215.2541
215.5016
215.5051
215.5158
215.5241
215.5358
215.5371
215.5768
215.5781
215.6086
216.0051
216.0301
216.0347
216.0578
216.0702
216.0929
216.096
216.0981
216.1424
216.273
216.291
216.3067
216.3559
216.4355
216.4861
216.5023
216.5207
216.5458
216.5563
216.5993
216.6025
216.6075
216.6568
216.685
216.743
216.7985
216.8732
216.9792
217.004
217.0097
217.0152
217.0289
217.0343
217.046
217.0475
217.0533
217.0588
217.2199
217.3608
217.4139
217.4325
217.4364
217.4509
217.4536
217.5392
217.5832
217.6095
217.6195
217.6277
217.6622
217.7344
217.7364
217.7496
217.808
217.8803
217.9245
217.9262
217.9511
217.9942
218.0003
218.0051
218.0344
218.0679
218.1878
218.3233
218.3412
218.425
218.4314
218.4355
218.4822
218.4863
218.497
218.5119
218.5311
218.5392
218.5434
218.5538
218.5905
218.6147
218.6355
218.6388
218.9149
218.9196
218.9251
218.9318
218.934
218.9735
218.9797
218.9846
219.0193
219.0821
219.1014
219.1409
219.1613
219.17
219.2106
219.2195
219.2515
219.3009
219.3087
219.3138
219.3356
219.3929
219.419
219.4315
219.4549
219.4791
219.4968
219.5261
219.5491
219.5971
219.643
219.6789
219.6901
219.6915
219.6965
219.7371
219.9674
219.9756
219.9799
220.1066
220.1651
220.2242
220.2284
220.2612
220.421
220.4237
220.4795
220.4978
220.5164
220.521
220.5879
220.6079
220.6279
220.6395
220.6613
220.9279
220.9398
220.988
221.0082
221.0125
221.077
221.0849
221.1481
221.1656
221.2087
221.3436
221.4192
221.424
221.6139
221.7444
221.7852
222.0462
222.0506
222.0531
222.0809
222.0867
222.2392
222.5746
222.5836
222.894
223.0104
223.0961
223.3842
223.3913
223.3929
223.4342
223.4466
223.4493
223.4632
223.6318
223.7443
223.796
224.0376
224.2781
224.7129
225.0415
225.4733
226.0499
226.0839
226.1203
226.5207
227.3549
227.3572
227.3645
227.3668
227.3691
227.3797
227.3883
227.3927
227.3947
227.3986
227.4119
227.4252
227.4418
227.4428
227.4503
227.4576
227.4629
227.4819
227.4878
227.4934
227.5057
227.5097
227.5228
227.5364
227.5451
227.5496
227.5513
227.5794
227.5817
227.6034
227.6552
227.6853
227.6879
227.7985
227.8156
227.8175
227.8232
227.8532
227.8697
227.9178
227.9264
227.9401
228.0447
228.0546
228.0622
228.0868
228.1701
228.1797
228.1911
228.2563
228.2682
228.2952
228.3278
228.3765
228.412
228.4872
228.5309
228.5489
228.554
228.571
228.6995
228.7065
228.7237
228.7428
228.7816
228.8244
228.8971
228.9196
229.0203
229.0395
229.0919
229.1336
229.1862
229.2069
229.2149
229.2164
229.253
229.419
229.4604
229.5955
229.6402
229.6769
229.7413
229.9415
229.9511
230.0628
230.3467
230.3478
230.3598
230.3634
230.3685
230.3725
230.4221
230.4406
230.4613
230.5852
230.6323
230.8489
230.9599
231.0549
231.7755
232.2756
232.3286
233.3316
233.3354
233.3367
233.3378
233.3395
233.3413
233.3424
233.3457
233.3482
233.3532
233.3578
233.3667
233.3682
233.3877
233.3905
233.3941
233.3985
233.4041
233.4152
233.4169
233.4257
233.4276
233.4296
233.5273
233.5305
233.5392
233.5585
233.5719
233.5887
233.6191
233.6542
233.6656
233.67
233.6811
233.7235
233.7253
233.7295
233.7409
233.8314
233.8992
233.9256
234.0211
234.0355
234.0367
234.0539
234.073
234.1352
234.1444
234.3339
234.3792
234.3906
234.4227
234.6221
234.6335
234.6658
234.6798
234.7042
234.722
234.978
234.9954
235.3163
235.3592
235.4839
235.6069
235.6551
235.7482
235.7587
235.9589
235.9628
236.0421
236.0734
236.2142
236.4553
236.4982
236.5239
236.5552
236.5568
236.7055
236.7075
236.7099
236.7197
236.7283
236.7734
236.782
236.7869
236.8083
236.8152
236.8188
236.8295
236.8325
236.8545
236.8761
236.9204
236.922
236.9623
236.9676
236.9851
237.0214
237.0499
237.0837
237.13
237.2113
237.229
237.3238
237.326
237.3282
237.3934
237.3945
237.4068
237.4582
237.4598
237.4757
237.5786
237.6448
237.7919
237.7944
237.839
237.848
237.8663
237.877
237.902
237.9714
238.0036
238.0126
238.016
238.0431
238.0634
238.0683
238.1569
238.1645
238.1658
238.2017
238.2099
238.2372
238.2407
238.2617
238.2657
238.3247
238.3269
238.3656
238.3725
238.3987
238.4183
238.4978
238.4997
238.5014
238.5041
238.5604
238.5698
238.5766
238.5779
238.5871
238.6438
238.7026
238.7251
238.7954
238.8023
238.8045
238.8707
238.8735
238.8948
238.946
238.963
239.0025
239.0871
239.0887
239.1471
239.1487
239.1507
239.1534
239.1551
239.2032
239.2904
239.3342
239.3445
239.3763
239.4081
239.5747
239.5774
239.5822
239.591
239.6379
239.665
239.6707
239.6732
239.7162
239.7208
239.7342
239.7996
239.805
239.8085
239.8103
239.8172
239.8187
239.833
239.8569
239.8601
239.8677
239.9105
239.9249
239.9375
239.9445
240.0278
240.1025
240.1215
240.2343
240.2382
240.2521
240.2934
240.2971
240.3034
240.3216
240.3353
240.3944
240.4328
240.4346
240.4387
240.4429
240.4821
240.4875
240.4945
240.4985
240.5124
240.5595
240.5728
240.6271
240.6301
240.632
240.6609
240.6773
240.7086
240.8064
240.8122
240.8134
240.8293
240.8739
240.8774
240.8789
240.8869
240.9019
240.9155
240.9264
240.9339
240.986
240.9898
240.9923
240.9968
240.9995
241.0365
241.0389
241.0516
241.0609
241.0905
241.1667
241.1689
241.2132
241.2274
241.2424
241.3269
241.3288
241.3321
241.3331
241.3359
241.3804
241.397
241.42
241.4893
241.4918
241.4947
241.5036
241.5461
241.5661
241.5792
241.6524
241.6549
241.6633
241.68
241.7234
241.7323
241.7679
241.8084
241.8112
241.8133
241.8143
241.8558
241.8636
241.867
241.8824
241.901
241.962
241.9659
241.9682
241.9703
242.0072
242.0094
242.0236
242.1065
242.111
242.1143
242.1169
242.1702
242.1715
242.1765
242.1969
242.2518
242.263
242.2669
242.3137
242.3186
242.3277
242.343
242.4029
242.4066
242.4083
242.411
242.4515
242.4639
242.5393
242.5536
242.5847
242.5901
242.5964
242.6716
242.6818
242.6845
242.7238
242.7311
242.7328
242.7382
242.7449
242.7673
242.8112
242.8642
242.8669
242.9425
242.9446
242.9467
242.949
242.9875
243.0036
243.0666
243.0771
243.1155
243.1173
243.1267
243.2058
243.2128
243.2413
243.2576
243.2593
243.3447
243.4355
243.9082
243.9644
244.364
244.4143
244.6969
244.9216
245.0411
245.1122
245.1847
245.3623
245.5098
245.825
245.8582
245.8646
245.8926
245.9288
246.0763
246.2714
246.2746
246.4272
246.451
246.5366
246.6233
246.7678
246.7996
246.8024
246.8235
246.84
246.8823
246.9986
247.0088
247.1213
247.1943
247.2754
247.3026
247.3245
247.3493
247.4122
247.5887
247.6228
247.6365
247.812
247.8215
247.8482
247.8493
247.8804
247.9111
247.9244
247.9582
248.0812
248.1576
248.3387
248.3599
248.3627
248.3981
248.4034
248.4102
248.5866
248.6619
248.8103
248.8127
248.8337
248.9779
249.1438
249.2001
249.2612
249.3296
249.3761
249.3951
249.3989
249.4825
249.5018
249.5173
249.5286
249.6479
249.7653
249.768
249.8293
249.8735
249.9101
249.997
250.0016
250.0086
250.0585
250.0612
250.0774
250.1812
250.2063
250.263
250.3049
250.3392
250.3575
250.3665
250.3708
250.3753
250.4418
250.485
250.5342
250.558
250.563
250.6416
250.7598
250.7737
250.8052
250.8072
250.8207
250.846
250.8641
250.8667
250.8757
250.8819
250.9823
251.0013
251.0075
251.009
251.0344
251.0392
251.0453
251.0478
251.1534
251.1629
251.1862
251.2076
251.2707
251.3178
251.3387
251.3498
251.3607
251.3627
251.3746
251.384
251.3917
251.4007
251.4075
251.4289
251.4363
251.4917
251.6074
251.7393
251.8116
251.8187
251.8451
251.8958
251.9341
251.9435
251.974
251.988
251.9998
252.0033
252.0502
252.0647
252.0917
252.096
252.1189
252.2467
252.2509
252.2659
252.283
252.3045
252.3139
252.3353
252.3428
252.3807
252.3867
252.3941
252.4603
252.5113
252.542
252.5492
252.6246
252.746
252.7534
252.7621
252.7684
252.7768
252.7791
252.8298
252.8413
252.8425
252.8635
252.8903
252.9395
252.9905
253.0149
253.0452
253.0526
253.0545
253.0955
253.1018
253.2161
253.2452
253.2629
253.2747
253.2781
253.2812
253.2879
253.3022
253.3083
253.4044
253.5188
253.536
253.6042
253.6807
253.713
254.1123
254.2149
254.3357
254.3452
254.3644
254.9003
255.0222
255.196
255.2062
255.2299
255.2617
255.3215
255.5019
255.5935
255.6899
256.4624
256.4835
256.8994
257.0413
257.2255
257.3353
257.3881
257.6311
258.1311
258.1504
258.4025
258.713
259.0311
259.1906
259.195
259.1969
259.1986
259.2015
259.2035
259.2053
259.2198
259.2273
259.2317
259.2379
259.2409
259.2461
259.2567
259.2747
259.2761
259.2817
259.2849
259.2897
259.291
259.2933
259.2965
259.3021
259.3214
259.3269
259.3681
259.3993
259.4518
259.478
259.4966
259.522
259.5934
259.6269
259.6344
259.6755
259.7265
259.7603
259.7785
259.8317
259.9005
259.9044
259.939
259.9667
260.0153
260.0436
260.1202
260.1381
260.1859
260.2078
260.231
260.2579
260.2923
260.3034
260.3184
260.3229
260.332
260.337
260.4515
260.4984
260.5825
260.6429
260.7031
260.7624
260.8637
261.0102
261.0589
261.0642
261.1115
261.1512
261.2047
261.2299
261.2806
261.3163
261.4537
261.4801
261.517
261.6357
261.6385
261.656
261.7129
261.7545
261.8294
261.8499
261.9329
262.0323
262.1294
262.169
262.1848
262.1949
262.2003
262.2068
262.2263
262.2281
262.285
262.313
262.357
262.4054
262.4391
262.4666
262.4833
262.6156
263.0822
263.1193
263.1262
263.3017
263.4069
263.5422
263.8046
263.811
263.9459
264.0508
264.2244
264.3915
265.0433
265.1683
265.1732
265.1818
265.1862
265.1884
265.2132
265.2231
265.2308
265.2344
265.238
265.2476
265.2506
265.2522
265.2568
265.276
265.2805
265.2832
265.2875
265.2948
265.2996
265.3089
265.3166
265.3612
265.3776
265.3922
265.4646
265.4794
265.5015
265.5247
265.5363
265.5559
265.5645
265.5719
265.5837
265.6003
265.6784
265.6832
265.711
265.7162
265.7205
265.7554
265.7585
265.7883
265.838
265.8531
265.8707
265.8736
265.914
265.9225
266.0412
266.0458
266.076
266.1408
266.1477
266.1975
266.2437
266.252
266.3149
266.3713
266.3891
266.4233
266.4584
266.6095
266.6526
266.6654
266.6849
266.6985
266.7838
266.8064
266.9369
266.9684
267.0053
267.0518
267.1839
267.2846
267.3886
267.4154
267.4225
267.5194
267.5211
267.5867
267.6209
267.6286
267.6391
267.6706
267.7175
267.732
267.7421
267.7963
267.7987
267.8202
267.8254
267.8545
267.9042
267.9115
267.9395
268.0321
268.0706
268.0912
268.1753
268.2139
268.2606
268.274
268.3105
268.4507
268.5336
268.5468
268.5721
268.5848
268.6036
268.613
268.6219
268.6365
268.6413
268.6462
268.663
268.6748
268.6758
268.6773
268.6848
268.6996
268.7408
268.7655
268.7913
268.8129
268.8667
268.8823
268.8988
268.9589
268.9633
268.9863
269.0059
269.0385
269.0434
269.0448
269.1573
269.1623
269.1653
269.1814
269.2131
269.2589
269.2606
269.2762
269.3111
269.3395
269.3856
269.3887
269.395
269.3975
269.3987
269.4215
269.4378
269.4582
269.6139
269.6179
269.6596
269.6691
269.6807
269.699
269.7066
269.7107
269.7356
269.813
269.8145
269.8301
269.8566
269.8995
270.002
270.0034
270.0055
270.0076
270.0106
270.0193
270.0373
270.0701
270.0916
270.1032
270.1085
270.1408
270.2191
270.324
270.3462
270.39
270.3911
270.4273
270.4471
270.4738
270.5135
270.5368
270.5789
270.6338
270.6379
270.6957
270.6974
270.706
270.719
270.7279
270.7406
270.7679
270.7751
270.7972
270.8078
270.8209
270.8326
270.9051
270.9069
270.9104
270.9176
270.9696
270.9797
271.0437
271.1651
271.1704
271.174
271.1761
271.269
271.3
271.3298
271.4077
271.4121
271.4167
271.52
271.531
271.5419
271.5524
271.5945
271.6348
271.6396
271.6433
271.6502
271.6553
271.662
271.6718
271.6897
271.6944
271.6999
271.7141
271.7175
271.7262
271.7425
271.761
271.7674
271.8552
271.8578
271.8591
271.8693
271.941
271.9431
271.9447
271.9472
271.9577
271.973
272.0607
272.0755
272.1091
272.1127
272.1204
272.1254
272.1294
272.1535
272.1619
272.2678
272.2689
272.271
272.2879
272.308
272.3153
272.3164
272.3197
272.3352
272.34
272.3504
272.3626
272.3647
272.5036
272.5258
272.5278
272.5531
272.5598
272.6095
272.6411
272.6448
272.6525
272.6671
272.7111
272.7388
272.7435
272.818
272.8232
272.835
272.8993
272.9301
272.9957
273.0125
273.0354
273.0386
273.0436
273.0631
273.069
273.0975
273.1165
273.1676
273.1695
273.1717
273.2154
273.2493
273.3295
273.336
273.3761
273.3825
273.3874
273.3895
273.3905
273.4036
273.4821
273.4886
273.4901
273.4924
273.5427
273.5476
273.5532
273.7083
273.7097
273.7128
273.7903
273.7921
273.7945
273.7985
273.8236
273.8449
273.8531
273.8615
273.8772
273.9034
273.9444
273.949
274.0014
274.0038
274.009
274.085
274.088
274.092
274.1322
274.1351
274.1377
274.1449
274.2366
274.2842
274.3226
274.3676
274.3793
274.4133
274.424
274.5169
274.5263
274.5536
274.5596
274.6436
274.6461
274.6506
274.6528
274.7028
274.7215
274.778
274.7838
274.7868
274.8249
274.9082
274.9113
274.9355
275.0359
275.0423
275.0909
275.1249
275.1272
275.1766
275.1933
275.2324
275.278
275.2808
275.3517
275.4104
275.4419
275.4915
275.5371
275.6465
275.9153
275.9392
275.9553
275.9973
276.017
276.18
276.2402
276.2441
276.283
276.4402
276.4982
276.5461
276.7444
276.7934
276.8609
276.8743
276.9834
277.0565
277.1441
277.7272
277.7377
278.1383
278.1488
278.202
278.2358
278.2375
278.4517
278.4684
278.4809
278.6904
278.715
278.7324
278.7643
278.808
279.03
279.1208
279.1749
279.2047
279.2069
279.2441
279.2459
279.2518
279.2899
279.3004
279.3158
279.4088
279.4197
279.5888
279.6618
279.7058
279.7267
279.7895
279.9033
279.9449
279.9535
279.9942
280.0192
280.1141
280.169
280.1788
280.1882
280.1906
280.204
280.3813
280.419
280.6564
280.6802
280.6966
280.702
280.7092
280.7328
280.7759
280.7908
280.82
280.838
280.8771
280.923
280.9826
281.0385
281.1036
281.1114
281.1193
281.1298
281.1455
281.1494
281.1671
281.1965
281.2181
281.3078
281.3116
281.3191
281.3712
281.3938
281.465
281.4836
281.5973
281.6015
281.609
281.6324
281.674
281.6979
281.7133
281.7318
281.741
281.7679
281.7966
281.829
281.9126
281.9297
281.9368
282.0868
282.0906
282.109
282.1666
282.183
282.1912
282.1952
282.2197
282.3217
282.3335
282.3393
282.363
282.4145
282.4988
282.5879
282.5904
282.5928
282.5948
282.598
282.6175
282.6206
282.6295
282.6429
282.6555
282.6603
282.678
282.6849
282.7031
282.7977
282.8163
282.8724
282.9854
283.0929
283.0944
283.1166
283.1444
283.1663
283.1715
283.1935
283.227
283.2864
283.3132
283.3203
283.3395
283.3496
283.4095
283.4211
283.579
283.5998
283.63
283.6427
283.6485
283.6574
283.6632
283.7074
283.7255
283.7413
283.7492
283.8016
283.8224
283.8351
283.8769
283.8812
283.9066
283.9376
284.0103
284.0742
284.0812
284.0918
284.0936
284.1177
284.1276
284.1429
284.1459
284.1734
284.175
284.1805
284.186
284.1934
284.2138
284.2262
284.3855
284.5052
284.5837
284.5946
284.639
284.6419
284.648
284.6659
284.678
284.6871
284.7015
284.7289
284.73
284.8144
284.8168
284.8467
284.8802
284.9479
285.0791
285.0922
285.104
285.1223
285.1368
285.1452
285.1491
285.159
285.1791
285.2382
285.3031
285.3164
285.3191
285.3215
285.3257
285.3369
285.3406
285.3845
285.4542
285.5871
285.819
285.8228
285.9533
286.4138
287.0668
287.0784
287.0845
287.1352
287.1988
287.2735
287.3247
287.3376
287.3515
287.4946
287.5162
287.622
288.0337
288.5283
289.1824
289.2857
289.5002
289.7435
289.8625
290.4708
290.8056
291.0253
291.0282
291.0332
291.036
291.0394
291.041
291.0429
291.0443
291.0561
291.0663
291.0753
291.0841
291.0925
291.0953
291.1066
291.1099
291.1127
291.1313
291.1396
291.1467
291.1479
291.1592
291.2082
291.2281
291.2367
291.2653
291.268
291.3165
291.3184
291.3203
291.381
291.3968
291.4027
291.418
291.4196
291.4914
291.4977
291.5162
291.5309
291.5688
291.5864
291.6442
291.6837
291.7287
291.739
291.7525
291.7897
291.7951
291.9364
292.1181
292.1325
292.1893
292.1909
292.1996
292.2175
292.2638
292.2923
292.3176
292.3265
292.3598
292.4745
292.4896
292.4926
292.4978
292.5706
292.67
292.6901
292.7234
292.7869
292.8663
292.8802
292.897
292.9646
292.9687
292.996
293.2331
293.2679
293.4372
293.5076
293.5131
293.5697
293.5754
293.5811
293.5962
293.6686
293.9915
294.0368
294.0661
294.0914
294.293
294.3029
294.3132
294.4478
294.5572
294.6459
294.6477
294.7485
294.7888
295.1043
296.0274
296.0973
296.4292
296.6753
296.8455
296.963
296.9914
296.9938
296.9973
297.0034
297.0081
297.011
297.0177
297.0239
297.034
297.0435
297.0525
297.0551
297.0714
297.1349
297.1598
297.1682
297.1799
297.1997
297.2524
297.2574
297.2736
297.2914
297.311
297.3342
297.3934
297.4468
297.4987
297.5157
297.5353
297.6718
297.713
297.7448
297.7754
297.8205
297.8557
297.9098
297.9608
298.0449
298.0651
298.1175
298.1649
298.2636
298.384
298.4303
298.5165
298.5937
298.6527
298.7768
298.8104
298.8155
298.8172
298.8464
298.866
298.8853
298.9803
299.0459
299.0663
299.1275
299.1496
299.1904
299.2388
299.2413
299.2462
299.4282
299.4821
299.5022
299.5241
299.5511
299.5546
299.5658
299.5895
299.6695
299.7062
299.7352
299.7376
300.12
300.122
300.1428
300.2077
300.2116
300.3044
300.3485
300.371
300.3811
300.3831
300.4365
300.4383
300.4456
300.4493
300.4589
300.4675
300.4807
300.5545
300.5675
300.6408
300.6629
300.7123
300.7283
300.7868
300.8135
300.8362
300.8617
300.8642
300.9794
300.9824
300.9843
301.0165
301.0288
301.0412
301.0583
301.0663
301.0897
301.0935
301.1082
301.117
301.2269
301.2611
301.3179
301.3355
301.3391
301.3512
301.4386
301.4479
301.4555
301.4663
301.487
301.5127
301.5142
301.5188
301.5247
301.5269
301.546
301.558
301.6394
301.6485
301.6514
301.6619
301.6634
301.6786
301.7063
301.7273
301.8218
301.8305
301.8336
301.8487
301.9022
301.9235
301.9368
301.964
301.988
302.0192
302.0301
302.0435
302.0512
302.0548
302.0739
302.1607
302.2276
302.2382
302.2451
302.2534
302.2695
302.2851
302.3158
302.3213
302.3352
302.3425
302.3441
302.357
302.3647
302.4688
302.4714
302.4724
302.4919
302.493
302.5288
302.537
302.5451
302.5517
302.5582
302.5709
302.6404
302.7411
302.7459
302.7485
302.753
302.7562
302.79
302.8235
302.8264
302.8349
302.9997
303.0081
303.0098
303.0337
303.0396
303.0529
303.0676
303.0708
303.1087
303.1351
303.1523
303.1725
303.2471
303.2526
303.267
303.3128
303.3148
303.3196
303.3206
303.3593
303.361
303.4729
303.475
303.4771
303.479
303.4873
303.4936
303.5291
303.5386
303.575
303.5852
303.61
303.6157
303.6288
303.6867
303.6922
303.6974
303.7
303.7605
303.7635
303.8026
303.8051
303.8078
303.8112
303.8185
303.828
303.8976
303.8993
303.9063
303.9456
303.9577
303.9732
304.0018
304.0961
304.1061
304.1076
304.1839
304.1942
304.2879
304.2892
304.3018
304.3706
304.4763
304.4816
304.484
304.4917
304.5433
304.5568
304.5614
304.5927
304.5945
304.6038
304.6502
304.6574
304.7216
304.7231
304.7294
304.7443
304.8324
304.8696
304.8951
304.9037
304.9959
305.0017
305.0125
305.2194
305.2266
305.3149
305.3272
305.331
305.3462
305.3639
305.3828
305.3945
305.4699
305.4808
305.523
305.5326
305.539
305.5535
305.6293
305.6342
305.7403
305.7809
305.8327
305.8395
305.8424
305.8543
305.9218
305.9278
305.9311
305.9694
305.989
306.0286
306.1121
306.1202
306.1233
306.2047
306.2097
306.2129
306.3497
306.4732
306.5211
306.5272
306.5287
306.6018
306.6127
306.658
306.6693
306.7289
306.7413
306.7434
306.7451
306.7887
306.7964
306.9125
306.9144
307.1734
307.6057
307.9416
307.9785
307.996
308.0567
308.2626
308.3187
308.5028
308.5797
308.6708
308.7922
309.1815
310.0142
310.0621
310.0635
310.1142
310.1302
310.4409
310.4826
310.4882
310.4918
310.5318
310.566
310.5721
310.867
311.0753
311.3092
311.4954
311.5175
311.5394
311.5865
311.59
311.8297
311.943
311.9702
312.0414
312.0476
312.0677
312.1043
312.2237
312.3046
312.4615
312.4705
312.503
312.5123
312.5135
312.5296
312.568
312.61
312.7435
312.9346
312.9369
313.0038
313.0682
313.0798
313.0996
313.1395
313.1675
313.1775
313.233
313.2397
313.2755
313.4184
313.4401
313.4932
313.6199
313.6697
313.6977
313.708
313.7159
313.7379
313.7415
313.7704
313.8209
313.917
313.9596
313.9747
313.9926
314.0011
314.0084
314.0248
314.0415
314.0571
314.2529
314.4205
314.4228
314.4323
314.4415
314.4849
314.5189
314.5202
314.5528
314.5713
314.6237
314.6358
314.7458
314.9227
314.9324
314.9515
314.9707
314.9916
314.9972
315.0049
315.0093
315.0703
315.1792
315.2533
315.2791
315.3237
315.4195
315.4216
315.438
315.4688
315.4791
315.4811
315.6549
315.7098
315.7482
315.9222
315.9244
315.9782
315.9972
316.0339
316.0386
316.0964
316.1047
316.1999
316.206
316.2223
316.4237
316.4269
316.4493
316.4528
316.4809
316.4865
316.4984
316.5388
316.5483
316.5696
316.6161
316.6366
316.6762
316.7118
316.7547
316.7796
316.8874
316.9151
316.9553
317.0066
317.0469
317.0575
317.079
317.1978
317.2168
317.2336
317.2522
317.2747
317.3431
317.4159
317.5177
317.6533
317.7019
317.9528
318.1063
318.1125
318.235
318.6372
318.6966
318.9044
318.9332
318.9612
319.0079
319.0563
319.0722
319.0973
319.2438
320.0228
320.0443
320.1655
320.327
320.4364
320.6038
320.666
320.779
320.8541
321.2446
321.4188
321.6817
322.0251
322.0725
322.7055
322.8528
322.8593
322.8624
322.8643
322.8752
322.8766
322.8817
322.8842
322.8915
322.9044
322.9166
322.9449
322.9519
322.9541
322.9653
322.9694
322.9729
322.9764
322.9841
323.0186
323.0331
323.0397
323.0528
323.0836
323.161
323.2018
323.2126
323.2165
323.2265
323.2556
323.2614
323.3243
323.376
323.3791
323.4131
323.4196
323.5005
323.5572
323.603
323.6068
323.6997
323.7213
323.7274
323.8505
323.8576
323.8645
323.9352
323.9528
323.9937
324.1439
324.2731
324.2908
324.2969
324.2985
324.4656
324.4993
324.5596
324.5753
324.5971
324.605
324.8307
324.8723
324.9909
324.9934
325.0495
325.0629
325.134
325.3168
325.4758
325.5024
325.646
325.6935
325.7404
325.8565
325.8652
325.901
325.9024
325.964
325.9933
326.0035
326.1201
326.1364
326.4053
326.4243
326.9298
327.1699
327.3368
327.4782
328.482
328.8278
328.8304
328.8372
328.8385
328.8396
328.8433
328.8469
328.8529
328.8556
328.8613
328.8629
328.8849
328.9002
328.9088
328.914
328.9189
328.9247
328.9316
328.9329
328.9365
328.9467
328.9501
328.9722
328.9919
328.9933
329.0011
329.012
329.0287
329.0361
329.0383
329.0613
329.0831
329.1523
329.1673
329.1696
329.1907
329.2245
329.231
329.2566
329.2614
329.2724
329.2947
329.3011
329.4371
329.4419
329.5241
329.5506
329.5688
329.6145
329.6893
329.6969
329.7108
329.8515
329.8742
329.8822
329.9148
330.0137
330.0483
330.0529
330.1453
330.2026
330.261
330.4622
330.5391
330.5464
330.5574
330.5676
330.6269
330.7354
330.9645
330.9675
331.0929
331.1046
331.1072
331.1093
331.1422
331.1434
331.2236
331.2371
331.2637
331.3011
331.3417
331.3598
331.3616
331.3796
331.4134
331.4299
331.4381
331.4915
331.6998
331.7857
331.7953
331.81
331.8464
331.8654
331.9482
331.9798
332.0006
332.1319
332.1756
332.1964
332.2251
332.2589
332.2666
332.2747
332.2981
332.2994
332.303
332.3319
332.3379
332.3608
332.4281
332.4354
332.4368
332.4564
332.4989
332.5152
332.5425
332.5543
332.6363
332.6832
332.7196
332.7251
332.7721
332.8192
332.8234
332.8278
332.8291
332.8313
332.8338
332.8845
332.8996
332.9083
332.9193
332.9703
333.0376
333.0648
333.0908
333.0984
333.0996
333.2765
333.2838
333.3291
333.3449
333.3601
333.3729
333.3913
333.525
333.5402
333.5527
333.5692
333.6635
333.6724
333.6748
333.6814
333.7159
333.742
333.7725
333.8252
333.8404
333.8558
333.8675
333.9952
334.009
334.0654
334.076
334.0799
334.1472
334.1704
334.1884
334.1941
334.2224
334.2547
334.3033
334.3055
334.3081
334.3704
334.3763
334.3807
334.3822
334.388
334.3921
334.4574
334.4599
334.4771
334.4788
334.4977
334.5768
334.5804
334.5839
334.5874
334.6573
334.659
334.6628
334.6865
334.7611
334.8301
334.8312
334.8334
334.8373
334.8395
334.8423
334.8725
334.902
334.9056
334.9101
334.9205
334.9626
334.9899
335.0157
335.0875
335.1008
335.1152
335.1436
335.1627
335.3053
335.3108
335.3154
335.3801
335.3852
335.3902
335.3979
335.4511
335.5249
335.5311
335.5331
335.5366
335.539
335.5807
335.6135
335.7255
335.7283
335.7304
335.734
335.735
335.7375
335.742
335.7659
335.8029
335.8229
335.8618
335.928
335.9357
335.9386
335.9457
335.9539
335.9862
335.997
336.037
336.0593
336.061
336.0753
336.1207
336.1222
336.1246
336.1264
336.1292
336.132
336.1466
336.1859
336.1911
336.2018
336.2129
336.3294
336.3328
336.336
336.3729
336.3911
336.3972
336.4884
336.4941
336.5472
336.5513
336.5565
336.5647
336.5669
336.5723
336.6015
336.6618
336.6634
336.7219
336.726
336.738
336.7461
336.7479
336.7583
336.7672
336.828
336.8377
336.8784
336.8893
336.9224
336.9868
336.9902
337.0693
337.0887
337.1499
337.1554
337.1669
337.2264
337.2285
337.243
337.2716
337.2935
337.3035
337.3106
337.3125
337.3163
337.3369
337.3587
337.3605
337.3947
337.4655
337.5284
337.5354
337.561
337.6242
337.6598
337.6696
337.6773
337.7541
337.7624
337.7664
337.8118
337.8212
337.8368
337.9591
337.9659
337.9734
338.0361
338.0418
338.0889
338.1748
338.1788
338.2149
338.2263
338.2325
338.2362
338.2397
338.2409
338.2478
338.3083
338.3146
338.3192
338.3505
338.3569
338.3605
338.3621
338.3714
338.4456
338.452
338.4981
338.5076
338.5166
338.571
338.5772
338.5885
338.6187
338.6242
338.6964
338.7051
338.7456
338.7477
338.7516
338.7598
338.7731
338.8497
338.9139
338.9358
338.9377
338.9522
339.3457
339.6623
340.2106
340.3975
340.4001
340.4483
340.7074
340.7484
341.2095
341.3057
341.3694
341.4466
341.8513
341.8963
341.9472
341.9564
342.3497
342.3614
342.4058
342.8433
342.9123
342.9379
343.0695
343.276
343.2915
343.2982
343.3372
343.3569
343.3795
343.4051
343.4878
343.4965
343.5925
343.7833
343.8297
343.8465
343.8555
343.8603
343.8867
343.9163
343.9293
343.9336
344.0068
344.0682
344.1052
344.1121
344.2577
344.2837
344.3023
344.3294
344.3537
344.3736
344.3812
344.4282
344.5613
344.7445
344.8612
344.9048
344.9499
345.116
345.1504
345.2651
345.2676
345.2697
345.2754
345.2864
345.3012
345.3105
345.349
345.3569
345.4206
345.4244
345.4277
345.4293
345.5021
345.5298
345.7609
345.8325
345.8436
345.8516
345.8725
345.9153
346.0411
346.1116
346.2517
346.2649
346.2855
346.3588
346.3651
346.3839
346.393
346.4394
346.4901
346.4951
346.5465
346.5848
346.6039
346.6426
346.7169
346.7532
346.7624
346.7682
346.8414
346.8523
346.8632
346.8701
346.9088
346.9228
346.9278
346.9636
346.9697
346.9905
347.0877
347.0888
347.1521
347.2567
347.2644
347.2656
347.2922
347.3068
347.3589
347.3654
347.3794
347.4059
347.4092
347.418
347.465
347.4929
347.5186
347.5547
347.5644
347.7438
347.7623
347.7734
347.783
347.8048
347.8148
347.8251
347.8916
347.9415
347.9785
348.0435
348.0646
348.0871
348.2517
348.2539
348.256
348.303
348.3063
348.3118
348.3472
348.3556
348.4109
348.435
348.4855
348.4899
348.5078
348.5363
348.6303
348.6881
348.7447
348.7491
348.7559
348.7681
348.7823
348.8146
348.8162
348.8206
348.8348
348.87
348.8792
348.9435
348.9756
348.9876
349.062
349.0821
349.095
349.1033
349.2007
349.2508
349.2726
349.2896
349.4507
349.4522
350.0339
350.4727
350.4761
350.7162
350.7212
350.7326
350.7664
350.8351
350.9825
350.9939
351.0674
351.2159
351.367
351.6646
351.7087
351.9986
352.3997
352.5042
352.7294
353.1561
353.8355
354.0522
354.4112
354.6856
354.69
354.6916
354.6927
354.6948
354.6966
354.7005
354.7036
354.7076
354.7112
354.7127
354.7163
354.7188
354.7288
354.7379
354.7418
354.7532
354.7666
354.7799
354.7817
354.7912
354.8067
354.8253
354.8993
354.9221
354.9255
354.957
354.9677
354.9711
354.9955
355.0355
355.038
355.0512
355.0736
355.075
355.0794
355.176
355.215
355.3458
355.3856
355.4268
355.5384
355.6366
355.651
355.7189
355.7687
355.8144
355.84
355.8827
355.9051
355.9065
355.93
355.9667
355.9983
356.0258
356.0941
356.1178
356.1843
356.3074
356.4521
356.5611
356.5853
356.8201
356.8919
356.9891
357.0381
357.0874
357.1694
357.6799
357.6902
357.7023
357.7033
357.7059
357.7152
357.7167
357.7771
357.8032
357.8047
357.8419
357.8636
357.8757
357.9569
357.9847
358.0426
358.0586
358.1792
358.3586
358.5716
358.684
359.2505
359.7642
360.5075
360.6616
360.6631
360.6669
360.6722
360.6772
360.7098
360.7149
360.7167
360.7454
360.7493
360.7513
360.7705
360.7717
360.7813
360.7837
360.7853
360.7949
360.8007
360.8097
360.8223
360.8454
360.853
360.8621
360.8682
360.8759
360.8916
360.8956
360.9044
360.931
360.9832
360.9875
360.9913
361.0001
361.0059
361.0759
361.0934
361.1462
361.1494
361.1688
361.269
361.2776
361.2904
361.3588
361.363
361.3756
361.3826
361.4153
361.5387
361.5907
361.6136
361.6314
361.758
361.7886
361.8025
361.9874
362.1066
362.1976
362.2047
362.2248
362.2357
362.3893
362.4497
362.4609
362.62
362.6864
362.7091
362.7406
362.8468
362.8698
362.8867
362.8921
362.9894
363.0899
363.0994
363.1029
363.1409
363.1517
363.1573
363.188
363.2189
363.3207
363.3288
363.3987
363.4141
363.4949
363.6665
363.6849
363.7545
363.7881
363.7901
363.8797
364.0259
364.0338
364.0419
364.1445
364.1478
364.1565
364.2125
364.2365
364.2848
364.3095
364.3184
364.3503
364.3571
364.3593
364.3744
364.3923
364.4522
364.4818
364.5208
364.525
364.5828
364.6525
364.6573
364.665
364.6674
364.6746
364.6928
364.7086
364.7186
364.7219
364.7307
364.7378
364.7536
364.7776
364.9183
364.9396
365.1081
365.1208
365.1405
365.1426
365.1573
365.1817
365.1898
365.3009
365.3066
365.3746
365.4951
365.5178
365.5568
365.5682
365.5696
365.5707
365.5732
365.6631
365.6705
365.6841
365.6955
365.745
365.826
365.8286
365.834
365.8372
365.8409
365.8433
365.8925
365.8974
365.9082
365.9245
365.9657
365.9919
366.0369
366.1296
366.1313
366.134
366.1435
366.208
366.2122
366.2165
366.2271
366.2284
366.2313
366.2601
366.2618
366.2794
366.2947
366.3061
366.3238
366.333
366.401
366.4102
366.4202
366.4738
366.4828
366.4855
366.4866
366.4901
366.4934
366.5391
366.5408
366.5486
366.5659
366.6029
366.6644
366.7289
366.7699
366.7828
366.7983
366.9031
366.9117
366.9173
366.9352
366.9578
366.9867
366.9931
366.9976
367.0127
367.0439
367.1325
367.1788
367.2445
367.2878
367.3555
367.3571
367.3594
367.3618
367.3637
367.4131
367.4754
367.5747
367.5943
367.6153
367.684
367.6923
367.7661
367.768
367.7724
367.7879
367.8133
367.8153
367.8178
367.822
367.8311
367.834
367.8365
367.8481
367.8508
367.8532
367.893
367.8984
367.9624
368.0247
368.0342
368.1381
368.1476
368.1509
368.1537
368.2072
368.213
368.2193
368.2656
368.3225
368.3566
368.3671
368.3702
368.3866
368.3924
368.4906
368.499
368.5019
368.5107
368.5147
368.5185
368.5496
368.6245
368.6584
368.6652
368.6687
368.6804
368.7045
368.7243
368.752
368.7544
368.8239
368.8261
368.8282
368.8331
368.8361
368.8807
368.9042
368.9889
369.0079
369.0445
369.046
369.0496
369.0557
369.1398
369.1463
369.1487
369.1974
369.2054
369.2065
369.2083
369.225
369.2904
369.3402
369.3412
369.3519
369.3596
369.3665
369.3904
369.4372
369.4397
369.4442
369.4476
369.5838
369.5883
369.5944
369.6134
369.6504
369.6551
369.7283
369.7396
369.7671
369.7766
369.7816
369.7866
369.8201
369.8737
369.9254
369.9275
369.9293
370.0075
370.0097
370.0148
370.0625
370.0677
370.1377
370.1448
370.1513
370.1645
370.1667
370.1864
370.2014
370.2034
370.2898
370.3188
370.3271
370.3343
370.3524
370.4081
370.4483
370.4505
370.4546
370.4567
370.4606
370.4621
370.533
370.5362
370.5398
370.5562
370.5909
370.7954
370.8565
370.9484
371.1775
371.5274
371.7726
372.033
372.153
372.2269
372.5901
372.6464
372.8668
373.2452
373.3951
373.6515
373.7044
373.7954
374.1103
374.1186
374.1286
374.2329
374.3643
374.4465
374.511
374.6241
374.6459
374.6557
374.6917
374.7136
374.7281
374.8091
375.0985
375.1088
375.1327
375.1593
375.1898
375.2311
375.2348
375.2419
375.3542
375.4874
375.5934
375.658
375.6599
375.6761
375.6845
375.7405
375.7935
375.825
375.8394
375.8426
375.8971
376.1131
376.1467
376.1641
376.1735
376.2062
376.2122
376.2265
376.2689
376.3279
376.4019
376.4581
376.4672
376.4935
376.5947
376.631
376.674
376.675
376.7047
376.7206
376.7266
376.8208
376.8484
376.9117
376.9567
376.9823
377.0959
377.1104
377.124
377.133
377.1603
377.1819
377.209
377.2178
377.229
377.2706
377.2884
377.2907
377.3343
377.4658
377.5072
377.5858
377.5905
377.5948
377.6057
377.6192
377.6226
377.6441
377.6641
377.6667
377.6801
377.6978
377.7324
377.7431
377.7808
377.8075
377.8603
377.8669
377.8806
378.0511
378.0919
378.0992
378.1133
378.1499
378.1872
378.1998
378.2263
378.2748
378.276
378.284
378.2952
378.3053
378.3093
378.3167
378.3315
378.4083
378.4171
378.4491
378.5909
378.6074
378.6436
378.6686
378.6722
378.6969
378.7106
378.7647
378.8005
378.8132
378.8143
378.9148
378.9257
378.9293
378.9422
379.0651
379.085
379.0944
379.0972
379.1321
379.1455
379.1676
379.1742
379.1765
379.1831
379.2245
379.2591
379.2939
379.3014
379.3274
379.3421
379.4427
379.5804
379.5853
379.606
379.6369
379.6445
379.6497
379.6546
379.6622
379.6827
379.6861
379.7418
379.7451
379.8196
379.8229
379.8279
379.9793
380.0566
380.0862
380.1196
380.1373
380.1441
380.1774
380.1819
380.2056
380.2092
380.3011
380.3128
380.3218
380.3818
380.5164
380.5837
380.5864
380.6324
380.6633
380.8515
380.8946
381.0398
381.2155
381.322
381.4854
381.8125
382.1633
382.2834
382.4121
382.5752
382.6023
382.6568
382.6679
382.7093
382.8143
382.8401
382.8801
383.0627
383.1598
383.2131
383.3645
383.4443
383.5127
383.7377
384.1757
385.0168
385.2228
385.329
385.8616
385.9494
386.004
386.0125
386.1397
386.3673
386.5224
386.5242
386.5327
386.534
386.5468
386.5552
386.5662
386.5747
386.5924
386.6004
386.623
386.6666
386.6791
386.6876
386.6928
386.708
386.7337
386.7351
386.7388
386.7476
386.8104
386.8138
386.8257
386.8498
386.8584
386.8701
386.9508
386.9608
386.968
387.082
387.087
387.1142
387.1572
387.1787
387.1839
387.2032
387.2282
387.2544
387.2843
387.3441
387.3517
387.3544
387.3749
387.378
387.3921
387.4387
387.484
387.4995
387.5123
387.5946
387.6435
387.6789
387.6817
387.7386
387.7662
387.8886
387.9165
387.9681
387.9826
388.0263
388.0809
388.09
388.273
388.2823
388.3117
388.335
388.3419
388.5287
388.5768
388.6035
388.6214
388.6508
388.8173
388.8417
388.8744
388.956
388.9587
389.2638
389.3272
389.4184
389.4829
389.4848
389.5058
389.5072
389.5096
389.5346
389.5379
389.5519
389.5578
389.6412
389.7304
389.8328
389.8658
389.8974
390.0239
390.0635
390.0873
390.1689
390.194
390.6121
391.1945
392.0602
392.294
392.4917
392.4959
392.4989
392.5089
392.5103
392.5141
392.5169
392.5242
392.5253
392.5295
392.5343
392.5414
392.5437
392.5454
392.5628
392.5686
392.5781
392.5794
392.5827
392.5855
392.5928
392.6023
392.6204
392.6314
392.6432
392.7098
392.7512
392.7755
392.7806
392.7846
392.8081
392.8959
393.0226
393.0251
393.0454
393.0576
393.0719
393.0738
393.1776
393.3512
393.3571
393.4136
393.4283
393.4611
393.4694
393.471
393.5637
393.6086
393.6131
393.6156
393.6446
393.839
393.8895
393.954
394.0509
394.1092
394.2015
394.3218
394.4035
394.524
394.5255
394.5893
394.6738
394.6902
394.726
394.7277
394.7423
394.7483
394.7685
394.8026
394.8123
394.9549
394.9752
395.062
395.0917
395.1441
395.1476
395.2572
395.2588
395.2641
395.3148
395.3334
395.4707
395.478
395.5898
395.6316
395.6983
395.8743
395.8755
395.9074
395.9146
395.9416
395.9679
395.9892
396.0344
396.076
396.166
396.2091
396.2336
396.2705
396.2812
396.3038
396.332
396.3562
396.4791
396.4941
396.546
396.588
396.592
396.5951
396.5993
396.6137
396.6203
396.6503
396.7248
396.7499
396.7656
396.7914
396.9007
396.943
396.9452
396.9485
396.9534
396.9732
396.9799
396.9883
397.0071
397.0195
397.0284
397.0355
397.0408
397.0475
397.1253
397.1332
397.1417
397.1907
397.1967
397.2153
397.2536
397.3205
397.3225
397.326
397.3309
397.3327
397.3358
397.3783
397.3864
397.3914
397.4052
397.4344
397.4395
397.4856
397.4941
397.5429
397.5451
397.5642
397.627
397.6571
397.6605
397.6625
397.6674
397.7054
397.7069
397.7113
397.7247
397.7335
397.7355
397.7381
397.7413
397.7639
397.7931
397.8345
397.8841
397.9632
397.9657
397.9728
397.9739
398.0235
398.0257
398.0369
398.041
398.0538
398.0604
398.0749
398.0921
398.1174
398.1327
398.2467
398.2794
398.3054
398.3284
398.3382
398.3679
398.3785
398.4003
398.4224
398.5002
398.5048
398.5069
398.5518
398.565
398.5756
398.5779
398.5792
398.6179
398.6379
398.6821
398.735
398.7367
398.7454
398.7488
398.7649
398.7976
398.8057
398.8143
398.8364
398.8695
398.9639
398.9749
399.013
399.0218
399.0655
399.0775
399.084
399.1021
399.1164
399.1841
399.188
399.1938
399.2304
399.2393
399.2646
399.2906
399.3987
399.4011
399.4051
399.4642
399.4936
399.5077
399.5547
399.6017
399.6041
399.6057
399.6681
399.6722
399.6789
399.7045
399.7109
399.7148
399.741
399.7842
399.7941
399.8298
399.8343
399.8558
399.971
399.9781
399.9844
400.0242
400.0355
400.0399
400.0721
400.0736
400.0769
400.0873
400.0973
400.153
400.2046
400.2067
400.2144
400.2175
400.2251
400.238
400.2602
400.3275
400.3295
400.3363
400.3578
400.3877
400.4261
400.4408
400.4947
400.4961
400.5222
400.5817
400.6128
400.6558
400.6612
400.6684
400.7344
400.7508
400.8183
400.8215
400.8228
400.8799
400.8852
400.9129
400.9762
401.0272
401.0418
401.0563
401.0599
401.1238
401.1276
401.1316
401.1338
401.1829
401.1943
401.1999
401.2126
401.2694
401.2792
401.3276
401.3301
401.334
401.3848
401.4261
401.4361
401.4781
401.4796
401.4811
401.4873
401.5651
401.5914
401.6186
401.6229
401.6303
401.7016
401.7057
401.7072
401.7177
401.7295
401.841
401.8462
401.8889
401.8982
401.9155
401.9682
401.9701
401.9773
401.9786
402.0142
402.0476
402.0588
402.1195
402.2441
402.279
402.3669
402.4095
402.5161
402.6037
402.6475
402.8084
403.1896
403.4588
403.612
403.6274
403.6924
403.8522
403.922
404.0494
404.0762
404.6212
404.7436
404.7842
404.9968
405.1743
405.1975
405.5316
405.5332
405.5384
405.5772
405.7593
405.9354
405.9709
406.0476
406.0687
406.0834
406.1211
406.223
406.2589
406.4865
406.4969
406.5119
406.5849
406.6767
406.6804
406.7121
406.9334
406.9568
406.9657
407.0247
407.0571
407.0679
407.0876
407.1121
407.1196
407.1546
407.1822
407.21
407.357
407.4304
407.4489
407.4505
407.4637
407.5005
407.5454
407.6316
407.6996
407.9326
407.9751
407.9847
407.9966
408.005
408.0182
408.0222
408.0707
408.1096
408.134
408.1691
408.4366
408.45
408.47
408.4951
408.501
408.5089
408.5108
408.5347
408.5619
408.5678
408.593
408.5995
408.7484
408.7944
408.804
408.8694
408.93
408.9343
408.9514
408.9741
409.006
409.0083
409.0118
409.0235
409.0431
409.0632
409.1308
409.1402
409.1522
409.1579
409.1638
409.2866
409.4251
409.4264
409.5174
409.5817
409.5925
409.6531
409.6656
409.7398
409.8699
409.8711
409.8732
409.9547
409.9586
409.9785
409.9822
410.045
410.0943
410.1032
410.1646
410.2344
410.2736
410.2751
410.4092
410.4342
410.4398
410.4444
410.4791
410.4892
410.5036
410.5209
410.5235
410.6177
410.6241
410.6878
410.7053
410.7428
410.8072
410.8278
410.9202
410.9219
410.9508
410.9842
410.9977
411.001
411.0109
411.012
411.0139
411.0215
411.0397
411.0588
411.1652
411.1951
411.204
411.2203
411.248
411.4144
411.4231
411.4795
411.4871
411.4905
411.4941
411.5193
411.5516
411.6489
411.6675
411.6845
411.734
411.7627
411.782
411.9795
412.0033
412.0184
412.0198
412.0694
412.1246
412.136
412.1391
412.1411
412.1845
412.2509
412.4106
412.4124
412.4477
412.4767
412.514
412.6725
412.6876
412.7066
412.7126
412.7269
412.7425
412.7615
412.7653
413.0679
413.2881
413.3886
414.1173
414.3798
414.3875
414.3927
414.4145
414.4178
414.4288
414.4814
414.5726
414.6106
414.7995
414.8257
414.8484
415.4253
415.5494
415.694
415.8739
416.2811
416.3484
416.5359
416.6214
417.0593
417.2034
417.5292
417.5654
417.7876
418.349
418.3538
418.3557
418.3573
418.3596
418.3609
418.3624
418.3645
418.3669
418.3733
418.3818
418.3892
418.3961
418.4112
418.4296
418.4444
418.4474
418.4521
418.4591
418.4747
418.4765
418.5269
418.5471
418.5565
418.5922
418.5957
418.6025
418.6138
418.6996
418.7033
418.7402
418.7921
418.8113
418.842
418.8505
418.8651
418.9144
418.9451
419.006
419.1155
419.1388
419.1446
419.2852
419.3416
419.3634
419.3725
419.5017
419.6019
419.6672
419.6906
419.6987
419.7193
419.7644
419.7788
420.0317
420.0756
420.1061
420.1294
420.1824
420.3199
420.4233
420.5183
420.5451
420.5892
420.6028
420.6184
420.6552
420.6924
420.8425
420.8853
420.8981
420.9612
420.9699
421.0186
421.0384
421.0467
421.0514
421.3483
421.3512
421.3657
421.3806
421.4452
421.4675
421.4998
421.5537
421.5611
421.93
421.9381
421.9714
422.1304
422.261
422.4392
422.9458
423.0115
423.0662
423.585
423.643
423.9097
424.3243
424.3303
424.3316
424.3333
424.3348
424.337
424.3389
424.3403
424.3464
424.355
424.3592
424.3603
424.3711
424.3744
424.3817
424.3854
424.3888
424.3975
424.4004
424.4203
424.4275
424.4366
424.4487
424.4667
424.4842
424.5072
424.5592
424.5606
424.5736
424.5765
424.588
424.5893
424.5939
424.6358
424.6377
424.6509
424.6942
424.8063
424.9006
424.9547
424.9964
425.0063
425.0313
425.0631
425.0736
425.0856
425.1709
425.2302
425.2363
425.2558
425.2861
425.3755
425.3792
425.434
425.4833
425.4934
425.544
425.658
425.6831
425.7122
425.8847
425.9129
425.9142
426.2349
426.2505
426.3011
426.5827
426.6072
426.6304
426.6451
426.7702
426.7968
426.8421
426.8564
426.8726
426.9896
426.9911
427.0193
427.0215
427.0873
427.0931
427.1671
427.2048
427.3645
427.3747
427.3758
427.3884
427.4267
427.5301
427.7081
427.7103
427.7121
427.7387
427.7699
427.7714
427.791
427.8305
427.8394
427.843
427.8638
427.8681
427.8787
427.9432
427.993
428.0236
428.1315
428.1428
428.1741
428.3168
428.3199
428.3259
428.4009
428.4219
428.4262
428.4303
428.5532
428.5707
428.5772
428.6143
428.6212
428.7712
428.775
428.7836
428.7848
428.799
428.8233
428.8556
428.86
428.9235
428.9656
428.9998
429.0013
429.0605
429.1495
429.1552
429.1641
429.1756
429.1819
429.226
429.23
429.2318
429.2349
429.2406
429.2474
429.3199
429.3379
429.3775
429.4997
429.502
429.5072
429.5496
429.6587
429.6682
429.6899
429.6954
429.797
429.806
429.8178
429.8402
429.8935
429.9026
429.9377
429.952
429.9833
430.0683
430.0702
430.0769
430.0805
430.0829
430.1411
430.1423
430.1535
430.1937
430.195
430.1992
430.2018
430.2282
430.3393
430.3475
430.3626
430.4169
430.4199
430.4734
430.5126
430.5732
430.5769
430.5805
430.6013
430.678
430.6828
430.7009
430.7223
430.7438
430.81
430.8114
430.8648
430.875
430.9299
430.9625
431.0215
431.0269
431.0301
431.032
431.0341
431.0882
431.1143
431.2313
431.2351
431.2363
431.2629
431.2757
431.3124
431.3191
431.3431
431.3562
431.4303
431.484
431.4885
431.5058
431.5504
431.6219
431.6605
431.6715
431.7617
431.773
431.8035
431.8053
431.8142
431.8278
431.9305
431.9908
431.9925
431.9953
432.0518
432.1544
432.16
432.162
432.1662
432.2156
432.2319
432.2648
432.3343
432.3796
432.3877
432.4146
432.4891
432.5463
432.5512
432.5812
432.644
432.6496
432.6552
432.6569
432.7142
432.8113
432.8132
432.8499
432.8755
432.8851
432.961
432.9626
432.9637
432.9833
433.0028
433.0145
433.0251
433.0295
433.1022
433.1037
433.1053
433.1115
433.1142
433.1283
433.1533
433.17
433.2448
433.2561
433.2589
433.3121
433.3199
433.3221
433.3982
433.4242
433.4427
433.4482
433.4544
433.4877
433.5288
433.5371
433.5618
433.5791
433.5852
433.5895
433.6768
433.7145
433.7162
433.7278
433.8037
433.8098
433.8614
433.8633
433.8724
433.9353
433.9478
433.9832
433.9936
433.9955
434.0661
434.0727
434.0816
434.1163
434.1926
434.1962
434.247
434.2497
434.2541
434.2712
434.4441
434.4596
434.48
434.5016
434.5266
435.0144
435.0384
435.554
435.6101
436.4545
436.733
436.7381
436.8389
436.9427
436.9533
436.9744
437.0663
437.2112
437.3123
437.3733
437.4105
437.4176
437.8527
437.863
437.9435
437.9522
437.9789
438.103
438.348
438.3796
438.493
438.4973
438.5696
438.7754
438.7961
438.8428
438.8678
438.8793
438.9159
438.984
438.9929
439.0484
439.0848
439.1838
439.3219
439.3714
439.3994
439.5174
439.5745
439.7576
439.76
439.7773
439.7853
439.8224
439.8292
439.8396
439.8445
439.8463
439.8893
439.9096
439.9839
440.0026
440.0759
440.1169
440.3096
440.3826
440.4315
440.4945
440.4964
440.5041
440.5194
440.5485
440.5654
440.6275
440.7632
440.7798
440.8294
440.8311
440.8331
440.8371
440.8446
440.8569
440.8664
440.8938
440.934
440.9386
441.0093
441.0182
441.032
441.0408
441.0662
441.082
441.1032
441.1408
441.2552
441.3389
441.3474
441.355
441.3684
441.3757
441.3795
441.399
441.5086
441.5951
441.6646
441.7539
441.7649
441.8206
441.8481
441.8835
441.9831
441.9969
442.034
442.0555
442.1235
442.2482
442.2508
442.2595
442.3149
442.316
442.3293
442.3621
442.4799
442.5164
442.762
442.7954
442.8206
442.8331
442.8373
442.8446
442.8611
442.8663
442.871
442.8927
442.9174
442.9248
442.9288
442.9451
442.979
442.992
443.0257
443.0633
443.2515
443.2694
443.3243
443.3289
443.3342
443.3469
443.3601
443.3894
443.526
443.5334
443.7566
443.7597
443.7767
443.8222
443.8801
443.8935
443.9033
443.9171
443.9298
443.9511
443.9609
443.9678
443.9694
443.9729
443.9795
443.9837
444.0355
444.1237
444.2518
444.2553
444.3126
444.4449
444.4637
444.4734
444.4875
444.5986
445.8093
445.9009
446.0022
446.0947
446.2201
446.2241
446.2927
446.3129
446.3155
446.356
446.3592
446.3607
446.3634
446.4455
446.4701
446.529
446.5704
446.6466
446.8321
447.4081
447.7156
447.8808
447.8877
448.3712
449.4076
449.4939
450.1873
450.1913
450.1934
450.1953
450.1971
450.1992
450.2052
450.207
450.2095
450.2119
450.2226
450.2248
450.2263
450.2338
450.2394
450.2459
450.2483
450.2549
450.2642
450.2729
450.2743
450.2801
450.2951
450.3041
450.3055
450.3128
450.3226
450.3442
450.3485
450.3531
450.3595
450.4071
450.4109
450.461
450.4711
450.4927
450.5024
450.555
450.5646
450.5704
450.6347
450.6414
450.7125
450.7226
450.7342
450.7489
450.7571
450.9395
450.9424
450.9443
450.9646
451.0238
451.0765
451.0804
451.0831
451.1089
451.1117
451.1782
451.2057
451.2186
451.3927
451.4091
451.6227
451.6849
451.7187
451.8981
451.9011
451.9187
452.0096
452.0177
452.0301
452.1045
452.154
452.1712
452.2223
452.2288
452.2341
452.3315
452.3754
452.5647
452.5858
452.6803
452.8912
452.9535
453.0075
453.0273
453.1691
453.1886
453.197
453.2023
453.211
453.2149
453.2889
453.3548
453.4318
453.5174
453.9486
454.0457
454.1059
454.1684
454.4888
454.6321
454.7111
454.7748
455.1221
455.177
455.4568
455.6082
455.7144
455.897
456.1516
456.1553
456.158
456.159
456.1645
456.1705
456.1741
456.1761
456.179
456.1839
456.1908
456.2061
456.2074
456.2218
456.2241
456.2273
456.2295
456.2383
456.2405
456.2442
456.2664
456.2738
456.2763
456.2791
456.295
456.2969
456.3329
456.3586
456.3646
456.366
456.3676
456.3884
456.4174
456.4387
456.4868
456.5076
456.5102
456.5302
456.5469
456.5509
456.5581
456.5724
456.6044
456.6164
456.7357
456.7483
456.7739
456.9572
457.0949
457.1217
457.2263
457.2879
457.3058
457.3197
457.3521
457.433
457.4756
457.4815
457.4861
457.5135
457.6116
457.6839
457.7737
457.8096
457.8445
457.9618
458.1213
458.1971
458.3176
458.4637
458.485
458.5335
458.5556
458.5606
458.6221
458.6243
458.7167
458.7304
458.8714
458.8788
458.8819
458.8831
458.9838
459.0086
459.1754
459.1823
459.188
459.2059
459.2223
459.2611
459.2787
459.3181
459.3695
459.5593
459.5634
459.5672
459.605
459.6155
459.6185
459.6276
459.636
459.6383
459.6622
459.6804
459.7617
459.7983
459.8069
459.8416
459.8448
459.8468
459.8523
459.8541
459.8611
459.8978
459.962
459.995
460.0405
460.0619
460.0757
460.1496
460.1523
460.1703
460.1844
460.1907
460.2263
460.2288
460.2569
460.2913
460.3118
460.3247
460.3456
460.386
460.3995
460.4022
460.4872
460.5913
460.6078
460.6124
460.6172
460.6274
460.6328
460.6545
460.6779
460.6789
460.6862
460.6916
460.708
460.7091
460.7234
460.7328
460.7997
460.8029
460.8296
460.8491
460.8673
460.8728
460.8868
460.9867
460.9948
460.9992
461.0176
461.0626
461.0908
461.1155
461.123
461.163
461.1769
461.1887
461.1921
461.1943
461.2145
461.2358
461.3232
461.3251
461.3998
461.41
461.4388
461.475
461.4865
461.5133
461.5627
461.5707
461.5815
461.6305
461.7191
461.7872
461.8101
461.8304
461.9031
461.915
461.9387
461.9759
461.9772
461.9808
461.9837
461.9851
462.0305
462.0353
462.0467
462.0597
462.1618
462.1636
462.1677
462.1695
462.1999
462.2154
462.2187
462.227
462.2398
462.2455
462.2828
462.2961
462.3172
462.3683
462.4044
462.4089
462.4359
462.4496
462.4575
462.4752
462.4787
462.4823
462.4842
462.4972
462.5191
462.5342
462.6339
462.6382
462.6394
462.6611
462.6886
462.6969
462.7166
462.7336
462.7413
462.7498
462.7814
462.8479
462.8505
462.857
462.8581
462.8592
462.8665
462.9088
462.9162
462.9291
462.9383
462.998
463.0663
463.1119
463.1133
463.1473
463.1679
463.1779
463.1841
463.1852
463.2172
463.2531
463.2601
463.2655
463.2814
463.3162
463.323
463.3282
463.4488
463.4505
463.4558
463.4585
463.4729
463.5341
463.5467
463.564
463.5747
463.6362
463.6418
463.6448
463.6759
463.6809
463.6901
463.7005
463.7021
463.7096
463.7155
463.7219
463.7445
463.8288
463.8304
463.8689
463.8961
463.9112
463.9353
463.9909
463.9933
463.996
464.0449
464.053
464.0854
464.1562
464.1618
464.1654
464.1695
464.1724
464.1837
464.215
464.226
464.227
464.2296
464.231
464.2411
464.244
464.2496
464.2779
464.3198
464.3264
464.3287
464.3713
464.3823
464.3858
464.4817
464.4832
464.4908
464.5431
464.5712
464.6472
464.6997
464.7281
464.7986
464.8128
464.8348
464.8517
464.9365
464.945
464.9931
464.9972
465.0025
465.0881
465.0903
465.0926
465.1438
465.1802
465.1856
465.2248
465.2289
465.233
465.2352
465.283
465.2876
465.3674
465.3691
465.3722
465.4262
465.4306
465.5453
465.5478
465.5779
465.6967
465.7034
465.7694
465.8215
465.8234
465.8339
465.8975
465.9124
465.9491
465.9582
466.0277
466.0341
466.038
466.0669
466.0701
466.0723
466.0831
466.2252
466.2872
466.4244
467.1389
467.2139
467.3519
467.4448
467.4766
467.7565
467.7714
467.8168
468.1161
468.4834
468.639
468.7115
468.738
468.744
468.854
468.9241
468.9508
469.1247
469.1397
469.1525
469.1784
469.2564
469.2738
469.3663
469.4244
469.4592
469.675
469.6815
469.7349
469.7886
469.8083
469.9015
470.2159
470.4294
470.6054
470.6351
470.708
470.7116
470.7176
470.7691
470.79
470.8
470.8044
470.8209
470.8838
470.9162
471.0978
471.1062
471.1842
471.192
471.2
471.208
471.2186
471.3486
471.4395
471.4423
471.4516
471.6046
471.632
471.6691
471.6818
471.7047
471.708
471.7397
471.8208
471.8361
471.8422
471.9884
472.0966
472.1101
472.1328
472.1417
472.166
472.1719
472.1786
472.2194
472.2204
472.2445
472.3386
472.3409
472.3825
472.3891
472.434
472.4403
472.5961
472.6716
472.6911
472.6965
472.7114
472.713
472.7334
472.8267
472.876
472.8954
472.9768
473.0835
473.1132
473.126
473.1572
473.1616
473.1759
473.1845
473.2897
473.3041
473.3111
473.3888
473.5325
473.5895
473.5981
473.6039
473.6685
473.6739
473.6788
473.6849
473.6897
473.7142
473.7313
473.733
473.7385
473.7493
473.7915
473.8048
473.8747
474.0789
474.0893
474.0939
474.1733
474.2248
474.2991
474.3188
474.3283
474.3481
474.3566
474.3628
474.6349
474.6719
474.6772
474.6798
474.6823
474.7097
474.7361
474.7851
474.7921
474.8049
474.8067
474.8078
474.8312
474.8936
474.9588
475.0742
475.0753
475.0927
475.1108
475.1457
475.163
475.1709
475.182
475.1839
475.1954
475.2118
475.234
475.2715
475.2786
475.3068
475.3455
475.415
475.5814
475.5831
475.5878
475.6496
475.656
475.6815
475.6949
475.8875
475.9005
476.0388
476.066
476.0882
476.091
476.1438
476.3066
476.3307
476.7891
476.8504
476.8725
476.9155
477.3592
477.4098
477.6058
477.6082
477.9959
478.3576
478.6142
478.6172
479.0324
479.0879
479.3243
479.3266
479.5283
479.9092
479.9659
480.0934
480.2144
480.3211
480.3391
480.3554
480.4399
480.4699
480.593
480.6255
480.6295
480.7381
480.8134
480.8861
481.041
481.1303
481.1832
481.188
481.2442
481.2743
481.2802
481.3539
481.375
481.4061
481.4931
481.5157
481.6717
481.8068
481.8292
481.8373
481.8565
481.8921
481.9889
482.1071
482.1593
482.3537
482.4048
482.5209
482.5338
482.6234
482.6786
482.6812
482.8402
482.9005
482.9894
483.0031
483.1767
483.1821
483.2094
483.3779
483.4549
483.4583
