0.0993
0.1876
0.5638
0.5962
0.6037
0.6823
0.8018999999999999
0.8485
0.9353
1.0744
1.1162
2.5317
2.5911
3.1595
3.2243
3.5088
3.7641
3.9193
4.5344
4.5359
4.5375
4.5406
4.5422
4.5436
4.545
4.5471
4.565
4.5713
4.5737
4.5764
4.5791
4.5961
4.6085
4.614
4.6226
4.6579
4.6803
4.6925
4.7172
4.7315
4.7578
4.7623
4.8521
4.8561
4.8771
4.891
4.896
4.9103
4.9174
4.9462
4.9579
5.0196
5.1876
5.2563
5.3129
5.3774
5.398
5.4563
5.5441
5.5487
5.618
5.7929
5.8136
5.9008
5.9919
6.0005
6.1043
6.1954
6.2627
6.3602
6.5156
6.559
6.6055
6.6363
6.6532
6.8456
6.8753
6.944
7.0977
7.1334
7.3831
7.4003
7.4546
7.463
7.5132
7.5189
7.524
7.5835
7.8494
7.9092
8.0922
8.6113
8.819900000000001
8.847799999999999
8.932399999999999
9.0548
9.1776
9.2065
9.303599999999999
9.7163
9.979900000000001
10.3534
10.5076
10.5103
10.5133
10.5143
10.5195
10.5208
10.5236
10.5285
10.5361
10.5475
10.5567
10.5711
10.573
10.5809
10.5881
10.5983
10.6046
10.6072
10.6199
10.6275
10.6533
10.6691
10.7267
10.768
10.7918
10.8913
10.9084
10.9693
10.9726
10.9747
10.9762
11.0085
11.0899
11.1147
11.1159
11.1275
11.1667
11.2975
11.3082
11.3686
11.557
11.6585
11.9827
11.9946
12.0211
12.0466
12.2896
12.3762
12.4207
12.453
12.4965
12.6165
12.6752
12.6848
12.748
12.7558
12.7821
12.8408
12.8596
12.8814
12.9051
12.9194
13.0394
13.2427
13.2644
13.3922
13.776
13.8894
13.8913
13.8927
13.8977
13.9115
13.9522
13.9669
13.9679
13.9809
13.9841
13.9921
14.0364
14.1254
14.1638
14.2208
14.2315
14.3817
14.4882
14.5439
14.5566
14.574
14.5851
14.6573
14.8163
14.9634
14.9798
14.9943
15.006
15.0196
15.0288
15.0349
15.0735
15.0746
15.077
15.158
15.1858
15.2321
15.3622
15.3825
15.4016
15.408
15.425
15.5082
15.522
15.546
15.6806
15.6824
15.6989
15.7391
15.767
15.8204
15.861
15.9824
15.987
16.0161
16.1076
16.1425
16.2625
16.2795
16.298
16.3001
16.4412
16.5622
16.6463
16.6749
16.761
16.7635
16.8188
16.8732
16.8857
16.992
16.9994
17.05
17.1015
17.1161
17.1339
17.1933
17.2158
17.2287
17.2348
17.2615
17.3073
17.3267
17.3354
17.3569
17.416
17.4224
17.4338
17.4585
17.5115
17.6456
17.8091
17.8134
17.8251
17.9013
17.9658
17.9908
17.9928
18.0124
18.0996
18.2089
18.2569
18.284
18.349
18.3545
18.3651
18.3729
18.5155
18.5239
18.6793
18.6995
18.7166
18.8365
18.8476
18.8907
18.9921
18.9986
19.0125
19.0168
19.0201
19.0229
19.1407
19.1475
19.1995
19.2223
19.3648
19.3715
19.376
19.5899
19.7184
19.7325
19.7777
19.7941
19.8048
19.8375
19.8602
19.8786
19.9363
19.9895
19.9941
20.1296
20.134
20.1449
20.1692
20.3064
20.3855
20.5964
20.702
21.319
21.4658
21.8215
21.9452
21.98
22.2916
22.3902
22.7831
22.792
22.8032
23.0445
23.109
23.1128
23.2219
23.518
23.5541
23.5772
23.7529
23.7771
23.9172
23.9692
23.9742
23.9869
24.0164
24.1031
24.2006
24.2527
24.3387
24.4768
24.5191
24.5329
24.7182
24.7229
24.9552
24.9611
24.9926
25.0091
25.0172
25.0593
25.0864
25.1704
25.4536
25.4587
25.4703
25.5169
25.5218
25.6108
25.6583
25.7368
25.9546
25.9673
25.9797
25.9883
25.9948
26.0253
26.0404
26.1389
26.17
26.179
26.1942
26.2296
26.3016
26.3489
26.4533
26.4695
26.4972
26.5035
26.5365
26.6551
26.6808
26.6966
26.9184
26.9377
26.9447
26.9478
26.9505
26.9668
27.0013
27.0031
27.0094
27.0889
27.0972
27.1397
27.161
27.434
27.4393
27.4564
27.4627
27.5092
27.5169
27.6026
27.6839
27.7217
27.8536
27.9845
27.9985
27.9999
28.0459
28.2231
28.2817
28.4428
28.4526
28.478
28.5054
28.5771
28.6723
28.7102
28.9436
28.9787
28.9837
28.9899
29.0172
29.0305
29.1025
29.169
29.2001
29.2934
29.4465
29.4809
29.4984
29.5004
29.5068
29.6752
29.8872
29.9208
29.9691
30.0016
30.0342
30.0784
30.1013
30.2064
30.2102
30.2246
30.3347
30.3895
30.4752
30.5134
30.5709
30.6053
30.6237
30.7655
30.7948
31.2701
31.3829
31.8914
32.1064
32.4244
32.5953
32.8593
34.6
35.2781
36.3657
36.3686
36.37
36.3712
36.3747
36.3804
36.383
36.3875
36.3906
36.4083
36.4094
36.4168
36.4236
36.4315
36.4391
36.4428
36.4494
36.4665
36.4793
36.4846
36.4936
36.5181
36.5248
36.5747
36.6015
36.634
36.6955
36.7156
36.7575
36.7694
36.7766
36.7959
36.9017
36.9102
37.0093
37.018
37.0974
37.2528
37.2719
37.3663
37.6147
37.7412
37.7788
38.0382
38.053
38.1224
38.1432
38.1682
38.2346
38.2361
38.2954
38.3344
38.3433
38.3453
38.4293
38.7122
38.753
38.8268
38.8724
38.8911
39.1281
39.192
39.2038
39.3438
39.4244
39.8139
39.9874
40.7083
40.8871
40.9415
41.4254
41.6929
41.8932
41.8973
41.9856
42.0224
42.3418
42.3432
42.348
42.3507
42.3531
42.3779
42.4019
42.4036
42.4131
42.4205
42.4296
42.4478
42.4773
42.49
42.4931
42.4987
42.5011
42.5153
42.5203
42.5234
42.5618
42.5757
42.6071
42.6363
42.6936
42.7619
42.783
42.794
42.806
42.8704
42.9525
42.9993
43.1278
43.2291
43.2405
43.2596
43.276
43.3704
43.3939
43.4352
43.4822
43.5037
43.6067
43.6115
43.6201
43.685
43.8151
43.9926
44.0112
44.0682
44.2596
44.538
44.6006
44.6249
44.646
44.8079
44.818
44.9148
44.9653
45.0222
45.1492
45.2131
45.2177
45.3376
45.3659
45.3998
45.4519
45.5767
45.7168
45.7189
45.7241
45.7276
45.7296
45.7454
45.7608
45.7623
45.7769
45.793
45.7943
45.8064
45.8157
45.8289
45.8582
45.862
45.8916
45.896
45.9105
45.9152
45.9167
45.9365
45.94
45.9698
45.9991
46.0262
46.0395
46.0604
46.0824
46.1125
46.2188
46.3303
46.3364
46.379
46.3847
46.3914
46.3976
46.4023
46.4329
46.4608
46.4694
46.4919
46.556
46.5729
46.5778
46.7909
46.7928
46.837
46.8618
46.8642
46.8708
46.9316
47.0351
47.1708
47.1759
47.1796
47.1956
47.222
47.2267
47.2457
47.2634
47.2692
47.3427
47.3581
47.4324
47.5094
47.5146
47.5195
47.5296
47.5742
47.5848
47.5941
47.6716
47.7067
47.7351
47.7904
47.813
47.8159
47.8191
47.8381
47.8523
47.8771
47.8791
47.9566
47.9923
48.068
48.0898
48.0913
48.0965
48.1127
48.1281
48.2198
48.2217
48.2425
48.3197
48.3478
48.3568
48.3829
48.4028
48.4141
48.4918
48.5964
48.6132
48.6442
48.7438
48.7603
48.821
48.8278
48.8504
48.8774
48.8847
48.9565
49.0364
49.0424
49.0463
49.0723
49.08
49.0836
49.2687
49.2868
49.4467
49.4594
49.6405
49.6526
49.7194
49.7428
49.8298
49.8349
49.8564
49.8648
49.897
50.0374
50.0815
50.1817
50.3777
50.405
50.5141
50.5155
50.5317
50.6046
50.6719
50.6776
50.695
50.7322
50.8289
50.9728
51.0298
51.1276
51.1397
51.1724
51.221
51.2767
51.4226
51.553
51.5621
51.6231
51.6375
51.6937
51.8313
52.0938
52.1766
52.2183
52.2236
52.264
52.7262
52.8051
52.9805
54.4689
54.6518
55.0424
55.0448
55.3616
55.3924
55.3967
55.5528
55.6354
55.6548
55.835
55.8483
55.8531
55.8555
55.8662
55.8842
56.0462
56.0569
56.0709
56.3284
56.3395
56.3862
56.4016
56.4046
56.4398
56.5151
56.5628
56.6268
56.9107
57.3376
57.3616
57.4052
57.4098
57.4304
57.4351
57.4552
57.8188
57.8883
57.893
57.8965
57.959
58.0213
58.0381
58.065
58.2986
58.3046
58.3099
58.3486
58.4112
58.4156
58.4357
58.5275
58.5791
58.5968
58.6741
58.8275
58.8356
58.8381
58.8635
58.8794
58.8935
58.8952
58.9057
58.9074
58.9108
58.93
58.9499
59.0416
59.0525
59.2973
59.323
59.3333
59.3379
59.3418
59.3591
59.3621
59.3803
59.3989
59.4219
59.4425
59.4479
59.7209
59.7723
59.7763
59.7808
59.7881
59.8044
59.8932
59.9031
59.9053
59.9713
59.9973
60.2627
60.2721
60.2829
60.2888
60.2961
60.3166
60.3201
60.3225
60.342
60.3578
60.3689
60.3747
60.391
60.403
60.4838
60.491
60.5671
60.5831
60.7681
60.7697
60.822
60.8555
60.8642
60.8736
60.8847
60.9363
60.9775
61.0554
61.2942
61.312
61.3601
61.3802
61.3933
61.4309
61.4413
61.4436
61.5975
61.7636
61.7685
61.7873
61.8579
61.8814
61.8944
61.9025
61.9085
61.9345
61.9363
61.9695
61.9938
62.272
62.2821
62.3262
62.5666
62.857
63.1829
63.2622
64.23990000000001
64.68680000000001
64.7099
65.01649999999999
65.2179
65.5183
66.2281
67.2933
67.3813
68.2
68.21250000000001
68.21720000000001
68.2265
68.23480000000001
68.2432
68.2509
68.2739
68.2818
68.2928
68.3027
68.3197
68.33669999999999
68.3467
68.35639999999999
68.3652
68.38420000000001
68.38590000000001
68.42740000000001
68.4401
68.4499
68.4558
68.45959999999999
68.4903
68.5474
68.5827
68.63800000000001
68.65989999999999
68.67659999999999
68.6949
68.7137
68.7791
68.7959
68.8579
68.8673
68.8843
69.06489999999999
69.14870000000001
69.1707
69.2218
69.2394
69.24379999999999
69.4225
69.4492
69.47969999999999
69.55329999999999
69.67059999999999
69.7865
70.392
70.5171
71.2184
71.22629999999999
71.3329
71.63639999999999
72.4083
72.7589
73.4447
73.5522
73.5977
73.73350000000001
74.0638
74.17010000000001
74.1827
74.1893
74.1948
74.19880000000001
74.20099999999999
74.20529999999999
74.217
74.2226
74.2256
74.2377
74.239
74.2659
74.26739999999999
74.2987
74.3437
74.3777
74.3942
74.40770000000001
74.4141
74.42749999999999
74.4696
74.47329999999999
74.4953
74.526
74.5399
74.5608
74.57989999999999
74.6044
74.7204
74.76860000000001
74.87820000000001
74.88939999999999
75.5868
76.5043
76.559
76.63500000000001
76.6819
76.74299999999999
77.0086
77.0808
77.12009999999999
77.188
77.2118
77.2148
77.5444
77.5519
77.5562
77.57040000000001
77.5992
77.61669999999999
77.6193
77.63330000000001
77.64239999999999
77.65779999999999
77.6627
77.6739
77.6769
77.6996
77.7182
77.7409
77.7448
77.7497
77.7509
77.7735
77.7889
77.79179999999999
77.8026
77.85890000000001
77.8673
78.023
78.072
78.1636
78.1662
78.1773
78.1905
78.1951
78.2105
78.2647
78.2657
78.2731
78.28060000000001
78.2821
78.28449999999999
78.30419999999999
78.39449999999999
78.65000000000001
78.6658
78.6943
78.6965
78.71299999999999
78.72839999999999
78.7457
78.7522
78.7599
78.7624
78.8361
78.8535
78.8712
78.9996
79.03830000000001
79.04989999999999
79.0608
79.0817
79.0891
79.10339999999999
79.114
79.1157
79.14060000000001
79.1722
79.1786
79.3626
79.36499999999999
79.3753
79.4135
79.42489999999999
79.43389999999999
79.438
79.4609
79.47799999999999
79.496
79.6537
79.672
79.83710000000001
79.84950000000001
79.9522
79.96210000000001
79.9657
80.0087
80.017
80.04470000000001
80.1788
80.2055
80.22410000000001
80.22539999999999
80.2624
80.2863
80.3205
80.3329
80.3558
80.43259999999999
80.4468
80.46380000000001
80.48350000000001
80.5061
80.6709
80.6816
80.68340000000001
80.6968
80.711
80.88890000000001
80.89449999999999
80.8986
80.90309999999999
80.91549999999999
80.9538
81.07080000000001
81.10129999999999
81.114
81.1221
81.17910000000001
81.1858
81.2743
81.3064
81.3098
81.32680000000001
81.3323
81.37569999999999
81.45269999999999
81.5416
81.5932
81.6825
81.7413
81.86020000000001
81.89870000000001
82.0073
82.0348
82.05029999999999
82.0823
82.17140000000001
82.1789
82.2097
82.3424
82.3998
82.41379999999999
82.4662
82.54040000000001
82.6955
82.83839999999999
82.9115
82.9555
83.0189
83.0421
83.10420000000001
83.1371
83.25279999999999
83.27370000000001
83.3013
83.5789
83.84229999999999
84.0544
84.095
84.10809999999999
85.3135
85.34910000000001
86.4213
86.8045
87.02079999999999
87.3597
87.7105
88.06229999999999
88.17829999999999
88.1939
88.2453
88.2777
88.28579999999999
88.3439
88.42749999999999
88.6678
88.6709
88.69199999999999
88.7376
88.7692
88.8308
89.194
89.20140000000001
89.21169999999999
89.2337
89.2525
89.2543
89.2623
89.28360000000001
89.2957
89.3015
89.68729999999999
89.6918
89.7085
89.7122
89.7243
89.7654
89.8656
89.8918
90.0993
90.1157
90.1477
90.2244
90.23180000000001
90.3331
90.35590000000001
90.6335
90.63679999999999
90.65900000000001
90.73820000000001
90.7757
90.8467
90.8724
90.9928
91.02979999999999
91.12949999999999
91.1591
91.17100000000001
91.1995
91.2088
91.2713
91.27670000000001
91.40689999999999
91.4358
91.65260000000001
91.6943
91.7009
91.7159
91.7315
91.7653
91.82250000000001
91.88290000000001
92.10129999999999
92.17789999999999
92.1789
92.18859999999999
92.1956
92.2105
92.2315
92.2615
92.2937
92.3005
92.5534
92.6343
92.6683
92.6758
92.68640000000001
92.6931
92.7296
92.7403
92.7504
92.7539
92.7658
92.76860000000001
92.7884
92.8408
93.1271
93.1366
93.1606
93.1885
93.2085
93.223
93.24160000000001
93.24679999999999
93.25530000000001
93.5917
93.6204
93.6391
93.6671
93.6837
93.685
93.7167
93.7178
93.75109999999999
93.75839999999999
94.01479999999999
94.0437
94.1443
94.2347
94.3882
94.4684
94.7032
95.1644
95.3608
96.03879999999999
96.2998
96.5313
97.0813
98.1892
98.5667
98.7675
99.1075
99.892
100.032
100.0377
100.0432
100.0515
100.053
100.0586
100.0596
100.0626
100.0689
100.0736
100.0801
100.0855
100.0881
100.0894
100.1072
100.1133
100.1219
100.1258
100.13
100.1323
100.1521
100.1607
100.2047
100.213
100.2143
100.2371
100.243
100.2675
100.2715
100.2732
100.2949
100.3032
100.3093
100.317
100.3584
100.4185
100.4339
100.4618
100.4809
100.5132
100.5143
100.5277
100.5865
100.6419
100.6485
100.6512
100.7356
100.7383
100.7542
100.7666
100.7916
100.8847
100.9084
100.9311
100.992
101.0927
101.1266
101.1289
101.1495
101.2398
101.3027
101.3278
101.3987
101.4071
101.4103
101.4159
101.4404
101.5245
101.5682
101.6152
101.6818
101.6965
101.728
101.9838
102.0051
102.0375
102.1157
102.149
102.1603
102.2502
102.5663
102.7587
102.8662
103.2649
103.8282
104.0651
105.68
106.0091
106.0129
106.0179
106.0189
106.0209
106.0232
106.0262
106.0285
106.0487
106.0659
106.0761
106.087
106.1042
106.1117
106.1145
106.1164
106.1316
106.136
106.1467
106.1518
106.1851
106.2006
106.2353
106.2496
106.2957
106.3637
106.3738
106.3962
106.4096
106.4732
106.5453
106.5554
106.5588
106.5971
106.7295
106.7402
106.7802
106.8039
106.8451
106.8598
107.0075
107.0319
107.1126
107.143
107.1833
107.3231
107.3491
107.3606
107.3679
107.448
107.5183
107.5671
107.6978
108.188
108.2549
108.2663
108.3021
108.3141
108.3289
108.3609
108.3967
108.4581
108.4791
108.4856
108.5236
108.5332
108.5754
108.6384
108.7176
108.8284
108.8597
108.8626
108.8789
108.8813
108.9844
109.0567
109.0678
109.0878
109.1495
109.3589
109.4031
109.4138
109.4275
109.4371
109.4522
109.454
109.4636
109.4665
109.4755
109.4772
109.4834
109.522
109.545
109.5877
109.6222
109.7178
110.0573
110.0631
110.0852
110.0969
110.1035
110.1205
110.1347
110.1636
110.1845
110.1879
110.1964
110.242
110.2595
110.4509
110.4557
110.4752
110.4771
110.5055
110.5217
110.5323
110.5339
110.5535
110.5751
110.5801
110.6732
110.6795
110.6904
110.8332
110.8367
110.8417
110.8571
110.8581
110.8674
110.9091
110.9104
110.9346
110.9638
111.0002
111.1851
111.2068
111.2703
111.2882
111.292
111.3266
111.3555
111.4302
111.4794
111.5123
111.6181
111.6657
111.7538
111.7683
111.7872
111.7891
111.7916
111.8169
111.8209
111.8584
112.0047
112.0105
112.0171
112.0275
112.0307
112.0345
112.0471
112.1077
112.1469
112.2541
112.2718
112.2816
112.2921
112.4265
112.4861
112.5108
112.5435
112.6953
112.7299
112.7461
112.9107
112.9122
112.9155
112.9166
112.9354
112.9525
112.9886
112.9992
113.1132
113.127
113.1324
113.2022
113.2058
113.3072
113.3747
113.493
113.5056
113.553
113.6683
113.6727
113.8455
113.8529
113.8605
113.9344
114.0076
114.012
114.0192
114.0353
114.0841
114.0881
114.0964
114.1827
114.1956
114.2455
114.3936
114.643
114.6443
114.6505
114.7877
114.7933
114.7968
114.8108
114.8575
114.9324
114.9519
114.9576
115.0047
115.0744
115.0793
115.0839
115.1328
115.2733
115.3487
115.3546
115.3596
115.3675
115.4952
115.5086
115.5446
115.6227
115.6731
115.6779
115.754
115.7636
115.7817
115.9316
115.9401
116.0127
116.0633
116.0978
116.1873
116.2028
116.2185
116.4766
117.598
118.3409
118.5433
118.5959
118.9494
118.9822
118.9856
119.0405
119.0727
119.1125
119.1383
119.1817
119.1973
119.2706
119.4767
119.5206
119.5548
119.5617
119.5652
119.5683
119.5862
119.7726
119.9022
120.1707
120.2766
120.485
120.5067
120.5267
120.5297
120.5526
120.5617
120.6109
120.6942
120.7101
120.9577
120.9665
120.9678
120.9751
120.985
121.0034
121.0089
121.0247
121.0534
121.0692
121.0735
121.09
121.0941
121.1879
121.2653
121.4178
121.4463
121.471
121.4917
121.5435
121.5578
121.5636
121.6211
121.686
121.7585
121.8167
121.9377
121.9538
122.0074
122.025
122.0283
122.0315
122.0574
122.0605
122.2612
122.2791
122.3302
122.4398
122.452
122.4684
122.4747
122.5129
122.5146
122.5434
122.5762
122.591
122.6315
122.9486
122.9803
123.0061
123.061
123.0864
123.0995
123.1341
123.2008
123.2344
123.2626
123.4307
123.4703
123.4863
123.4975
123.5111
123.5467
123.5505
123.5541
123.5902
123.9153
123.9967
124.0503
124.0585
124.1827
124.4199
124.4255
124.482
124.4978
124.5067
124.5111
124.5314
124.5579
124.5852
124.5914
124.6702
124.7073
124.7195
124.9114
124.9196
124.9229
124.9249
124.9383
124.9628
125.003
125.0079
125.0153
125.0362
125.0634
125.1631
125.1695
125.1789
125.1991
125.2104
125.415
125.42
125.4244
125.4255
125.4318
125.4504
125.4877
125.4995
125.5548
125.5779
125.601
125.6175
125.6683
125.7046
125.9048
125.9118
125.9232
125.9315
125.9648
125.9704
125.9791
125.9802
125.9958
126.0044
126.0692
126.0719
126.0977
126.3392
126.4013
126.4063
126.4393
126.619
126.6218
127.1321
127.5743
127.9206
128.1043
128.14
128.1532
128.2432
128.4676
128.5616
128.5761
128.9977
129.5255
129.9417
130.0771
130.3152
130.428
130.5171
131.2248
131.8583
131.8614
131.863
131.8654
131.8705
131.8769
131.8817
131.8978
131.9024
131.9135
131.923
131.9364
131.9385
131.9402
131.964
131.974
131.9769
131.9952
132.0044
132.0312
132.0322
132.0842
132.1134
132.1441
132.1916
132.2198
132.2299
132.2388
132.2498
132.2681
132.2754
132.2827
132.3011
132.3071
132.3626
132.369
132.4655
132.4837
132.5159
132.6011
132.6058
132.7068
132.7954
132.7967
132.8008
132.8724
132.8917
132.9605
132.9685
133.0014
133.011
133.1146
133.1198
133.1279
133.1632
133.3278
133.4187
133.4555
133.565
133.5733
133.6701
133.7261
133.8414
133.9044
133.907
133.9341
134.138
134.1852
134.2645
134.2795
134.3733
134.4806
134.5675
134.6204
134.7646
134.7868
134.8464
134.8519
134.8532
134.8548
134.8669
134.8703
134.8815
134.8881
134.8932
134.923
134.9579
135.0394
135.2543
135.3366
135.601
135.6934
135.7368
135.7742
137.3808
137.4159
137.4405
137.8438
137.8472
137.8483
137.8495
137.8521
137.8543
137.8563
137.8604
137.9014
137.9055
137.9393
137.9556
137.9566
137.9858
138.0105
138.0354
138.0585
138.1293
138.1523
138.1603
138.2037
138.2368
138.3781
138.4021
138.4611
138.4662
138.5071
138.5784
138.6402
138.6628
138.6939
138.7398
138.7838
138.8448
138.8856
138.9298
139.0847
139.1199
139.1418
139.181
139.2914
139.4067
139.5699
139.7584
139.7774
140.0044
140.0148
140.1065
140.142
140.1686
140.3017
140.4816
140.662
141.2076
141.2101
141.213
141.2419
141.2492
141.253
141.2599
141.262
141.2717
141.2913
141.3027
141.3084
141.3128
141.3167
141.323
141.3881
141.4553
141.5373
141.5549
141.7475
141.8191
141.8247
141.8279
141.8302
141.8497
141.8522
141.8942
141.8965
141.9071
141.9146
142.0376
142.0732
142.0909
142.1197
142.2814
142.2844
142.2914
142.3117
142.3347
142.3459
142.3476
142.3653
142.3922
142.4748
142.5425
142.6633
142.6668
142.6689
142.6761
142.7067
142.7374
142.767
142.8426
142.8437
142.9478
143.0064
143.0106
143.0233
143.0277
143.0349
143.0447
143.064
143.0696
143.2968
143.3042
143.309
143.3305
143.3428
143.4492
143.4816
143.587
143.5888
143.5907
143.5958
143.6122
143.634
143.6633
143.854
143.9093
143.9508
143.9951
144.084
144.1242
144.3186
144.325
144.335
144.3505
144.3535
144.3719
144.5258
144.5365
144.5379
144.5477
144.5628
144.6237
144.7022
144.7369
144.7411
144.7473
144.7491
144.7548
144.7662
144.8253
144.8657
144.8916
144.9401
144.9446
144.9648
144.9682
145.0634
145.1362
145.1607
145.2216
145.2756
145.3167
145.3416
145.3464
145.4059
145.4937
145.5005
145.5019
145.5166
145.526
145.678
145.699
145.7103
145.7416
145.8439
145.8588
145.8702
145.8844
145.9141
145.9199
146.0071
146.2229
146.2264
146.3205
146.3282
146.626
146.6281
146.6513
146.6573
146.7698
146.7708
146.8726
146.9129
146.9168
146.9248
146.9343
146.9771
147.013
147.047
147.0485
147.0718
147.1966
147.2623
147.3445
147.3786
147.4523
147.4548
147.4564
147.4683
147.5628
147.5847
147.59
147.5958
147.6071
147.7126
147.7567
147.772
147.7977
147.887
147.904
148.1735
148.2056
148.2615
148.3388
148.3467
148.4701
150.0308
150.1364
150.3264
150.4149
150.4371
150.5304
150.6203
150.7146
150.8425
150.8443
150.9743
151.009
151.0894
151.111
151.197
151.2058
151.3086
151.3297
151.3461
151.3669
151.4082
151.422
151.5269
151.5365
151.8023
151.8104
151.9961
152.1284
152.1411
152.1709
152.2843
152.3074
152.318
152.3613
152.3734
152.454
152.7784
152.7855
152.7909
152.8273
152.8311
152.8467
152.8503
152.8896
152.9022
152.9285
152.9404
153.0196
153.0501
153.0809
153.275
153.2911
153.2958
153.344
153.3532
153.3848
153.5197
153.7718
153.785
153.8445
153.9236
153.9406
153.9489
153.9778
154.0241
154.1011
154.1209
154.2625
154.2806
154.2895
154.3081
154.3834
154.4211
154.446
154.5151
154.5734
154.6302
154.7548
154.7683
154.7698
154.7867
154.8136
154.829
154.8835
154.9278
154.9558
155.1124
155.1621
155.3333
155.3351
155.3547
155.3653
155.3784
155.4061
155.4095
155.4969
155.5079
155.5482
155.8162
155.829
155.8519
155.8543
155.876
155.8934
155.8956
155.8977
156.0358
156.0827
156.3271
156.3487
156.3504
156.3526
156.3719
156.3995
156.4101
156.7733
156.8091
156.8258
156.8296
156.8359
156.8375
156.8772
156.881
156.8894
156.8935
156.9113
156.9125
156.98
156.9828
157.0306
157.0406
157.0729
157.1044
157.2963
157.3165
157.3238
157.3472
157.362
157.3923
157.3963
157.4236
157.425
157.458
157.4778
157.4893
157.4917
157.5049
157.5486
157.7973
157.8204
158.2927
158.3384
159.6399
159.6866
159.736
159.7395
160.1204
160.4567
160.5947
160.7282
160.7456
160.8285
161.1467
161.5389
161.8849
162.3665
162.4621
162.6507
162.7107
162.9485
163.0588
163.7065
163.7093
163.7109
163.7148
163.7214
163.7246
163.7257
163.7433
163.7477
163.7571
163.7639
163.7665
163.7822
163.7983
163.8066
163.8181
163.8207
163.836
163.8791
163.881
163.9057
163.9723
163.9838
163.9964
164.0568
164.1192
164.1275
164.1611
164.1649
164.1806
164.1931
164.2372
164.268
164.2892
164.3336
164.3635
164.4097
164.453
164.5
164.5045
164.517
164.5332
164.6001
164.6163
164.6229
164.6438
164.6725
164.7398
164.7705
164.7964
164.8127
164.8294
164.8476
164.9377
164.9595
164.9661
164.9677
164.9742
165.0044
165.0145
165.0497
165.0918
165.1073
165.1247
165.1433
165.1677
165.1715
165.1798
165.2773
165.3077
165.3493
165.396
165.4081
165.4255
165.4694
165.6201
165.6269
165.7594
165.9935
166.1363
166.2507
166.696
166.72
167.7531
167.9661
168.1322
168.3149
168.3533
168.3993
168.7632
168.9761
169.0926
169.3869
169.5573
169.6799
169.6837
169.6913
169.6929
169.6942
169.6978
169.7079
169.7136
169.7157
169.7176
169.7265
169.732
169.7408
169.7554
169.7579
169.8036
169.8109
169.8318
169.8428
169.8659
169.8705
169.8878
169.9421
169.9476
170.0144
170.0253
170.0357
170.1029
170.1302
170.1362
170.1769
170.892
171.3283
171.3708
171.503
171.7877
171.9938
172.0136
172.0509
172.0968
172.1024
172.1309
172.1662
172.1795
172.2897
172.4777
172.5074
172.5189
172.6317
172.6456
172.7297
172.8759
173.0525
173.0785
173.1083
173.1134
173.1167
173.1243
173.1293
173.1417
173.1607
173.1693
173.1855
173.201
173.2043
173.2151
173.2259
173.237
173.2568
173.2789
173.3123
173.3135
173.3612
173.3764
173.3859
173.4031
173.4225
173.6686
173.6946
173.6972
173.7014
173.7032
173.7163
173.726
173.7531
173.7705
173.7757
173.7812
173.7957
173.7974
173.802
173.8403
173.8941
173.9144
174.0348
174.1724
174.1753
174.1766
174.185
174.1906
174.1953
174.2013
174.2266
174.2371
174.2664
174.273
174.3947
174.5123
174.5274
174.5323
174.5451
174.5583
174.5595
174.5781
174.6069
174.6164
174.6215
174.6286
174.6326
174.6753
174.681
174.714
174.7715
174.7893
174.8856
174.8932
174.9533
175.1467
175.1633
175.1697
175.1776
175.1882
175.1943
175.2328
175.442
175.4486
175.4521
175.4734
175.6612
175.6826
175.6987
175.7016
175.7136
175.7346
175.7408
175.7489
175.9387
175.9543
175.9594
176.1589
176.1639
176.1705
176.1715
176.1781
176.2427
176.2896
176.2932
176.3974
176.4097
176.4486
176.4622
176.4701
176.5255
176.6755
176.7499
176.7975
176.9945
177.0047
177.0215
177.0437
177.196
177.207
177.2578
177.3523
177.3558
177.3693
177.4023
177.4553
177.5059
177.5417
177.567
177.6771
177.6956
177.7748
177.8407
177.9058
178.0011
178.0548
178.0617
178.0664
178.1035
178.175
178.1886
178.1921
178.2211
178.2321
178.3267
178.4189
178.4637
178.6555
178.657
178.889
179.0364
179.0785
179.1718
179.4807
179.4977
179.5401
179.5482
179.5663
179.6218
179.967
180.0178
180.0523
181.0006
182.078
182.5051
182.5675
182.7144
183.2316
183.259
183.2934
183.3519
183.3594
183.4665
183.6596
183.7535
183.755
183.7562
183.8018
183.8881
183.8915
184.1835
184.2837
184.4398
184.6577
184.6824
184.6861
184.6996
184.724
184.7659
184.7805
185.1527
185.1581
185.2062
185.232
185.2374
185.2453
185.2558
185.6647
185.7315
185.752
185.833
186.0227
186.1109
186.1836
186.1893
186.218
186.3164
186.3954
186.4502
186.6245
186.6639
186.6725
186.6851
186.6898
186.7182
186.7468
186.7621
186.7769
186.9807
187.1478
187.187
187.1998
187.2013
187.2141
187.2622
187.3434
187.3865
187.6039
187.6623
187.6675
187.7052
187.7074
187.733
187.7412
187.7464
187.8771
188.0831
188.0933
188.1314
188.1492
188.1767
188.1808
188.1853
188.1888
188.2137
188.2199
188.2232
188.3189
188.3213
188.3244
188.3254
188.3305
188.3619
188.4454
188.6068
188.6332
188.6662
188.6908
188.7312
189.0835
189.0971
189.1488
189.1635
189.1748
189.3351
189.3545
189.5874
189.7162
189.7765
190.217
190.8049
190.943
191.5432
191.5625
192.3854
192.8711
193.7775
193.9346
194.4646
194.9326
195.5316
195.5344
195.5382
195.551
195.5536
195.5583
195.5707
195.5771
195.582
195.5865
195.5881
195.5903
195.6078
195.6089
195.6157
195.6241
195.6431
195.662
195.6706
195.6901
195.7081
195.7422
195.7794
195.8153
195.8965
195.9398
195.9507
195.9819
195.9891
196.0243
196.0255
196.1122
196.1878
196.1895
196.2311
196.2654
196.3061
196.3447
196.378
196.3862
196.4164
196.4806
196.4974
196.5351
196.6161
196.796
197.0632
197.1156
197.1262
197.1796
197.1973
197.2298
197.3074
197.4046
197.4996
197.5668
197.5955
197.7309
197.7778
197.848
197.9755
198.1346
198.1592
198.2041
198.2158
198.5291
198.5377
198.557
198.581
198.59
199.0298
199.0929
199.1605
199.4545
199.6793
199.7599
199.9527
200.448
200.469
201.502
201.508
201.5123
201.5138
201.515
201.5214
201.5488
201.5794
201.5826
201.5904
201.6111
201.6237
201.6297
201.6471
201.6619
201.6671
201.6687
201.6829
201.7129
201.7177
201.7327
201.7437
201.7942
201.7954
201.8248
201.8674
201.8709
201.8949
201.9033
201.912
201.9231
201.9356
201.9692
202.0157
202.07
202.0845
202.1028
202.1144
202.1662
202.1716
202.2842
202.3181
202.444
202.4688
202.5191
202.5375
202.5764
202.8447
202.8612
202.9556
203.0684
203.2587
203.4053
203.4534
203.7956
203.8012
203.8441
203.847
203.8511
203.8543
203.8741
203.9306
203.9815
204.1104
204.2038
204.2441
204.2821
204.6458
204.8651
204.8723
204.8759
204.903
204.9122
204.9225
204.9342
204.9439
204.9578
204.9658
204.9841
204.9854
204.9872
205.0216
205.0476
205.0596
205.0858
205.181
205.2134
205.2616
205.3263
205.4839
205.4887
205.4922
205.5162
205.5265
205.5426
205.5573
205.5687
205.5729
205.5915
205.5991
205.6334
205.6555
205.7406
205.7883
205.8458
205.9436
205.9478
205.9564
206.0168
206.0614
206.1451
206.1587
206.2848
206.3363
206.3411
206.367
206.404
206.4109
206.4452
206.4475
206.452
206.4676
206.473
206.5192
206.6636
206.6668
206.675
206.7022
206.7371
206.7559
206.7853
206.9174
206.9739
206.9948
206.9961
207.1578
207.2436
207.2495
207.2549
207.2866
207.3096
207.3166
207.3709
207.5549
207.6302
207.6347
207.6476
207.7463
207.7528
207.7542
207.7607
207.7748
207.778
207.7875
207.8
207.8687
207.9873
208.0387
208.0651
208.2321
208.2521
208.2996
208.3424
208.4083
208.4106
208.4129
208.4284
208.5042
208.5189
208.6199
208.6421
208.6542
208.8014
208.8224
208.8798
208.987
209.0115
209.0612
209.0849
209.1664
209.1702
209.1815
209.2489
209.2769
209.2854
209.3422
209.3552
209.4049
209.4103
209.501
209.5082
209.5129
209.5308
209.55
209.5926
209.6748
209.8394
209.8424
209.8564
210.0657
210.1417
210.1436
210.1557
210.204
210.2079
210.2257
210.287
210.2945
210.3028
210.4346
210.4439
210.449
210.5852
210.7163
210.8579
210.8858
210.9874
210.9911
211.1142
211.1198
211.1221
211.2476
211.2618
211.3733
211.3819
211.3888
211.5358
211.5591
211.5623
211.5905
211.6065
211.753
212.3178
213.315
213.3398
213.7701
214.0123
214.0352
214.0683
214.0871
214.2799
214.4538
214.4652
214.4747
214.509
214.5294
214.5822
214.8056
214.9617
215.0195
215.0482
215.0643
215.0805
215.1289
215.226
215.4299
215.467
215.4692
215.4783
215.5388
215.7249
215.7438
215.9734
216.0735
216.1176
216.2707
216.4409
216.4526
216.4688
216.5299
216.532
216.6659
216.9378
216.954
217.0246
217.0395
217.2211
217.2599
217.2819
217.4237
217.4327
217.4373
217.4425
217.4472
217.5011
217.5376
217.5547
217.5753
217.5803
217.9291
217.9459
217.9516
217.968
217.9764
218.0358
218.0697
218.0709
218.425
218.4664
218.4747
218.4943
218.5145
218.5817
218.6764
218.7346
218.9208
218.94
218.9419
218.9668
219.0585
219.0721
219.1131
219.1222
219.1987
219.4203
219.446
219.4511
219.4787
219.5078
219.5561
219.587
219.611
219.7506
219.9168
219.9193
219.9283
219.938
219.9854
219.9907
219.9919
220.0369
220.0633
220.0764
220.1038
220.1102
220.166
220.2349
220.422
220.4266
220.4703
220.764
220.9081
220.913
220.9161
220.9174
220.9291
220.975
221.0028
221.0149
221.0602
221.0699
221.1622
221.1836
221.41
221.4786
221.5151
221.6151
221.7505
222.2223
222.2877
222.906
222.9736
223.1595
223.6885
224.2332
224.4323
225.7541
226.1208
227.2633
227.3532
227.3561
227.3576
227.3599
227.3662
227.3679
227.3703
227.3835
227.4045
227.4074
227.42
227.4213
227.4286
227.4314
227.5021
227.5152
227.538
227.5518
227.566
227.6211
227.6223
227.6646
227.6772
227.6832
227.7133
227.7477
227.7576
227.8144
227.8274
227.8547
227.8629
227.8712
227.8857
227.8996
227.9749
228.017
228.0277
228.1284
228.1808
228.2056
228.3292
228.359
228.3981
228.4482
228.6355
228.7399
228.7594
228.945
228.9472
229.1531
229.2326
229.3438
229.4127
229.6692
229.7051
229.7999
229.8437
230.0676
230.0902
230.1826
230.2067
230.323
230.3516
230.3884
230.5545
231.242
231.4326
232.4696
232.502
233.1437
233.3378
233.3418
233.3433
233.3463
233.351
233.3566
233.3666
233.3923
233.4246
233.4449
233.4601
233.4624
233.475
233.498
233.5047
233.5592
233.6346
233.6545
233.7112
233.7561
233.7721
233.7762
233.7994
233.8224
233.9353
233.9577
234.0002
234.0461
234.0496
234.0909
234.1376
234.1613
234.2911
234.3547
234.4161
234.4534
234.5483
234.6168
234.6183
234.8117
234.8929
234.9906
235.0595
235.0729
235.1906
235.1942
235.2121
235.273
235.4229
235.5466
235.6583
235.7569
235.8386
235.9807
236.0815
236.1319
236.3672
236.3926
236.7021
236.7063
236.7269
236.7442
236.7761
236.8045
236.8174
236.8355
236.8401
236.8676
236.9546
237.0447
237.0482
237.3159
237.348
237.3692
237.407
237.4304
237.5553
237.5787
237.6252
237.7099
237.782
237.8069
237.8457
237.8688
237.8776
237.9833
237.9851
237.994
238.023
238.1824
238.1914
238.1995
238.2088
238.2398
238.2416
238.2471
238.2962
238.3323
238.355
238.3806
238.39
238.4037
238.4974
238.5278
238.5423
238.5679
238.6662
238.6682
238.6756
238.8024
238.8083
238.8304
238.8439
238.8637
238.9482
238.9546
239.0873
239.1066
239.1172
239.1183
239.1196
239.2016
239.2175
239.3492
239.3698
239.3851
239.4633
239.4827
239.5894
239.6173
239.6288
239.8141
239.8366
239.838
239.867
239.9414
240.0305
240.0354
240.0387
240.0667
240.0702
240.0821
240.1266
240.2454
240.2517
240.27
240.2778
240.3422
240.3523
240.4474
240.4559
240.4659
240.4699
240.5723
240.6144
240.6328
240.6689
240.7202
240.8284
240.8308
240.839
240.8406
240.891
240.9105
240.9949
241.0077
241.0217
241.0245
241.0595
241.1404
241.1757
241.1952
241.2027
241.2745
241.3482
241.3595
241.3657
241.5005
241.5083
241.5096
241.5252
241.5359
241.5413
241.6793
241.7016
241.7568
241.8223
241.8367
241.9088
241.9756
242.0054
242.0346
242.0406
242.0549
242.1209
242.176
242.1782
242.2725
242.2745
242.4081
242.4182
242.4439
242.5445
242.5641
242.657
242.6946
242.76
242.8219
242.8319
242.8425
242.8661
242.8776
243.0427
243.0623
243.0923
243.0965
243.1622
243.2133
243.2817
243.4446
243.5724
243.7107
243.7162
243.7474
243.7657
243.8389
244.0835
244.7975
245.3948
245.3998
245.5484
245.61
245.8035
245.8751
246.0881
246.2107
246.323
246.3265
246.4595
246.5607
246.7946
246.8081
246.8386
246.985
247.2759
247.2982
247.3152
247.33
247.3473
247.3746
247.3958
247.4567
247.5128
247.5793
247.7278
247.7686
247.7802
247.8063
247.8305
247.8418
247.8863
247.9575
248.0392
248.2953
248.3137
248.3334
248.4049
248.4122
248.417
248.4654
248.5082
248.5241
248.7725
248.7863
248.8452
248.9084
248.9981
249.0042
249.0176
249.2775
249.2816
249.3138
249.3316
249.3338
249.3646
249.3698
249.4102
249.4621
249.4639
249.493
249.4966
249.498
249.7723
249.7747
249.7846
249.8081
249.8691
249.8801
249.9326
250.0307
250.0366
250.0782
250.1482
250.2341
250.3191
250.3256
250.357
250.3881
250.4532
250.4864
250.5002
250.5455
250.7578
250.7602
250.7652
250.7679
250.7765
250.8407
250.845
250.9047
250.9078
251.0034
251.0346
251.2553
251.2615
251.2673
251.2696
251.276
251.3131
251.3645
251.3662
251.3717
251.3919
251.4107
251.4191
251.4423
251.4931
251.5353
251.7514
251.7578
251.7645
251.7983
251.818
251.8464
251.8575
251.8687
251.8806
251.8986
251.9127
252.137
252.2594
252.2866
252.2907
252.3055
252.35
252.3646
252.4101
252.4875
252.7453
252.7555
252.7823
252.7858
252.828
252.8449
252.9425
252.9461
253.1139
253.2448
253.2501
253.2612
253.2656
253.2991
253.4304
253.5061
254.1357
254.1754
254.3261
254.5198
254.9811
255.2252
255.2302
255.2494
255.7813
256.5657
257.897
258.281
258.5126
258.6284
259.1846
259.1999
259.2092
259.2117
259.2189
259.223
259.23
259.2311
259.2542
259.2721
259.2783
259.2862
259.301
259.3165
259.3461
259.3876
259.3893
259.4251
259.4415
259.4519
259.4617
259.4866
259.4881
259.4968
259.5351
259.5463
259.5715
259.5817
259.7608
259.8365
259.9881
260.0425
260.0823
260.0947
260.1476
260.1942
260.3336
260.5013
260.6662
260.7482
260.7908
260.8507
260.8893
260.9246
260.9706
261.1007
261.1049
261.1351
261.1463
261.2233
261.388
261.5116
261.6862
261.8597
262.026
262.072
262.1883
262.1929
262.2006
262.2021
262.234
262.3284
262.4438
262.4589
262.5886
262.7646
262.9173
263.0513
263.1657
263.2331
263.3609
264.2737
265.167
265.1696
265.171
265.1753
265.1813
265.1875
265.1909
265.2035
265.2297
265.2437
265.2572
265.2681
265.2796
265.2854
265.3189
265.3398
265.3764
265.4175
265.4717
265.6222
265.6418
265.7261
265.7599
265.8754
266.0079
266.0836
266.2051
266.3701
266.4605
266.6005
266.6581
266.8749
267.1744
267.2121
267.2521
267.3192
267.352
267.5044
267.515
267.5491
267.5598
267.6315
267.6402
267.6496
267.651
267.9125
267.9637
268.1048
268.1201
268.4884
268.5227
268.5277
268.5324
268.5348
268.5384
268.5472
268.5629
268.5949
268.5977
268.6025
268.6459
268.6797
268.7658
268.8321
268.8604
268.8773
268.9167
269.0411
269.0718
269.1692
269.1771
269.1822
269.217
269.262
269.2646
269.2975
269.305
269.3394
269.6386
269.6498
269.711
269.8216
269.8246
269.8514
270.0209
270.0263
270.046
270.1638
270.1745
270.2828
270.3568
270.3661
270.4521
270.4881
270.5048
270.5218
270.647
270.6614
270.7052
270.7782
270.7811
270.7822
270.8546
270.9227
271.175
271.1791
271.2955
271.3009
271.3338
271.4297
271.4411
271.4444
271.5232
271.6435
271.654
271.6579
271.662
271.8801
271.9478
272.0793
272.0833
272.0926
272.0993
272.1055
272.1715
272.1802
272.2277
272.2793
272.3086
272.3245
272.39
272.4685
272.4802
272.5041
272.548
272.6186
272.6417
272.6548
272.6635
272.6775
272.841
272.8693
273.0086
273.0189
273.0606
273.0781
273.1966
273.2009
273.256
273.2801
273.3412
273.3461
273.3502
273.4193
273.4956
273.6294
273.6604
273.8018
273.8142
273.8971
273.9464
273.9687
274.0049
274.1005
274.1042
274.1123
274.1563
274.1652
274.2426
274.2455
274.2504
274.2563
274.2943
274.3099
274.3848
274.4306
274.583
274.6546
274.716
274.7929
274.8476
274.9142
274.9288
274.9614
274.9741
275.0431
275.047
275.0556
275.2482
275.6559
276.0279
276.0336
276.7448
276.9308
277.1574
277.4062
277.5953
277.7081
277.7189
277.7404
277.7944
277.8977
278.1388
278.1664
278.2216
278.226
278.2371
278.3416
278.4233
278.5356
278.6677
278.6847
278.7114
278.7234
278.8552
278.9016
278.924
279.1617
279.1999
279.3466
279.3502
279.6327
279.6763
279.7178
279.8483
280.1117
280.1308
280.1804
280.1862
280.1968
280.2183
280.2335
280.3766
280.3806
280.4019
280.6137
280.6327
280.6392
280.6493
280.668
280.7448
280.7684
280.8309
280.8333
280.9
281.0544
281.1053
281.1066
281.1144
281.1186
281.189
281.2299
281.2349
281.6113
281.6138
281.7425
281.8329
282.0998
282.1081
282.1091
282.1128
282.1141
282.1175
282.1215
282.141
282.1847
282.2002
282.2221
282.3337
282.3743
282.3854
282.5485
282.6056
282.6099
282.6597
282.6638
282.6655
282.674
282.7121
282.7178
282.7305
282.8628
283.0822
283.085
283.0892
283.0957
283.0969
283.1392
283.1517
283.1607
283.1706
283.2194
283.249
283.322
283.3643
283.5874
283.595
283.6368
283.6479
283.6746
283.676
283.7351
283.7391
283.8337
283.8694
283.8726
284.0703
284.0812
284.1171
284.1316
284.1507
284.1804
284.1985
284.2726
284.3266
284.5897
284.5956
284.6236
284.6294
284.658
284.6701
284.753
284.8143
284.8451
284.8723
285.0071
285.0496
285.0875
285.1408
285.1805
285.261
285.3224
285.4414
285.4825
285.6194
286.8369
286.8398
287.0543
287.1279
287.5097
287.5731
287.7203
288.0835
288.3219
289.7922
289.7952
289.8042
289.9119
290.256
290.6778
290.8251
290.8833
290.9977
291.0298
291.0323
291.0348
291.0374
291.0385
291.0402
291.0426
291.0465
291.0529
291.0565
291.0733
291.0811
291.0828
291.0873
291.0914
291.0987
291.1333
291.1353
291.1372
291.1442
291.1716
291.1794
291.3408
291.3773
291.5826
291.623
291.6729
291.684
291.768
291.8455
291.9323
291.946
291.9783
292.0925
292.1444
292.1964
292.2368
292.2443
292.4115
292.4586
292.5496
292.8208
292.9239
293.004
293.3203
293.3253
293.3408
293.4089
293.4364
293.8412
294.0156
294.0167
294.03
294.0322
294.0432
294.8623
294.9469
295.2873
295.3546
295.5473
296.2247
296.3047
296.958
296.9985
297.0024
297.0056
297.0079
297.0259
297.0307
297.046
297.069
297.0966
297.1001
297.11
297.1204
297.297
297.4658
297.5858
297.5995
297.7135
297.8116
297.8754
297.9469
298.191
298.3205
298.3783
298.4032
298.4581
298.4985
298.7494
298.8997
298.9169
299.0996
299.1111
299.1251
299.2244
299.2279
299.3147
299.3323
299.3703
299.4208
299.4406
299.6608
299.7528
299.7702
299.8382
299.855
299.8626
299.8763
300.0218
300.1391
300.3552
300.371
300.3727
300.3775
300.3798
300.4058
300.4495
300.48
300.5189
300.562
300.6116
300.6157
300.7093
300.7575
300.7953
300.9876
300.9896
300.9981
301.0126
301.0547
301.0605
301.0768
301.0809
301.1506
301.2022
301.2355
301.2578
301.2999
301.4525
301.4535
301.4583
301.474
301.5155
301.5342
301.5715
301.6055
301.6334
301.6709
301.8316
301.8353
301.8569
301.873
301.8804
301.8819
302.0033
302.035
302.1701
302.1749
302.2002
302.223
302.2361
302.2941
302.3236
302.3512
302.4939
302.5254
302.6173
302.6259
302.6378
302.6429
302.7931
302.8756
303.0291
303.0478
303.0615
303.0671
303.2606
303.2616
303.277
303.2877
303.3525
303.4827
303.4846
303.4901
303.6299
303.6392
303.7079
303.7199
303.7249
303.7998
303.9162
303.9493
304.0052
304.008
304.2546
304.3024
304.3249
304.3312
304.3379
304.3408
304.5718
304.6679
304.6865
304.6974
304.7001
304.8616
304.8752
304.9156
305.0111
305.0284
305.1721
305.2058
305.246
305.3354
305.5417
305.6497
305.7829
305.7845
305.7905
305.7917
305.8483
305.9373
305.9536
306.0885
306.1604
306.2315
306.2786
306.2844
306.353
306.3542
306.4976
306.5429
306.5475
306.616
306.6698
306.8314
306.8548
306.877
306.8813
306.9227
306.9306
306.9984
307.0942
307.4308
307.995
308.5569
308.6763
308.9674
309.2718
309.7615
310.0155
310.0534
310.1723
310.1825
310.2305
310.4762
310.5029
310.534
310.748
310.9584
310.9718
311.0511
311.1053
311.1289
311.1887
311.4543
311.4685
311.5371
311.5415
311.5674
311.578
311.5893
311.8148
311.96
311.9642
312.015
312.0729
312.181
312.1834
312.2124
312.4509
312.4931
312.4948
312.5289
312.5991
312.624
312.7471
312.7709
312.8342
312.9366
312.9917
312.9964
313.0535
313.1498
313.3272
313.4343
313.4367
313.4443
313.4508
313.4592
313.4954
313.4991
313.5257
313.5481
313.6253
313.6585
313.6939
313.8319
314.0006
314.0535
314.0894
314.1832
314.2007
314.208
314.4394
314.4674
314.5046
314.5103
314.5756
314.6634
314.723
314.797
314.9209
314.9266
314.9369
314.9416
315.0088
315.0359
315.0656
315.1958
315.4231
315.4655
315.4708
315.4784
315.4815
315.553
315.5798
315.663
315.9196
315.9258
315.9369
315.9521
315.9987
316.0454
316.1607
316.4089
316.4166
316.4867
316.4947
316.5174
316.5474
316.7476
316.9469
317.0303
317.0365
317.299
317.3938
317.6725
317.763
318.4993
318.9306
319.0674
321.2614
321.4557
321.6231
321.9867
322.3417
322.7675
322.8616
322.8627
322.8643
322.8706
322.8728
322.8764
322.8794
322.8959
322.8974
322.8992
322.9079
322.9124
322.9223
322.9395
322.9414
323.001
323.0555
323.0722
323.119
323.1537
323.1732
323.2235
323.2366
323.256
323.4046
323.4073
323.4564
323.525
323.7406
323.7858
323.8495
323.9093
323.9915
324.0281
324.0652
324.2892
324.3328
324.4253
324.4743
324.4763
324.4886
324.7264
324.8454
324.8993
324.961
325.078
325.2067
325.5524
325.8346
325.8431
325.8711
325.8731
325.8748
325.9814
327.4859
328.2926
328.3844
328.8345
328.8396
328.8408
328.848
328.8518
328.8571
328.8605
328.8713
328.9005
328.9041
328.9162
328.9336
328.9531
329.056
329.11
329.1226
329.1283
329.1602
329.178
329.2931
329.3398
329.357
329.457
329.5838
329.5878
329.8261
330.0201
330.1227
330.1538
330.3754
330.4414
330.6552
330.6791
330.8287
330.8972
331.0022
331.0879
331.1717
331.2431
331.2823
331.4468
331.6772
331.7213
331.7468
331.7797
332.2013
332.2982
332.3109
332.3141
332.3188
332.3304
332.558
332.6275
332.7188
332.8156
332.8248
332.8427
332.8466
332.8524
332.8682
332.8885
332.8928
332.9063
332.9089
333.0637
333.0743
333.2087
333.3402
333.3478
333.4766
333.6622
333.6675
333.6737
333.677
333.6811
333.6966
333.7353
333.7468
333.8257
333.9979
334.0007
334.0542
334.0822
334.1678
334.3294
334.3456
334.3889
334.3961
334.448
334.4511
334.4776
334.5788
334.6059
334.6215
334.6492
334.697
334.8427
334.8463
334.8512
334.8642
334.8654
334.949
335.124
335.1346
335.4139
335.4201
335.4326
335.4734
335.5394
335.5452
335.7359
335.7437
335.7486
335.7647
335.7837
335.8984
335.9322
335.9375
336.0306
336.1687
336.3214
336.3701
336.4936
336.5226
336.5628
336.5659
336.588
336.6735
336.6786
336.8423
336.8472
337.0275
337.081
337.0923
337.1677
337.1719
337.1773
337.3293
337.4718
337.4775
337.5057
337.5422
337.6237
337.6303
337.6919
337.774
337.9195
338.099
338.1359
338.1933
338.241
338.3214
338.3314
338.366
338.4606
338.5246
338.5869
338.64
338.7194
338.886
339.8408
340.0648
340.2851
341.034
341.1167
341.1336
341.2026
341.3485
341.3842
341.4268
341.5832
341.882
342.0271
342.0549
342.0898
342.1631
342.3126
342.8034
342.8502
343.202
343.37
343.5505
343.5804
343.7961
343.8583
343.8927
343.894
344.029
344.2789
344.2986
344.3398
344.3413
344.3481
344.3686
344.3726
344.4334
344.5032
344.6481
344.77
344.7846
344.8239
344.8349
344.8641
344.8685
344.9284
344.9313
345.0091
345.0212
345.1592
345.2714
345.286
345.3095
345.3216
345.333
345.3655
345.4114
345.7631
345.7725
345.7786
345.7985
345.8141
345.8372
345.8851
345.924
346.006
346.2416
346.266
346.3054
346.3179
346.3635
346.3924
346.4216
346.5157
346.7642
346.7716
346.7771
346.8625
347.0111
347.2597
347.2724
347.3094
347.323
347.3306
347.473
347.4883
347.7883
347.8646
347.8909
347.9324
348.0067
348.2504
348.2538
348.2557
348.2599
348.3161
348.3213
348.3324
348.3549
348.3746
348.6277
348.7478
348.8807
348.8961
349.0691
349.3162
349.7754
350.2493
350.7013
350.7234
350.7245
350.7397
350.7587
351.5278
351.8021
353.5086
354.2949
354.3812
354.6897
354.6928
354.6966
354.6983
354.7025
354.7044
354.7221
354.7292
354.7346
354.7618
354.7734
354.7862
354.8586
354.9006
354.9601
355.0453
355.1085
355.1231
355.149
355.1959
355.2465
355.2755
355.3194
355.3452
355.442
355.5617
355.5727
355.721
355.768
355.9377
355.9752
355.9833
356.0087
356.5708
356.6169
356.7562
357.2455
357.3921
357.6771
357.6794
357.6876
357.7051
357.7159
357.7583
357.8922
357.908
358.281
358.525
359.2562
360.5686
360.6589
360.6661
360.6702
360.6731
360.6768
360.6984
360.7014
360.7098
360.7148
360.7467
360.7484
360.7676
360.7763
360.7809
360.789
360.7967
360.879
360.9605
361.1055
361.1669
361.1898
361.2271
361.2863
361.3956
361.4345
361.5847
361.7078
361.7096
361.74
361.9279
361.9482
362.0128
362.1307
362.1384
362.1569
362.2843
362.5542
362.6513
362.6734
362.8393
362.905
362.9676
362.9747
362.9854
363.0892
363.1403
363.1929
363.2573
363.5107
363.5535
363.6414
363.8401
364.012
364.0481
364.0601
364.0633
364.0681
364.113
364.1334
364.152
364.1873
364.2995
364.4096
364.555
364.6493
364.6551
364.6791
364.697
364.6984
364.7263
364.7569
364.781
364.7926
364.8145
364.8222
364.8462
364.8483
364.8847
364.931
365.1217
365.1323
365.1359
365.1598
365.2064
365.3193
365.4479
365.4996
365.5278
365.534
365.5433
365.5473
365.569
365.5901
365.7055
365.7098
365.8438
365.857
365.8643
365.9317
365.9832
366.1415
366.1473
366.173
366.184
366.2154
366.2314
366.2526
366.2719
366.2779
366.419
366.4734
366.4928
366.5571
366.599
366.6175
366.6653
366.6771
366.6957
366.7037
366.797
366.8004
366.8238
366.855
366.921
366.9259
366.9368
366.9384
366.952
367.031
367.1482
367.1543
367.1781
367.2783
367.3724
367.3858
367.4207
367.4689
367.568
367.6223
367.6567
367.6701
367.7673
367.7687
367.7801
367.8801
367.9389
367.9688
367.9759
368.0155
368.0676
368.0897
368.1502
368.1566
368.159
368.1692
368.3275
368.3291
368.3307
368.3347
368.4188
368.4512
368.5044
368.5227
368.644
368.6782
368.7399
368.7595
368.8372
368.8421
368.863
368.9916
368.9989
369.003
369.0232
369.1563
369.1621
369.1728
369.4113
369.4553
369.4573
369.5283
369.5513
369.6041
369.6087
369.7231
369.7453
369.7705
369.8627
369.8863
369.9432
370.0212
370.0805
370.1712
370.2214
370.3392
370.5424
370.6039
370.7192
370.8154
370.928
371.2964
371.3475
371.9287
372.2019
372.9355
372.9518
373.2305
373.2771
373.6764
373.7282
373.7605
373.856
373.9159
373.9813
374.2256
374.2384
374.34
374.6559
374.7019
374.724
374.7303
374.8468
374.8484
374.9727
375.144
375.1567
375.1698
375.1816
375.1992
375.2178
375.6493
375.6717
375.7463
375.8715
376.1224
376.1312
376.1563
376.1868
376.2231
376.2609
376.3385
376.3562
376.3732
376.388
376.6112
376.6164
376.6182
376.6423
376.6435
376.72
376.7459
376.7622
376.839
376.977
377.0215
377.1135
377.1206
377.1339
377.2132
377.2879
377.3281
377.343
377.5956
377.6126
377.6543
377.664
377.6754
377.7584
377.8354
377.8482
377.8588
377.8734
377.9585
378.0911
378.0939
378.1035
378.1084
378.1382
378.1498
378.1718
378.1897
378.2323
378.249
378.3294
378.3445
378.582
378.5978
378.601
378.6125
378.6237
378.6278
378.6327
378.762
378.8805
379.0929
379.121
379.1674
379.2264
379.2615
379.3229
379.4943
379.5821
379.5976
379.6252
379.7765
379.8382
379.9252
379.9753
380.0962
380.1232
380.1595
380.1884
380.2286
380.235
380.3046
380.3498
380.4573
380.5862
380.5908
380.7313
380.7662
380.7738
380.8007
380.8711
380.9438
381.5202
381.5838
381.6251
381.6391
381.9799
382.1012
382.5492
382.8196
383.0175
383.152
383.3504
384.0517
384.4515
384.486
384.8251
384.92
385.8443
386.5201
386.5248
386.5267
386.5282
386.5332
386.5347
386.5412
386.5431
386.5465
386.5573
386.5654
386.5779
386.5875
386.5996
386.6284
386.6625
386.6812
386.6907
386.7336
386.8032
386.8123
386.8343
386.8537
386.8548
386.9715
386.9794
387.0048
387.0532
387.0951
387.3224
387.4576
387.5532
387.5665
387.7954
387.8712
387.8869
388.0747
388.1505
388.5732
388.5886
388.7819
388.8966
389.3245
389.5142
389.5213
389.5258
389.5409
389.5433
389.5912
389.8048
389.9812
390.1421
390.1549
390.584
391.6228
392.4092
392.5004
392.5026
392.5066
392.512
392.5133
392.5149
392.5179
392.5284
392.5404
392.5486
392.5509
392.5567
392.5755
392.5851
392.6055
392.6138
392.6308
392.6451
392.6613
392.7279
392.7759
392.8038
392.8182
392.9888
393.1258
393.1285
393.2308
393.4424
393.4668
393.5555
393.6058
393.7035
393.8317
393.9031
394.0485
394.0855
394.1012
394.1721
394.3003
394.4317
394.5574
394.5864
394.7421
394.7507
394.84
394.9305
394.9562
394.9672
395.0062
395.0294
395.1141
395.1381
395.3205
395.3421
395.3443
395.4049
395.4659
395.511
395.5293
395.8786
395.8881
395.9109
395.922
395.9357
395.9485
395.9554
395.9631
395.9736
395.986
395.9969
396.0109
396.0286
396.0611
396.1292
396.1364
396.1942
396.2359
396.2608
396.3256
396.3941
396.4863
396.4907
396.4926
396.494
396.5026
396.5354
396.5507
396.6067
396.723
396.7298
396.7373
396.7589
396.7673
396.8323
396.8725
396.9453
396.9509
396.953
396.9746
396.9878
397.0347
397.0585
397.0627
397.072
397.1384
397.1483
397.1644
397.34
397.3741
397.4001
397.4592
397.465
397.4789
397.5106
397.5415
397.5708
397.6662
397.6686
397.6728
397.6774
397.6786
397.6903
397.7183
397.8081
397.8306
397.9197
398.0103
398.0234
398.0481
398.1061
398.1332
398.1578
398.1682
398.245
398.2509
398.2582
398.2741
398.2807
398.2941
398.2959
398.3254
398.458
398.5062
398.5576
398.6252
398.6729
398.7847
398.8345
398.8485
398.8605
398.98
398.9849
399.0857
399.1838
399.2228
399.3047
399.4153
399.4171
399.4366
399.4592
399.5044
399.5119
399.6026
399.6095
399.648
399.6865
399.7057
399.8009
399.8049
399.8946
399.9185
399.9909
400.0051
400.0203
400.0549
400.089
400.1254
400.1684
400.1746
400.2832
400.4405
400.5318
400.5373
400.6914
400.8338
400.835
400.8441
400.8978
400.919
400.9408
401.2001
401.2882
401.2907
401.3483
401.3528
401.4226
401.4262
401.4414
401.5138
401.5564
401.577
401.5843
401.6229
401.6338
401.7195
401.7993
401.8657
401.994
402.0659
402.1283
402.1597
402.2916
402.3839
402.4173
402.4353
402.4717
402.5663
402.5889
403.0418
403.3743
403.4175
403.4741
403.7808
405.0496
405.1203
405.4879
405.5315
405.6172
405.6468
405.713
405.7198
405.7607
405.8573
405.9654
406.0084
406.0191
406.0588
406.0703
406.1632
406.2459
406.2667
406.4475
406.4607
406.468
406.5066
406.5872
406.9668
406.9888
406.9996
407.0063
407.0256
407.0395
407.056
407.1127
407.1605
407.1955
407.1984
407.2229
407.2963
407.423
407.4666
407.4798
407.5177
407.5811
407.5921
407.6054
407.6764
407.7085
407.7349
407.7859
407.937
407.9587
408.1083
408.1261
408.1843
408.2133
408.4134
408.4465
408.4571
408.4791
408.5525
408.6535
408.7065
408.7959
408.8128
408.9314
408.9386
408.9887
409.0032
409.0329
409.0692
409.0816
409.0836
409.0864
409.22
409.4157
409.4265
409.4298
409.4337
409.44
409.4827
409.4931
409.5168
409.5566
409.5627
409.6521
409.6824
409.8443
409.9277
409.9394
409.9734
410.0092
410.0251
410.0441
410.0775
410.0844
410.1217
410.4193
410.4298
410.4367
410.4386
410.4601
410.4615
410.4938
410.4988
410.5625
410.5659
410.6651
410.7617
410.9144
410.9252
410.9749
410.9804
411.212
411.418
411.42
411.4227
411.4608
411.4984
411.6643
411.7028
411.8181
411.9204
411.9828
411.9843
411.996
412.0143
412.0368
412.0547
412.1703
412.2196
412.2434
412.3815
412.4188
412.4278
412.5114
412.5625
412.8871
413.0484
413.0554
413.984
414.1565
414.2997
414.4109
415.1884
415.2647
415.4778
415.6535
416.2306
416.3665
416.533
416.7837
418.3597
418.3673
418.3693
418.3728
418.3828
418.3878
418.3924
418.4121
418.4199
418.4276
418.4463
418.4506
418.4637
418.5033
418.5174
418.5387
418.5465
418.5881
418.6122
418.7074
418.7748
418.869
418.9061
418.9644
419.0002
419.0021
419.0344
419.0928
419.1482
419.1963
419.3345
419.3421
419.3677
419.5555
419.5965
419.8075
419.8968
419.9652
420.0909
420.381
420.5579
421.1626
421.3487
421.3546
421.3622
421.3679
421.3699
421.3733
421.4813
421.549
421.7131
421.7642
421.838
422.1389
422.2794
422.6284
422.6466
422.8257
422.9145
423.5159
423.7045
423.7056
423.755
423.7948
424.3356
424.3419
424.3467
424.3534
424.3549
424.3597
424.3682
424.3847
424.4029
424.4465
424.4912
424.5694
424.5735
424.5875
424.5904
424.7585
424.8808
425.0388
425.1038
425.2415
425.508
425.5119
425.517
425.5933
425.6243
425.9515
426.0331
426.0825
426.1013
426.2179
426.4531
426.474
426.5036
426.6174
426.6422
426.728
426.7297
426.8094
426.8309
426.8862
426.9695
427.0799
427.1246
427.1342
427.1803
427.1887
427.2146
427.4955
427.6454
427.6976
427.7049
427.7087
427.7118
427.7267
427.7547
427.7605
427.7933
427.8137
427.8739
427.8945
427.8989
427.9522
427.9876
428.1106
428.3208
428.3238
428.3272
428.3443
428.365
428.378
428.3844
428.4333
428.4378
428.4432
428.4597
428.4672
428.6338
428.6866
428.7807
428.7858
428.7884
428.8445
428.8492
428.8605
428.8695
428.8943
428.8989
428.9004
428.9256
428.9709
428.9752
429.0802
429.169
429.198
429.2383
429.24
429.2873
429.397
429.4145
429.5605
429.5857
429.6273
429.8237
429.8593
429.865
429.8974
429.9034
429.9682
429.988
430.0587
430.1183
430.2125
430.346
430.3892
430.3976
430.4434
430.4545
430.6093
430.6287
430.7242
430.738
430.7647
430.8231
430.825
430.8315
430.8986
430.9102
430.9253
431.0344
431.0509
431.1256
431.1808
431.2161
431.2644
431.2689
431.318
431.3301
431.3441
431.4583
431.5264
431.5314
431.5655
431.6384
431.6469
431.8595
431.8671
431.8796
431.886
432.0121
432.0686
432.1754
432.2122
432.2257
432.2891
432.3502
432.3994
432.4046
432.4936
432.6649
432.8089
432.9709
432.9743
432.9784
432.9988
433.0199
433.033
433.2671
433.3294
433.356
433.4063
433.534
433.5457
433.5491
433.6077
433.6133
433.6855
433.6867
433.6893
433.7447
433.8227
433.8318
433.9559
433.9653
434.087
434.0895
434.2115
434.2191
434.2571
434.2977
434.4018
434.4283
434.7066
434.8413
435.7685
436.86
436.9263
436.9344
436.9523
437.0758
437.1047
437.1183
437.1671
437.3339
437.3621
437.5051
437.6939
437.8658
437.9042
438.0308
438.0496
438.2379
438.3012
438.3094
438.3536
438.4252
438.5123
438.5295
438.5512
438.592
438.7938
438.8065
438.8322
438.8447
438.8563
438.8744
439.0251
439.2356
439.2792
439.3264
439.334
439.4135
439.5523
439.6912
439.7889
439.7901
439.8243
439.8431
439.8688
439.9224
440.2579
440.2659
440.27
440.2989
440.3285
440.3572
440.3969
440.5942
440.81
440.8552
440.8985
440.9078
440.9321
441
441.1057
441.2551
441.2612
441.271
441.3513
441.5833
441.5849
441.6831
441.7504
441.7685
441.8025
441.8108
441.8128
441.8234
441.9048
441.9242
441.987
442.0968
442.1364
442.2574
442.2641
442.3035
442.3072
442.3222
442.3503
442.3528
442.3713
442.3858
442.3895
442.3934
442.4671
442.7588
442.7689
442.8008
442.8086
442.8315
442.8561
442.9438
443.0547
443.0818
443.1931
443.3013
443.3386
443.3609
443.4853
443.5122
443.5264
443.6136
443.7452
443.7501
443.7857
443.8023
443.829
443.8898
443.8933
443.9169
443.9235
444.0193
444.071
444.2578
444.3885
444.4282
444.5967
444.6306
444.6371
444.6418
444.7558
444.8126
444.844
444.9165
444.9746
445.4847
445.9324
445.9795
446.2204
446.2861
446.3692
446.6143
447.084
447.4085
448.0509
448.0977
448.8521
448.8784
449.3766
450.0986
450.1438
450.1932
450.1947
450.1964
450.1998
450.2239
450.2359
450.2478
450.262
450.2709
450.2936
450.2978
450.3327
450.358
450.3844
450.3945
450.4321
450.4766
450.5803
450.5864
450.652
450.7154
450.7283
450.7827
450.8223
450.9146
451.0075
451.0972
451.1465
451.1616
451.3919
451.4837
451.5357
451.6361
451.7492
451.8586
451.8804
451.8875
451.9091
451.9638
451.9691
452.1639
452.2207
452.4174
452.4881
452.615
452.7044
453.2011
453.2074
453.287
454.0515
454.1179
454.2377
455.2966
456.169
456.1713
456.1735
456.1746
456.1779
456.1806
456.1833
456.1917
456.1928
456.2028
456.2138
456.2398
456.2488
456.2562
456.2583
456.266
456.2746
456.3139
456.3174
456.4156
456.4311
456.4871
456.512
456.5938
456.6305
456.8631
456.9109
456.9395
457.032
457.0339
457.0614
457.1544
457.1974
457.5819
457.6532
457.7334
457.741
457.816
458.007
458.1502
458.2809
458.311
458.4196
458.4428
458.4513
458.5599
458.755
458.8157
458.8834
459.0185
459.0555
459.0649
459.2006
459.2929
459.5229
459.5333
459.5476
459.5518
459.5608
459.5868
459.5908
459.614
459.681
459.7225
459.7274
459.7309
459.7325
459.8036
459.8085
459.8833
459.9412
459.948
459.9586
460.1525
460.1914
460.2123
460.253
460.2568
460.374
460.382
460.386
460.4148
460.6181
460.6352
460.639
460.6549
460.6635
460.7496
460.7939
460.7955
460.7971
460.8615
460.9979
461.033
461.0638
461.0994
461.1658
461.3538
461.3999
461.4778
461.501
461.5263
461.5602
461.637
461.6571
461.6706
461.7053
461.7273
461.7812
461.793
461.7969
461.8191
461.9105
461.9156
461.9196
461.967
462.0354
462.0704
462.1025
462.1131
462.1672
462.1756
462.2206
462.2268
462.2927
462.4099
462.4184
462.4388
462.5876
462.6469
462.6572
462.6818
462.6943
462.6986
462.7592
462.8379
462.8731
463.0763
463.087
463.0955
463.156
463.1811
463.2497
463.2658
463.37
463.3874
463.4349
463.4848
463.5066
463.6577
463.6726
463.7455
463.8525
464.0746
464.0962
464.1663
464.1718
464.3272
464.5038
464.5195
464.5426
464.6862
464.7161
464.9638
465.1054
465.2368
465.2486
465.2831
465.3025
465.306
465.3845
465.4312
465.4885
465.5213
465.5225
465.5305
465.5746
465.5783
465.5835
465.657
465.7058
465.7524
465.7894
465.8068
465.824
465.9177
465.9222
465.9266
466.0503
466.0928
466.2557
466.5264
467.299
467.9368
468.1202
468.3154
468.4836
468.8237
469.114
469.1606
469.1751
469.2147
469.2745
469.3288
469.346
469.6517
469.6575
469.6935
469.7031
469.7714
469.8496
470.1459
470.198
470.234
470.2749
470.365
470.3866
470.636
470.6449
470.6553
470.8443
470.8827
471.13
471.142
471.2647
471.3372
471.616
471.6195
471.6709
471.7292
471.7757
472.0501
472.1042
472.1128
472.1246
472.1492
472.1899
472.1948
472.2131
472.2817
472.6046
472.6613
472.6655
472.6848
472.6908
472.695
472.7133
472.7282
472.7411
472.7569
472.7737
472.9327
473.0083
473.1002
473.1036
473.3583
473.3623
473.5945
473.6235
473.6474
473.6747
473.6875
473.6894
473.7128
473.7491
474.0108
474.088
474.0902
474.098
474.1005
474.113
474.1206
474.1338
474.3462
474.4459
474.5848
474.586
474.5909
474.6052
474.6219
474.6302
474.6401
474.7249
474.8172
475.0805
475.0827
475.09
475.1298
475.1561
475.1601
475.3167
475.3484
475.5695
475.5749
475.5761
475.6241
475.6339
475.6349
475.6675
475.694
475.7139
475.8219
475.8258
476.0824
476.0835
476.0925
476.1206
476.1862
476.2794
476.8587
476.8656
477.7493
478.0832
478.192
479.0951
479.1541
479.9306
480.1695
480.4796
480.7534
481.2738
481.5664
482.2039
482.5525
482.7684
