0.5805
0.5944
2.0855
4.5377
4.5491
4.5531
4.5546
4.5678
4.6235
4.6478
4.9549
4.9852
6.4795
7.0952
7.1949
7.5411
10.5069
10.514
10.5213
10.5334
10.5418
12.8552
12.9071
14.2152
14.2176
14.5086
14.5238
14.7763
14.9617
15.674
15.6807
15.8069
15.9718
15.9826
16.0984
16.259
16.5164
16.6605
16.9054
16.9934
17.2191
17.2216
17.4203
17.4837
17.7083
17.9695
18.1714
18.1927
18.3534
18.4032
18.5154
18.56
18.8449
19.0541
19.0685
19.1462
19.3688
19.4802
19.6505
19.7273
19.8617
19.912
20.1308
20.7726
20.8992
23.1481
23.176
23.5278
24.5133
24.6245
24.8143
25.124
25.1532
25.2788
25.5467
25.6598
26.0153
26.173
26.176
26.2348
26.5821
26.7369
27.4544
27.5393
28.1711
28.443
28.5639
28.9799
29.0212
29.5241
29.9236
30.0289
30.4181
30.4228
32.4062
32.4313
36.3663
36.3675
36.3748
36.3763
36.3882
36.7894
39.357
39.375
39.4756
42.3504
42.3559
42.3573
42.4836
42.7286
45.1664
46.016
46.0296
46.0547
46.0646
46.2201
46.3314
46.3405
46.3461
46.5055
46.6279
46.7238
46.8366
46.8679
47.1768
47.5131
47.8191
47.9342
48.0944
48.0968
48.1113
48.1562
48.2179
48.3141
48.3494
48.3581
48.4082
48.5957
48.5997
48.6846
48.8256
48.8267
48.8308
48.9498
49.2481
49.65
49.7358
49.8379
50.0083
50.0149
50.063
50.6774
50.7385
50.8416
50.8694
50.896
51.4251
51.4676
52.0878
52.2565
55.4403
55.9082
56.2883
56.9064
58.0195
58.7989
59.0349
59.326
60.0779
60.2629
60.2667
60.2806
60.3971
60.5637
61.1646
61.2628
61.2742
61.7494
61.753
62.2501
62.2594
62.6214
62.6832
62.7554
64.194
67.0073
68.1977
68.203
68.20829999999999
68.2777
68.2804
68.3323
68.3806
69.36750000000001
71.2199
74.1641
74.19119999999999
76.98909999999999
77.02500000000001
77.036
77.5352
77.55629999999999
77.6117
78.0402
78.09139999999999
78.15470000000001
78.1754
78.1769
78.5604
78.61579999999999
78.62390000000001
78.69199999999999
79.1956
79.37439999999999
79.64239999999999
79.64490000000001
79.8218
79.93000000000001
80.0299
80.19199999999999
80.95480000000001
81.6622
81.7396
81.8532
82.0141
82.2158
82.41079999999999
82.5125
82.56910000000001
82.58410000000001
83.1118
83.31310000000001
83.53700000000001
83.5702
83.57599999999999
83.7886
83.92189999999999
86.95529999999999
87.6433
87.7454
88.85380000000001
89.3432
89.62139999999999
89.8262
89.8592
89.9401
90.178
90.23
91.03360000000001
91.19280000000001
91.4867
91.598
91.5998
91.8137
92.5896
92.5929
92.6048
92.8777
93.1101
94.4194
94.6082
96.0882
97.0269
100.0251
100.0325
100.0505
100.1008
102.9767
103.0381
103.0454
103.064
104.2339
106.004
106.0055
106.0124
106.0194
106.0497
106.0616
106.6099
106.6748
107.0313
108.864
109.0808
109.379
109.3862
109.3928
109.6783
109.7752
110.2541
110.6415
110.8392
111.1717
112.017
112.0184
112.492
113.1142
113.2007
113.3035
113.3105
113.494
113.6209
113.6738
114.0885
114.1798
114.1838
114.1896
114.4019
114.4062
114.495
114.4974
114.8377
114.8684
114.9806
115.0877
115.6293
115.7543
115.8818
116.0059
118.5313
119.2403
119.5211
119.7043
120.0091
122.1569
122.1766
124.1476
124.4249
125.4269
125.5041
125.9135
125.9231
126.1557
126.2268
127.9082
127.9347
132.8835
133.6393
134.8683
134.8982
137.8378
137.8448
137.8788
137.9049
141.4881
141.5921
141.8322
142.6754
143.0154
143.0179
143.3175
143.4543
144.5443
145.1437
145.3259
145.3282
145.4033
145.4205
145.5012
145.508
145.6767
145.6802
146.3357
146.377
147.3297
148.1967
148.5608
148.9714
150.1856
151.3412
151.3434
152.7995
152.828
152.9793
153.2721
153.2988
153.3938
153.7907
153.8982
154.036
154.0819
154.519
154.7684
156.7597
156.7649
157.0207
157.7624
158.1205
163.3381
163.6516
163.7701
165.5548
166.4194
166.7053
166.7143
168.8168
169.6724
169.6806
169.683
169.6873
172.0299
173.043
173.6597
173.6666
174.1262
174.9484
175.0757
175.4257
175.6909
175.926
175.9317
175.9823
176.0228
176.1507
176.1544
176.2299
176.4453
176.7835
176.8317
176.9658
177.4255
178.4619
179.288
179.4191
179.5854
180.2741
181.7012
183.1455
183.3419
183.4037
183.8324
184.1328
184.4224
185.6191
186.1851
186.4178
186.5891
186.604
186.8738
187.0919
187.1182
187.2025
187.5896
187.6203
188.0898
188.3074
188.3769
188.419
188.5992
188.8621
189.0798
189.101
189.1533
189.5974
190.1366
191.9588
195.5398
195.5459
195.5473
195.5546
195.5755
195.6727
198.5241
198.5316
198.5344
198.5429
198.5594
201.4942
201.5731
201.8295
203.1998
203.7788
203.9581
204.3065
204.8831
204.894
205.4862
205.5744
205.7108
205.9497
206.4163
206.6735
206.6839
206.7364
206.9798
206.9815
207.4314
207.5249
207.7584
207.7625
207.7722
207.8514
207.9846
208.071
208.2059
208.3191
208.4091
208.421
208.5101
208.6178
208.7974
208.9839
208.9935
209.219
209.3467
209.392
209.4135
209.8367
209.8954
210.1476
210.187
210.2974
210.4323
210.4831
210.4862
210.9233
211.0606
213.9771
214.2678
215.139
215.2451
216.1505
216.7636
216.9343
216.9366
217.0371
217.6732
218.1613
219.1863
219.4134
219.9162
220.0418
220.2145
220.2264
221.4243
221.7717
223.37
223.49
223.5048
225.1087
225.6671
226.0914
227.3565
227.3651
227.3804
227.4002
227.5834
233.3663
233.4099
233.6917
233.7349
234.5355
235.1968
235.6066
236.2126
236.2412
236.709
236.7135
236.7158
237.3246
237.331
237.461
237.6956
237.7804
237.7853
237.7905
237.8288
237.9822
238.4004
239.0922
239.0936
239.1919
239.3579
239.4193
239.5151
240.0205
240.0491
240.2637
240.5095
240.5349
240.6064
241.0158
241.2232
241.2528
241.4511
241.5091
241.6723
241.8766
242.0536
242.1295
242.1342
242.3432
242.4584
242.7607
242.9693
243.1075
243.1653
245.3872
245.7288
246.4721
246.6311
246.6336
247.2965
247.8381
248.0209
248.52
249.2859
249.5072
249.9005
250.7818
251.7692
251.7858
251.871
251.9667
252.248
252.3289
252.368
252.7605
253.2491
255.2297
259.2996
259.3627
261.0358
261.3449
262.2261
263.9381
264.2477
264.9621
265.1724
265.1739
265.1754
265.1778
265.1862
265.2174
265.2751
266.1048
266.6284
268.104
268.4078
268.5456
269.2456
269.3857
269.6256
269.7641
270.6639
270.7574
271.0646
271.3295
271.347
271.3617
271.5647
271.662
271.9339
271.9358
272.92
273.1702
273.4386
274.3941
274.668
274.878
275.073
275.2103
275.7175
277.1568
277.9271
277.9376
278.9031
278.9988
279.7873
280.1247
281.0709
281.2422
281.6172
281.7437
282.6474
283.0975
283.1195
283.5928
283.6149
283.6896
284.3673
284.5924
284.7194
284.832
287.068
287.4722
288.0253
288.0293
288.8592
289.8684
289.91
290.338
291.035
291.0476
291.0503
291.0523
291.1444
292.4587
292.9827
293.6933
294.032
294.0418
297.0039
297.0334
297.1486
297.3973
300.3653
300.3723
300.3825
300.4429
300.9762
301.6068
301.8499
301.9884
302.1825
302.1949
302.3047
302.5906
304.0553
304.1168
304.3022
304.3248
304.85
305.1658
305.2577
305.381
305.6593
305.7058
305.9429
305.947
305.984
306.0308
306.0426
306.1576
307.3304
307.5591
307.8445
308.4972
310.2661
310.7887
311.1714
311.1959
311.4576
311.5482
311.5773
311.6979
311.7478
312.055
312.2409
312.4318
312.5854
312.6784
312.9531
313.0223
313.6734
313.9297
313.9534
314.0079
314.0522
314.4268
314.5157
314.9269
315.1299
315.4998
315.5719
315.6357
315.9054
316.1679
316.5707
316.6128
316.6545
316.6562
317.3946
322.8653
322.8911
323.801
324.704
325.8963
326.4734
327.2492
327.6349
328.5872
328.5898
328.8353
328.8396
328.8473
328.9902
329.2541
330.2891
332.1983
332.2014
332.3116
332.8228
333.0575
333.4907
333.4999
333.6763
333.6805
334.01
334.0213
334.1265
334.31
334.3128
334.3206
334.3927
334.4035
334.7022
335.0959
335.3271
335.333
335.7783
335.8017
335.9461
335.9506
336.1461
336.6862
336.8552
337.1675
337.1763
337.3307
337.392
337.6264
337.9597
338.0166
338.0587
338.8309
342.0978
342.9516
343.6384
344.3115
344.5628
344.7824
345.2708
345.2738
345.2871
345.7592
345.7676
345.8398
346.2636
346.4689
346.9741
346.9873
347.7544
347.9746
348.0479
348.3357
348.3409
348.7469
348.8048
351.3933
353.1621
354.6946
354.8204
355.9525
357.692
357.7437
358.8703
359.3881
360.6774
360.6793
360.6875
360.6925
360.7427
360.7689
361.0541
362.0317
363.5735
364.6593
364.6686
365.118
365.2202
365.498
366.1438
367.1566
367.645
368.3332
368.4119
368.5214
368.8429
368.8496
369.0749
369.1618
369.1641
369.1667
369.3095
369.3178
369.422
369.4734
370.0202
373.905
374.3492
374.9227
375.1448
375.8181
376.3226
376.3385
376.3429
376.3537
376.4181
377.1223
377.6044
378.5998
378.6771
379.7243
380.2052
380.2354
380.5946
382.0155
385.9847
386.5234
386.5342
386.5511
388.4055
388.4558
389.4511
389.5422
389.5745
392.5081
392.8133
392.8733
393.8037
395.9096
395.9283
396.5051
397.9725
398.3583
398.8358
398.974
398.9913
399.061
399.6155
399.7938
399.8095
400.0115
400.0401
400.0716
400.2354
400.339
400.3492
400.8366
401.0049
401.3006
401.3323
401.73
401.8562
402.005
402.2619
402.2952
405.2203
406.472
408.4126
409.019
409.888
411.4224
411.9228
412.1317
412.2294
412.4531
415.8814
418.3614
418.3698
418.3744
418.3785
418.3958
418.5577
418.8694
424.3399
424.3445
424.3701
424.735
425.7153
426.4084
427.6993
427.7141
427.7717
427.7873
428.0521
428.3814
428.5421
428.5691
428.7804
429.1638
429.1733
429.3267
429.5095
429.5143
429.8072
429.813
429.8477
429.947
430.1899
430.3499
430.5928
431.0503
431.1412
431.6427
431.8248
431.8382
432.014
432.3419
432.498
432.8329
432.8703
432.9848
433.1345
433.3432
433.9556
434.286
434.3737
434.6544
436.6859
437.1304
437.8963
438.5418
438.8097
439.4052
440.0786
440.3981
441.0046
441.2651
441.2925
441.4769
442.2534
442.476
442.766
442.8644
443.2544
443.2563
443.2593
443.7509
443.7553
443.9672
444.5247
450.2083
450.9639
451.041
451.0529
453.198
453.5505
455.1735
455.5919
456.1711
456.4821
456.6576
457.3769
459.1111
459.3088
459.5375
459.6131
459.8024
460.3883
460.6243
460.8132
461.0045
461.0058
461.0095
461.0129
461.108
461.2456
461.4904
461.6457
461.7407
461.9153
461.9248
462.1827
462.6469
463.0755
463.0809
463.0828
463.0863
463.0888
463.1027
463.1346
463.1682
463.2724
463.9989
464.0013
464.0261
464.1811
464.5802
464.6543
464.9031
464.9558
465.2528
465.5252
465.7053
468.9661
470.1237
470.2781
470.6193
470.7411
471.3684
471.8482
472.1434
472.3305
472.3815
472.6373
474.1725
475.3169
475.5991
475.8918
476.0845
476.661
478.317
481.2457
481.3177
482.8899
