0.50032
0.64488
0.8663999999999999
0.90544
1.3938
1.44592
1.59468
1.77248
2.16328
2.3914
2.59308
2.59732
2.60712
2.62092
2.80244
2.87636
2.93012
3.04336
3.65424
3.90356
3.99172
4.23192
4.99964
5.05824
5.07164
5.09576
5.116
5.12528
5.17916
5.50496
5.55324
5.55692
5.72072
5.845
6.12924
6.2464
6.33308
6.41848
6.55164
6.58876
6.60076
6.64156
6.986
7.47852
7.67856
7.87708
8.065759999999999
8.346880000000001
8.454040000000001
8.85516
8.99432
9.024800000000001
9.03044
9.054679999999999
9.078519999999999
9.14452
9.212759999999999
9.59024
9.681559999999999
10.16564
10.3948
10.51752
10.52092
10.55832
10.71332
10.92788
11.35436
11.66704
11.83904
12.11912
12.34368
12.75488
12.91708
12.97552
13.00728
13.01832
13.03744
13.27044
13.4054
13.49344
13.61568
13.97296
14.31788
14.4738
14.49232
14.49808
14.53852
14.6986
14.8266
14.90912
15.19228
15.53048
15.63572
15.95948
16.32824
16.71572
16.90988
16.95208
16.96196
16.98564
17.01376
17.0518
17.37912
17.85516
17.94872
18.27652
18.3924
18.4382
18.4488
18.48976
18.63104
18.7316
19.14032
19.25532
19.3632
19.54184
19.89312
20.73224
20.77272
20.8988
20.92368
20.94212
20.96956
21.28548
21.42348
21.84888
22.18764
22.25844
22.39184
22.41492
22.49556
22.60444
22.80484
22.93208
23.22536
23.4878
23.54168
23.6462
23.7284
23.91184
24.01268
24.73748
24.87136
24.87884
24.89432
24.90672
24.93224
24.96556
25.57584
25.98536
26.09516
26.2312
26.35792
26.36544
26.37736
26.3854
26.56888
27.07504
27.28176
27.41472
27.485
27.82188
27.9786
27.9992
28.21412
28.29208
28.8436
28.84928
28.87636
29.03608
29.41876
29.9864
30.13632
30.33656
30.34324
30.36104
30.40208
31.0576
31.18196
31.59984
31.62944
32.00768
32.16032
32.68864
32.79704
32.81904
32.82364
32.8486
32.89572
33.58408
33.81724
34.16432
34.28604
34.29176
34.31364
34.33472
34.6784
34.91632
35.10872
35.4932
35.5744
35.58672
35.72304
36.0108
36.03768
36.71984
36.76588
36.77212
36.78976
36.8264
36.8506
37.13004
37.43004
37.48764
38.17796
38.25072
38.25396
38.26772
38.27456
38.31452
38.4518
38.52492
38.71704
39.13508
39.32896
39.64568
39.8534
39.90888
40.11576
40.45804
40.72328
40.73384
40.74576
40.84592
41.15628
41.3056
41.43044
41.79484
41.92116
42.0328
42.16784
42.21844
42.22832
42.24884
42.29996
42.34428
42.6638
42.99104
43.08008
43.211
43.45404
43.63196
43.8164
43.88452
44.09404
44.1394
44.68672
44.69688
44.70984
44.72496
44.77012
44.94368
45.15792
45.42048
45.5998
45.78012
46.13868
46.17452
46.19496
46.23212
46.32776
46.37048
46.46828
46.88656
47.0938
47.18624
47.47172
47.9714
48.46844
48.54664
48.65056
48.6634
48.7126
48.93696
49.12636
49.22572
49.31624
49.86408
49.89148
50.1328
50.14304
50.15948
50.21384
50.37012
50.53728
50.8912
51.14912
51.28972
51.75036
51.87668
51.95832
52.018
52.60224
52.62636
52.64844
52.70144
52.93612
53.00848
53.23056
53.30968
53.6926
53.92656
54.10284
54.13868
54.14972
54.18052
54.80916
55.07628
55.3222
55.51608
55.58628
55.99308
56.05608
56.32384
56.37144
56.582
56.58564
56.61588
56.84388
57.59084
57.8258
58.05188
58.06744
58.07268
58.11584
58.13784
58.14808
58.79668
58.85976
59.00276
59.04332
59.16908
59.53704
59.82808
59.93044
60.26876
60.42364
60.46412
60.543
60.54712
61.09568
61.50144
61.90696
62.02556
62.03932
62.11632
62.21804
62.28468
62.41036
62.86304
62.96444
63.06236
63.2328
63.35084
63.51888
63.77312
63.81512
63.95176
64.35396
64.50955999999999
64.52368
64.54188000000001
64.5446
64.5616
64.61432000000001
64.89388
65.32708
65.42644
65.84811999999999
65.98764
66.01304
66.04012
67.0274
67.13072
68.47184
68.47951999999999
68.51067999999999
68.77804
69.56308
69.63216
69.80508
69.93352
69.9556
69.96080000000001
69.9782
70.30347999999999
71.20944
71.32116000000001
71.54392
71.89344
72.42496
72.43252
72.44616000000001
72.47496
72.95896
73.17936
73.42547999999999
73.61579999999999
73.92148
73.93808
73.96724
74.68728
75.38979999999999
76.37544
76.39144
76.39828
76.51572
76.84432
76.99816
77.33163999999999
77.83240000000001
77.87652
77.87988
77.89216
77.91012000000001
77.9684
78.69495999999999
79.04064
79.3236
79.45780000000001
80.35424
80.372
80.37608
81.84616
81.88288
81.96299999999999
82.77284
82.8848
83.11228
83.63076
84.32028
84.36396000000001
84.36936
84.42528
85.79935999999999
85.80452
85.8582
86.80104
86.81923999999999
87.28919999999999
87.45468
87.66452
88.10039999999999
88.2756
88.29252
88.29656
88.31148
88.3476
88.572
89.30952000000001
89.5038
89.70632000000001
89.75736000000001
89.76348
89.82752000000001
90.07259999999999
90.55155999999999
90.98648
91.15116
91.4414
91.99252
92.22984
92.2366
92.2676
92.32599999999999
93.14076
93.30128000000001
93.55452
93.71992
93.72784
93.73972000000001
93.75203999999999
93.81972
94.14060000000001
94.66764000000001
95.07544
95.5908
96.2058
96.21335999999999
96.7396
97.46116000000001
97.69152
97.70556000000001
97.75072
97.99588
98.83011999999999
98.93895999999999
99.5996
100.15332
100.16808
100.18772
100.9042
100.96956
101.09072
101.639
101.65856
101.66508
102.7086
102.84564
103.32612
103.54656
104.13196
104.13768
104.27292
104.35664
105.23468
105.34476
105.5968
105.61248
105.62008
105.64032
105.65788
105.97448
106.09268
106.70752
106.95536
107.19456
107.449
108.0878
108.09156
108.09512
108.14928
108.28844
108.35408
108.96512
109.03572
109.26936
109.56848
109.57456
109.59292
109.62632
109.65788
109.91152
110.4754
110.55948
110.67136
110.73252
110.84612
111.49892
112.02928
112.04368
112.06844
112.07468
112.41828
112.75952
113.03584
113.0984
113.3568
113.53336
113.5504
113.577
113.62356
113.72144
113.89528
114.39352
114.93472
115.95696
116.01508
116.0308
116.04852
116.06248
116.36912
116.37252
116.63816
116.81092
117.49512
117.49948
117.51508
117.55372
118.24988
118.86764
118.92788
119.14872
119.38148
119.42208
119.52736
119.96824
119.98556
119.99584
120.0288
120.13016
120.81752
121.15928
121.45232
121.46444
121.47192
121.4844
121.66388
121.79188
122.00448
122.64456
122.81664
123.00528
123.38876
123.85456
123.93636
123.94228
123.9818
124.00796
124.05924
124.56924
124.87456
124.96348
125.06704
125.42132
125.43272
125.44244
125.47132
125.48304
125.66724
126.52996
126.6744
126.99296
127.89964
127.92988
127.9504
128.34868
128.47384
129.127
129.35028
129.39756
129.45024
129.48384
129.77172
130.14916
130.416
130.5708
130.74144
130.87576
131.15908
131.83328
131.86408
131.92104
131.94488
132.4842
132.87484
132.95172
133.244
133.34748
133.3666
133.40064
133.40464
133.54556
134.07848
134.26012
134.346
135.141
135.34212
135.72236
135.83032
135.83728
135.8468
135.89452
