0.10704
0.29532
0.34736
0.41464
0.61116
0.6598000000000001
0.8044
0.95964
1.01488
1.24832
1.40224
1.51172
1.5834
1.73048
1.81684
2.05012
2.18948
2.47104
2.62552
2.68376
2.70864
2.7596
2.86292
3.02688
3.08292
3.11688
3.12504
3.13372
3.15752
3.24392
3.3816
3.58136
3.60028
4.23816
4.3832
4.5166
4.58836
4.59528
4.6106
4.81188
4.93484
5.07716
5.13132
5.29128
5.31332
5.58408
6.03208
6.1222
6.25616
6.45824
6.57192
6.67752
6.87108
7.03712
7.0724
7.08084
7.08792
7.23004
7.39584
7.8918
7.94092
8.297280000000001
8.514239999999999
8.532439999999999
8.53416
8.545920000000001
8.57612
8.625
8.79684
8.84112
8.857279999999999
8.94356
9.03392
9.177239999999999
9.350519999999999
9.50812
9.75892
9.86932
9.89892
10.10952
10.22368
10.41504
10.7816
11.05708
11.08672
11.13944
11.42568
11.5258
11.5698
11.72272
11.93324
12.36248
12.4028
12.40504
12.47528
12.50776
12.52592
12.53008
12.53904
12.55256
12.55428
12.61796
12.66632
12.80348
12.85932
13.22724
13.67364
13.96068
14.09476
14.26428
14.38424
14.44476
14.46276
14.54576
14.612
14.87136
15.01148
15.01244
15.04464
15.20656
15.2688
15.3908
15.60848
15.6486
15.73876
15.79392
15.90952
16.04024
16.13908
16.23004
16.30472
16.39028
16.44916
16.45932
16.46556
16.46952
16.49448
16.50572
16.51268
16.5232
16.66112
16.66492
16.87708
16.968
17.61972
17.75096
18.13976
18.41828
18.6738
18.76712
18.9234
18.93508
18.94308
18.94968
18.96112
19.00556
19.37376
19.42208
19.59896
20.13664
20.14308
20.40656
20.4504
20.457
20.55144
20.6378
20.72244
20.84856
20.93372
20.99924
21.10388
21.25988
21.3326
21.43912
21.57568
21.74812
21.795
21.8524
22.05584
22.16956
22.2532
22.26288
22.52252
22.67544
22.82428
22.8878
22.90716
22.93968
22.94128
22.955
22.97812
23.00688
23.01168
23.42776
23.51452
23.68052
23.89716
23.96252
23.96648
24.20032
24.3794
24.4132
24.4292
24.43812
24.45416
24.87448
25.34636
25.75936
25.96772
26.35604
26.46364
26.85552
26.86344
26.90896
28.01928
28.329
28.35344
28.37952
28.38452
28.41056
28.42832
28.4542
29.02888
30.46152
30.47192
30.56768
30.83584
30.8894
30.91616
30.94656
31.01124
31.02432
31.49784
31.59536
31.94632
31.96424
32.30328
32.3092
32.32836
32.36008
32.67132
32.88988
34.41504
34.78068
34.80564
34.8648
35.08836
36.26524
36.26908
36.29164
36.3656
36.39216
36.45652
36.49408
37.34444
38.15056
38.44784
38.73944
38.746
38.76076
38.77416
39.27952
40.05244
40.21644
40.22064
40.26964
40.28944
40.35468
40.4136
40.6956
40.70304
40.76436
41.37504
41.8422
42.09436
42.20536
42.50008
42.64636
42.70352
43.03892
43.6922
44.14568
44.21008
44.21904
44.24808
44.26764
44.68964
44.70564
44.73004
45.03844
45.5578
46.66056
46.70272
46.7148
46.74352
46.8364
46.87856
46.88696
47.67956
48.15116
48.16032
48.34872
48.6444
49.16124
49.68212
49.90764
50.52888
50.64212
50.65132
50.70988
50.71996
50.72952
50.73896
50.7478
51.0098
51.05832
51.14292
51.98744
52.0968
52.14112
52.1652
52.1956
52.20824
52.213
52.26296
52.2638
52.7124
52.7692
52.77548
53.11464
53.57588
53.76288
53.799
54.0946
54.14664
54.15124
54.60352
54.6192
54.63668
54.76364
54.78584
55.73696
56.06272
56.0698
56.0834
56.086
56.0968
56.11252
56.13944
56.15144
56.16056
56.16792
56.25808
56.42116
57.07948
58.31876
58.55272
58.57236
58.588
59.48152
59.51952
59.99164
60.0362
60.04012
60.06732
60.08164
60.09656
60.11572
60.1382
60.1608
61.38948
61.51496
62.504
62.52112
62.63648
62.6882
63.79888
63.99148
64.00004
64.04848
64.05231999999999
64.09712
64.10428
64.12063999999999
64.13312000000001
66.09504
66.11136
66.36148
66.48376
66.49784
66.59472
67.95576
67.97488
67.99096
68.00756
68.02176
68.02956
68.03583999999999
68.05388000000001
68.0652
68.19928
68.21420000000001
68.36044
68.57116000000001
68.94336
69.02867999999999
69.09408000000001
70.43676000000001
70.46848
70.49392
71.62139999999999
71.92008
71.92552000000001
71.93595999999999
71.94856
71.95464
71.96696
71.98072000000001
72.01931999999999
72.03156
72.063
72.0694
72.11996000000001
72.37812
74.31359999999999
74.35724
74.41116
74.42376
74.4714
74.50904
74.5504
75.75556
75.85924
75.90536
75.91536000000001
75.92095999999999
75.94499999999999
75.96704
75.99227999999999
76.00364
76.02392
76.30092
77.04772
77.37291999999999
78.23312
78.37888
78.38376
78.408
78.42084
78.80316000000001
79.09564
79.78532
79.85252
79.86991999999999
79.88024
79.90228
79.92740000000001
80.23439999999999
80.40516
80.54367999999999
80.68772
80.69096
81.03068
81.29872
81.46035999999999
82.32487999999999
82.38348000000001
82.41432
83.30119999999999
83.59336
83.81088
83.8124
83.8694
83.96172
83.99592
84.07304000000001
84.1498
84.18208
84.31844
84.73208
84.9568
84.96728
85.42412
85.82104
86.01472
86.28408
86.28952
86.32008
86.32632
86.37308
86.64688
86.65528
86.7324
86.75467999999999
87.69576000000001
87.7894
87.80800000000001
87.81532
87.88208
87.90976000000001
88.02884
88.13531999999999
89.08184
89.09752
90.2184
90.23624
90.256
90.29116
90.30128000000001
90.31084
90.32823999999999
90.33664
91.16852
91.72984
91.74408
91.78188
91.78992
91.79724
92.23868
92.26967999999999
92.27168
93.2084
93.52828
93.66724000000001
93.82164
94.07608
94.15772
94.20976
94.22020000000001
94.2636
94.26944
94.30683999999999
94.61008
94.941
94.9988
95.68292
95.69992000000001
95.76479999999999
95.79084
95.87555999999999
95.89100000000001
96.1198
98.18304000000001
98.20628000000001
98.37396
98.99404
99.16912000000001
99.26439999999999
99.41719999999999
99.59923999999999
99.63188
99.66083999999999
99.67400000000001
99.68816
99.71372
99.71559999999999
99.72716
99.78108
100.01364
101.72248
101.85804
102.1626
102.17308
102.20752
102.2156
102.86124
103.08028
103.628
103.64472
103.65848
103.66088
103.66572
103.66892
103.67772
103.74444
103.85636
103.97036
104.13556
104.91788
105.17268
105.3766
105.51708
105.6202
106.1254
106.16016
106.17008
106.21636
106.22532
106.66812
106.7726
107.33404
107.60344
107.60912
107.63452
107.71552
107.82992
107.91592
108.08044
108.66316
108.88208
108.98044
109.1738
109.37168
109.38728
109.50316
109.67936
109.77252
109.91972
110.0114
110.05708
110.07228
110.0942
110.14608
110.35004
110.54
110.54832
110.61728
110.89432
111.02484
111.18144
111.49404
111.54556
111.57312
111.5758
111.91524
112.14272
112.36952
112.44712
112.79012
112.93528
113.1002
113.24024
113.35172
113.5794
113.83112
113.90048
114.06544
114.51656
114.73712
114.91132
114.91564
115.01188
115.2278
115.54832
115.5558
115.57168
115.61056
115.63484
115.64788
116.08952
116.60984
116.65024
116.69116
117.42976
117.51524
117.5792
117.72452
117.96764
117.98472
118.04064
118.04552
118.36272
118.52848
118.72436
118.93444
119.22092
119.49736
119.5084
119.58768
119.61772
119.652
119.75456
119.95716
120.22488
120.49068
120.68204
120.86528
121.09416
121.3618
121.482
121.601
121.88628
121.9726
121.97904
122.0108
122.26408
122.4076
122.43468
122.46832
122.57644
122.6852
123.12328
123.45228
123.45836
123.47548
123.48956
123.50332
123.51632
123.55924
123.71764
123.98192
124.52664
124.86468
125.2434
125.37344
125.4786
125.70692
125.90564
125.91536
125.93792
126.07068
126.37212
126.54004
126.62104
126.96996
127.39948
127.43796
127.45508
127.56008
127.82376
127.8974
128.00968
128.44192
128.57588
128.65672
128.9202
129.11528
129.16912
129.38292
129.42844
129.57048
129.7928
129.90956
129.91968
129.94168
129.97264
130.09852
130.15116
130.2996
130.33284
130.37696
130.68084
130.79476
131.05488
131.26584
131.38272
131.39044
131.4066
131.40948
131.45008
131.6818
131.80468
131.92152
132.3984
132.51108
132.62544
132.72416
132.76044
132.89008
133.14656
133.36496
133.7194
133.83312
133.86764
133.88924
133.92872
134.09136
134.46424
134.959
135.12628
135.32872
135.37372
135.37976
135.411
135.71992
136.13796
