12.0953
12.1032
12.1229
12.1824
16.07
16.0821
16.0971
18.0654
18.102
19.031
19.2029
19.2271
21.006
21.0812
22.0325
22.0539
22.0911
22.1704
24.0504
27.0431
27.9942
29.9782
29.994
30.6097
33.9479
35.9445
35.9471
35.9557
35.9609
39.897
39.8991
39.9356
41.8903
41.8985
41.9149
43.0609
44.7317
45.8514
45.857
45.8975
47.8766
47.8814
51.8256
53.8102
53.823
53.8321
53.8391
53.8515
53.8555
57.7679
57.7812
57.7954
57.803
58.8614
59.7705
59.776
60.8202
62.7541
63.7255
63.7282
63.7322
64.90600000000001
65.4575
65.72629999999999
69.70059999999999
71.66079999999999
71.6711
74.7559
75.6451
75.64749999999999
75.6593
75.6669
77.6468
77.64960000000001
77.6793
77.68640000000001
81.601
81.6048
81.6151
83.60080000000001
83.6587
83.6854
84.87649999999999
85.63509999999999
87.5523
87.5548
87.5591
87.5711
87.5765
87.58199999999999
87.596
89.5637
89.57389999999999
90.52460000000001
93.52030000000001
93.5861
95.5196
95.52589999999999
95.5331
99.4682
99.4902
99.5057
101.4771
101.4791
101.4903
105.4549
107.4399
107.4426
108.8817
111.3911
111.3952
111.4165
111.4942
113.3807
114.3653
115.5143
116.3871
116.4198
116.4688
117.3738
119.3553
119.3588
119.4035
123.3056
123.5993
125.3197
125.3238
125.3273
128.3983
129.2667
129.2807
129.3071
131.2494
131.2793
135.2148
135.217
135.2297
135.2326
135.3035
137.2251
141.1734
141.2043
143.1812
143.1878
143.2291
146.1792
146.213
146.5832
147.1305
147.1335
147.1356
147.1407
147.1465
147.1632
147.1895
147.2242
148.8312
149.1945
152.2626
153.0898
153.1002
155.0765
155.1087
158.101
158.2259
159.0453
159.0475
159.0503
159.0533
159.0566
159.065
159.0874
161.0972
162.8133
164.1149
165.001
165.0082
165.0441
167.0047
167.0111
167.0443
167.0597
167.9812
170.2474
170.9603
170.9648
170.9807
170.9838
171.0125
172.9675
172.9746
172.9864
176.9167
176.9216
176.9983
178.9376
182.8785
182.889
182.9048
182.9637
184.8652
184.8949
184.9318
188.5748
188.8327
188.8369
188.8403
188.8565
188.8636
190.8296
190.8532
194.7924
194.7944
194.8401
196.802
196.8658
196.8778
197.7625
200.7474
200.7497
202.7645
206.7043
206.7202
206.73
206.7407
206.7894
208.69
208.8328
212.6696
212.675
212.704
212.7121
213.0212
214.7263
214.7611
216.5571
217.7298
218.625
218.6275
218.6299
219.9295
220.5979
220.622
220.6342
220.6578
220.6716
224.5779
224.5822
224.5964
224.5998
224.6803
224.9998
225.2748
230.535
230.5375
230.5598
230.6193
230.6766
232.5381
232.5883
236.4783
236.4804
236.4921
236.5268
236.8231
238.5232
241.4824
241.5711
242.4553
242.4889
242.577
244.4743
244.4852
244.5635
247.4641
248.4071
248.4227
248.4628
250.3984
250.4049
251.4392
254.3645
254.3672
254.369
254.3711
254.3823
254.3845
256.3511
256.3716
256.4076
260.3421
260.3561
262.366
262.3795
266.279
266.2856
266.3054
266.6275
267.0193
268.2809
268.3025
268.3265
274.2561
274.2656
274.3291
277.356
278.2047
278.2154
278.2183
278.2274
278.2364
278.2963
278.3317
280.1888
280.2276
280.2861
280.2908
284.1709
286.1388
286.1462
286.1894
286.1954
290.1107
290.1152
290.1181
290.121
290.1272
292.1035
292.1144
292.1237
292.1395
296.0844
296.0881
296.0952
296.1642
298.0654
298.0708
298.0734
298.0927
299.0405
299.0752
302.028
302.0306
302.0434
302.1235
304.0281
304.0339
304.0366
304.0726
306.5415
307.9876
307.9923
309.9702
309.9803
309.9934
310.0574
313.9515
313.958
313.9776
314.7412
315.0185
315.9849
319.9068
319.9113
319.9319
321.888
321.8928
321.9002
321.9622
323.2922
324.8505
325.8599
325.8832
325.9198
326.7451
327.8375
327.8404
327.8488
327.9007
331.8129
331.8172
331.8221
332.6231
333.8139
333.855
334.8336
336.7778
337.7734
337.7859
337.7897
338.1756
338.2731
339.7559
339.7757
339.8305
339.8481
340.7394
342.7947
343.733
343.7532
343.7812
343.8414
345.7287
345.7342
346.5542
349.6865
349.6996
349.719
351.6821
355.6648
355.6921
355.7076
360.647
361.6036
361.608
361.6449
363.6116
363.6288
363.6479
367.564
367.5794
368.331
369.5812
369.6232
370.9043
373.5194
373.5214
373.5501
373.5573
374.7416
375.5187
375.5216
375.56
375.5655
375.5871
378.6108
379.4769
379.5052
379.5116
379.7742
381.4682
381.5078
382.4914
385.4314
385.4549
385.4568
385.4849
386.3769
387.4307
387.4371
387.5226
390.4107
391.3905
391.3978
391.3999
391.42
391.435
391.4735
393.3757
393.4102
397.3545
399.3629
403.3046
403.307
403.3133
403.3244
403.3303
403.3408
403.3522
404.0406
405.3121
405.3186
405.3304
406.2826
409.2774
409.2921
409.5386
410.6059
411.2545
411.2623
411.3241
414.3273
415.2234
415.2256
415.2363
415.2535
415.294
419.4673
