0.09429999999999999
0.2489
1.9025
1.9215
2.0612
2.1114
2.602
2.6466
2.8393
2.8601
2.918
2.9435
3.013
3.054
3.2375
3.3548
3.5136
3.9673
3.996
4.0106
4.165
4.403
4.5487
4.7873
4.8218
5.0354
5.0606
5.313
5.5078
6.0076
8.4274
8.498699999999999
8.505800000000001
8.7096
9.019299999999999
9.0921
9.307700000000001
9.369
9.3802
9.8125
9.865600000000001
9.9626
10.2302
10.3022
10.7116
10.7519
12.0936
12.1037
12.1091
12.1248
12.1363
12.1515
12.18
12.1856
12.1996
12.2053
12.2249
12.2289
12.2489
12.2537
12.2746
12.286
12.2946
12.3181
12.3376
12.3669
12.3753
12.4206
12.4557
12.4754
12.4856
12.4983
12.515
12.5314
12.5636
12.5772
12.5991
12.6172
12.6429
12.6813
12.7167
12.7417
12.7649
12.7694
12.7856
12.8171
12.8483
12.8934
12.9312
12.9374
12.9641
13.0502
13.6322
13.9835
16.1463
16.1607
16.1803
16.1868
16.1976
16.2028
16.2215
16.2424
16.2801
16.29
16.3522
16.3616
16.3878
16.493
16.5077
16.5306
16.5602
16.6437
16.674
16.7344
18.0483
18.0732
18.0788
18.0881
18.1155
18.1647
18.1757
18.1795
18.2465
18.2529
18.2631
18.287
18.3148
18.3377
18.3577
18.3717
18.3884
18.3992
18.4183
18.4871
18.5046
18.5611
18.5679
18.6716
18.6792
18.7914
18.8117
18.8314
18.8679
18.891
18.9521
18.9868
19.2355
22.1032
22.1257
22.1392
22.1474
22.1936
22.204
22.2249
22.2514
22.3264
22.3468
22.3701
22.3971
22.4947
23.1306
24.0078
24.0338
24.0449
24.0504
24.053
24.0701
24.0769
24.0909
24.095
24.1045
24.1171
24.122
24.1351
24.1574
24.1684
24.1968
24.2094
24.2201
24.2241
24.2595
24.2848
24.2926
24.3108
24.3455
24.3627
24.3756
24.401
24.4144
24.4375
24.4582
24.4778
24.4924
24.5246
24.6151
24.6639
24.7613
24.8001
24.8139
24.9009
24.9658
28.0581
28.068
28.0807
28.1106
28.1411
28.1812
28.2394
28.2494
28.299
28.3151
28.3502
28.4494
28.4789
29.9731
30.0008
30.0085
30.0128
30.0273
30.0305
30.0329
30.0506
30.0706
30.0948
30.1299
30.1342
30.1547
30.1731
30.1799
30.1894
30.2064
30.2252
30.2369
30.263
30.2731
30.2825
30.2976
30.3066
30.3281
30.336
30.3675
30.3734
30.4056
30.4449
30.4691
30.5312
30.5485
30.5769
30.6358
30.6498
30.7867
30.8594
30.9128
34.0016
34.0236
34.0358
34.0534
34.0655
34.0688
34.1077
34.1195
34.1229
34.1697
34.1845
34.2365
34.2565
34.3469
34.3647
34.3784
34.4041
34.4399
34.7962
35.2618
35.9182
35.9299
35.944
35.9577
35.9637
35.9727
35.9908
36.0013
36.0131
36.0309
36.041
36.0478
36.0622
36.0672
36.0761
36.0872
36.0914
36.1048
36.1091
36.1244
36.1447
36.1637
36.1857
36.1958
36.2317
36.2476
36.2638
36.2811
36.3135
36.3205
36.3405
36.4006
36.4377
36.4494
36.4655
36.4965
36.5533
36.5913
36.6018
36.6291
36.652
36.6731
36.695
36.7276
36.7376
36.8001
36.818
36.8809
39.9627
39.983
39.9962
40.0147
40.0224
40.0361
40.048
40.0809
40.0979
40.1228
40.1452
40.167
40.2155
40.2477
40.2731
40.3127
40.3663
41.5739
41.8599
41.8861
41.9006
41.9047
41.916
41.9205
41.94
41.9524
41.9608
41.9851
41.9939
42.0033
42.0117
42.016
42.0289
42.074
42.0943
42.0998
42.136
42.1567
42.1776
42.2014
42.2397
42.289
42.2956
42.3251
42.3383
42.4412
42.4689
42.5557
42.5764
42.6977
42.7157
42.7329
42.768
42.8229
43.1208
45.9373
45.971
45.9861
46.0041
46.0102
46.0435
46.0844
46.11
46.1158
46.1333
46.1449
46.1807
46.2958
46.4484
46.4633
46.5749
47.8325
47.8658
47.8721
47.8836
47.8861
47.8939
47.934
47.9407
47.9559
47.9831
48.0101
48.0152
48.0332
48.0404
48.0522
48.0714
48.0748
48.1148
48.1239
48.1403
48.1669
48.1824
48.2293
48.2837
48.3099
48.363
48.3933
48.4309
48.4427
48.4576
48.4667
48.4775
48.5169
48.6167
48.6307
48.6469
48.6597
48.6757
48.6981
48.7253
48.7748
51.8817
51.899
51.9037
51.9132
51.9501
51.9626
51.9841
52.0155
52.0406
52.0617
52.0687
52.101
52.1095
52.1713
52.1886
52.2108
52.2364
52.2423
52.326
52.3549
53.2109
53.7868
53.8101
53.8242
53.8291
53.8423
53.863
53.8677
53.8836
53.9003
53.9048
53.9221
53.9402
53.9697
54.0541
54.0603
54.0828
54.1015
54.1436
54.1615
54.176
54.1867
54.1942
54.2026
54.2832
54.3221
54.3969
54.4045
54.4809
54.5415
54.567
54.5837
54.6611
54.6697
54.6914
54.7075
54.7492
55.567
56.3162
56.7504
57.8255
57.8403
57.8563
57.8594
57.8733
57.9188
57.9355
57.9922
58.0119
58.0291
58.0667
58.0703
58.0918
58.1839
58.23
58.3031
58.3271
58.3833
58.4095
58.5005
58.6062
58.6832
59.7375
59.762
59.7862
59.8063
59.8145
59.8211
59.8351
59.8408
59.846
59.855
59.866
59.8995
59.9303
59.9393
59.9586
59.9716
59.9923
60.0205
60.098
60.1092
60.1276
60.133
60.1431
60.1765
60.2801
60.3006
60.3117
60.368
60.3929
60.44
60.4722
60.4969
60.5191
60.5386
60.5752
60.6006
60.619
60.6444
60.6596
60.6802
60.6979
61.8343
63.7882
63.8109
63.8168
63.8315
63.8367
63.8512
63.869
63.8768
63.8828
63.9064
63.9335
63.9437
63.9774
63.9986
64.0205
64.1358
64.17910000000001
64.1972
64.22799999999999
64.30110000000001
64.3837
64.4025
64.4387
64.4996
64.586
64.6431
64.68380000000001
65.11409999999999
65.7038
65.7321
65.74160000000001
65.75449999999999
65.762
65.77630000000001
65.7811
65.7944
65.8128
65.8359
65.8695
65.9508
65.9629
65.9911
66.02330000000001
66.0354
66.0658
66.0977
66.1795
66.2384
66.2914
66.3014
66.43170000000001
66.5097
66.5177
66.5625
66.59220000000001
66.6524
67.4117
68.1319
68.15730000000001
69.7345
69.7462
69.7522
69.7795
69.8167
69.8272
69.8343
69.9046
69.9255
69.9451
69.98560000000001
70.051
70.08929999999999
70.1219
70.1489
70.1939
70.2073
70.2264
70.2667
70.3326
70.3937
70.4156
70.5528
70.73699999999999
70.8648
70.8792
71.07989999999999
71.2208
71.5805
71.6073
71.6589
71.6658
71.67270000000001
71.6845
71.7084
71.7204
71.7277
71.75409999999999
71.8143
71.8278
71.84180000000001
71.9614
71.983
71.9919
72.00530000000001
72.04689999999999
72.0664
72.0825
72.1555
72.1718
72.2084
72.215
72.3095
72.3364
72.3643
72.4397
72.4872
72.5292
72.5522
72.5654
72.5823
75.6951
75.7195
75.7359
75.73999999999999
75.75579999999999
75.7676
75.77119999999999
75.7863
75.79649999999999
75.8122
75.82299999999999
75.9247
75.95310000000001
75.9862
75.99339999999999
76.00749999999999
76.1036
76.1361
76.1481
76.1729
76.22239999999999
76.2389
76.2642
76.27290000000001
76.2851
76.32259999999999
76.44840000000001
76.4639
76.63330000000001
76.6716
76.7423
76.7804
76.8211
76.8509
76.89790000000001
76.9276
76.9601
77.0586
77.1969
77.2505
77.2817
77.336
77.3532
77.42400000000001
77.4713
77.5076
77.5474
77.5822
77.6478
77.66119999999999
77.6863
77.69889999999999
77.7043
77.72190000000001
77.7478
77.78019999999999
77.8173
77.84820000000001
78.0057
78.04170000000001
78.0668
78.105
78.1837
78.2133
78.2298
78.2525
78.2804
78.2984
78.3229
78.3458
78.3719
78.3939
78.41249999999999
78.4302
78.47
78.47709999999999
78.56870000000001
78.58159999999999
78.6002
79.9177
79.98650000000001
80.1623
80.18819999999999
80.4169
80.6765
81.6583
81.6704
81.681
81.6862
81.7
81.71420000000001
81.7188
81.7325
81.7401
81.7462
81.76260000000001
81.7794
81.84520000000001
81.88630000000001
81.90940000000001
81.9255
81.9302
82.0386
82.0902
82.1144
82.1326
82.13979999999999
82.2461
82.2831
82.3383
82.3852
82.402
82.4255
82.4783
82.5659
82.7103
82.74169999999999
82.7617
82.7736
82.79259999999999
82.83029999999999
82.97880000000001
83.015
83.03319999999999
83.0591
83.1605
83.2364
83.321
83.4139
83.6366
83.7139
83.7268
83.7424
83.78749999999999
83.7984
83.8074
83.8505
83.8766
83.9063
83.9683
83.9898
84.0744
84.1096
84.1515
84.2334
84.27200000000001
84.2854
84.30240000000001
84.3379
84.402
84.426
84.44159999999999
84.4838
84.49379999999999
84.515
85.68170000000001
85.8125
87.6138
87.62479999999999
87.64449999999999
87.6525
87.66070000000001
87.66379999999999
87.6819
87.6863
87.7008
87.7085
87.73609999999999
87.76430000000001
87.779
87.8023
87.82850000000001
87.8871
87.9096
87.94280000000001
88.0391
88.077
88.0975
88.18470000000001
88.29810000000001
88.34910000000001
88.3681
88.3766
88.4572
88.4851
88.51649999999999
88.6161
88.6658
88.7037
88.7201
88.7347
88.8279
88.8463
88.88039999999999
88.9145
88.9391
89.0729
89.0915
89.2475
89.28619999999999
89.2976
89.35469999999999
89.51300000000001
89.5313
89.5701
89.5746
89.60769999999999
89.66
89.714
89.7226
89.753
89.7936
89.8257
89.86539999999999
89.9088
89.93429999999999
90.0498
90.0608
90.1052
90.15900000000001
90.1949
90.21040000000001
90.2692
90.28270000000001
90.2967
90.3147
90.3562
90.3622
90.3772
90.3967
90.4598
90.4862
90.5009
91.74460000000001
91.79519999999999
92.27549999999999
93.58459999999999
93.60120000000001
93.60380000000001
93.6147
93.6284
93.6387
93.68819999999999
93.7303
93.81019999999999
93.8313
93.83669999999999
93.87820000000001
93.9165
93.9293
94.0446
94.105
94.14360000000001
94.1841
94.2445
94.2666
94.2826
94.33280000000001
94.3798
94.39570000000001
94.4149
94.4432
94.4746
94.5009
94.5836
94.74760000000001
94.7747
94.80459999999999
94.867
94.9306
95.002
95.0898
95.1169
95.179
95.2535
95.3004
95.45740000000001
95.4907
95.5247
95.55500000000001
95.5703
95.59220000000001
95.5967
95.63420000000001
95.64230000000001
95.6771
95.6837
95.715
95.7435
95.7589
95.8459
95.9034
95.971
96.05119999999999
96.2974
96.3473
96.47280000000001
99.5241
99.5492
99.5548
99.5856
99.59
99.5966
99.6318
99.6494
99.6895
99.7059
99.7253
99.78870000000001
99.8035
99.9117
99.9331
99.9896
100.0822
100.1313
100.2954
100.3097
100.351
100.3787
100.4295
100.5021
100.5534
100.6097
100.6311
100.686
100.753
100.7598
100.7847
100.8304
100.8449
100.9155
100.9356
100.9573
100.9726
101.17
101.1833
101.2085
101.276
101.3494
101.4343
101.509
101.5303
101.5558
101.5785
101.6284
101.6677
101.7317
101.8102
101.831
101.8552
101.8892
101.921
101.9553
101.962
101.9868
102.0525
102.066
102.106
102.1373
102.2582
102.3579
102.3694
102.384
102.3989
102.4155
102.7453
102.8124
103.3825
105.1315
105.4835
105.4978
105.5155
105.5727
105.6166
105.6412
105.645
105.6641
105.6789
105.7065
105.7412
105.8667
105.9224
105.944
106.0035
106.0694
106.0889
106.1143
106.1953
106.2568
106.2927
106.3757
106.4036
106.4819
106.5267
106.5548
106.6167
106.6754
106.7324
106.7548
106.785
106.9058
106.9888
107.0332
107.0579
107.0801
107.0932
107.2557
107.3127
107.3558
107.4003
107.4071
107.4216
107.4349
107.4411
107.45
107.4622
107.4774
107.4945
107.5088
107.5323
107.542
107.574
107.5901
107.606
107.6362
107.6513
107.6616
107.7477
107.813
107.8428
107.9252
107.9388
108.0433
108.054
108.0646
108.1221
108.1596
108.1785
108.2037
108.2162
108.2746
108.292
108.3142
108.3713
108.8927
108.9067
108.9511
109.551
109.9276
110.1904
110.3182
110.3514
111.4527
111.4659
111.4758
111.4795
111.4903
111.5059
111.5093
111.5239
111.5348
111.5546
111.5686
111.5769
111.5899
111.6205
111.6519
111.6619
111.7635
111.7704
111.7977
111.8315
111.8547
111.8731
111.9021
112.0357
112.0484
112.0619
112.0823
112.1143
112.1674
112.2233
112.3128
112.3263
112.3632
112.4013
112.4778
112.5962
112.675
112.7728
112.8225
113.0415
113.0527
113.0854
113.1154
113.2692
113.3043
113.3519
113.3597
113.3788
113.3939
113.3988
113.4109
113.4196
113.4473
113.4504
113.4632
113.473
113.4904
113.5265
113.5472
113.5982
113.6314
113.6742
113.8356
113.8915
113.9015
113.9164
113.9279
114.0154
114.0533
114.1471
114.2223
114.2312
114.2588
114.7814
114.8192
114.8983
114.9768
115.2537
115.2702
115.2978
115.6438
116.0539
116.185
116.3193
116.6354
117.4189
117.4286
117.4375
117.4524
117.4975
117.504
117.523
117.5705
117.5887
117.5954
117.6255
117.6444
117.6762
117.7165
117.7364
117.7775
117.8316
117.8811
117.9982
118.0088
118.0635
118.1036
118.1839
118.2616
118.3139
118.4997
118.5398
118.5724
118.5907
118.6105
118.7873
118.807
118.8702
119.0367
119.0617
119.0853
119.1074
119.1382
119.1481
119.2546
119.3389
119.3609
119.3668
119.3843
119.4284
119.4438
119.5017
119.5524
119.56
119.603
119.6673
119.6747
119.6904
119.7385
119.7568
119.879
119.9013
119.9456
119.9554
119.9721
119.9816
120.0285
120.1273
120.1674
120.2503
120.2851
120.6785
120.7379
120.7469
120.81
120.8563
121.0324
121.1007
121.1552
121.1762
121.2577
121.2983
121.5129
121.6688
121.7108
121.8018
121.8545
122.022
122.0407
122.1407
123.3683
123.3827
123.3875
123.402
123.4166
123.4231
123.4668
123.473
123.5562
123.5788
123.6065
123.639
123.7141
123.7437
123.7668
123.9177
123.9656
124.0755
124.2836
124.3008
124.433
124.4937
124.5269
124.5602
124.6163
124.6381
124.6816
124.7278
124.7623
124.7861
124.8287
124.8553
125.0614
125.0917
125.114
125.2469
125.2721
125.2774
125.2872
125.2926
125.3013
125.3376
125.4286
125.4362
125.4445
125.4548
125.5006
125.5237
125.5395
125.6814
125.7187
125.7566
125.9365
125.9623
126.0503
126.0966
126.1036
126.1887
126.6966
126.8803
126.9348
126.962
127.117
127.278
127.2981
127.3637
127.5767
127.6882
127.7628
127.7956
127.8467
127.9596
127.9861
128.0047
129.3347
129.3475
129.3782
129.4241
129.4485
129.4575
129.5356
129.5603
129.6062
129.647
129.6572
129.6987
129.7296
129.7895
129.8215
129.9208
129.9885
130.0526
130.2827
130.3373
130.3727
130.4495
130.5598
130.7661
130.7782
130.9359
131.0041
131.1054
131.1945
131.22
131.2822
131.3125
131.3593
131.3754
131.4122
131.4581
131.4739
131.6728
131.7295
131.7716
131.8031
131.8407
131.8679
131.8966
132.1204
132.1291
132.1719
132.1865
132.2032
132.2295
132.6242
132.6555
132.7003
132.76
132.8803
132.9469
133.0983
133.1104
133.1235
133.3255
133.5265
133.5454
133.5674
133.6276
133.663
133.6878
133.7422
133.8331
133.907
133.9258
134.0804
134.128
134.1902
135.2834
135.292
135.2977
135.3235
135.3529
135.3585
135.3725
135.3918
135.4007
135.411
135.5108
135.5513
135.6032
135.6327
135.6658
135.717
135.9227
135.9685
136.163
136.2544
136.263
136.315
136.325
136.3796
136.3958
136.4134
136.4347
136.5178
136.5242
136.5489
136.5928
136.7606
136.7797
136.79
136.8563
137.1732
137.187
137.1947
137.2105
137.2264
137.2679
137.2866
137.311
137.3613
137.3776
137.3858
137.3905
137.4297
137.503
137.5511
137.5889
137.6337
137.6735
137.694
137.7497
137.7803
137.8188
137.8421
137.8655
137.9029
137.9377
138.0444
138.0704
138.0913
138.102
138.1135
138.1339
138.5621
138.6088
138.7498
138.9034
138.9082
138.9578
139.0438
139.1395
139.2488
139.3094
139.46
139.4863
139.5525
139.6321
139.6548
139.6995
139.7223
139.7858
139.9777
141.2472
141.2715
141.2813
141.2973
141.3126
141.3345
141.3508
141.3692
141.4048
141.4516
141.4742
141.5139
141.5298
141.5622
141.5815
141.5993
141.6054
141.7244
141.7354
141.7856
141.8468
141.9089
141.9359
142.0061
142.0847
142.101
142.2537
142.2692
142.3044
142.4899
142.5143
142.5545
142.5759
142.6358
142.6642
142.7226
142.7826
143.0969
143.1978
143.2619
143.2707
143.298
143.3348
143.37
143.3924
143.4548
143.4672
143.4827
143.497
143.5683
143.5842
143.6098
143.6432
143.7238
143.7326
143.7931
143.8654
143.89
143.9274
143.9499
143.9561
143.9904
144.0107
144.0393
144.5444
144.7974
144.8169
144.8551
144.9983
145.0417
145.1004
145.3325
145.4616
145.6077
145.6427
145.767
145.7999
147.1888
147.2098
147.2205
147.2411
147.2489
147.2567
147.277
147.2873
147.3137
147.3328
147.4052
147.4237
147.4468
147.4789
147.4871
147.508
147.5754
147.7504
147.8461
147.9036
148.071
148.0954
148.1011
148.1573
148.2095
148.2415
148.2785
148.3378
148.3606
148.4346
148.4952
148.5267
148.5487
148.5856
148.7466
148.8438
148.8823
148.9124
149.0453
149.0633
149.1359
149.1727
149.1914
149.2639
149.3133
149.328
149.3411
149.4016
149.4536
149.5644
149.5728
149.6093
149.628
149.6942
149.7719
149.8856
149.9012
149.9233
150.0595
150.5583
150.5857
150.6168
150.7303
150.7451
150.9185
150.971
151.2254
151.2665
151.287
151.4556
151.5318
151.5402
151.725
151.7532
151.7767
151.99
152.0535
153.1732
153.1939
153.2119
153.2207
153.2432
153.2471
153.253
153.272
153.2894
153.3423
153.3498
153.3821
153.3962
153.4268
153.4501
153.4736
153.5377
153.5622
153.7295
153.7519
153.8008
153.8354
153.8612
153.8906
153.9797
154.1287
154.1874
154.2202
154.2959
154.3909
154.4345
154.5144
154.6158
154.6373
154.653
154.6704
154.7263
154.8669
154.9026
154.9291
154.9778
154.993
155.0015
155.0142
155.0304
155.0783
155.1047
155.1721
155.1838
155.1974
155.2161
155.2669
155.3655
155.4097
155.4328
155.5073
155.5656
155.5702
155.585
155.6014
155.6342
155.694
155.7366
155.769
155.7893
155.8344
155.9406
155.958
156.039
156.3982
156.4095
156.5445
156.6216
156.8371
156.9504
156.9805
157.0876
157.1587
157.1802
157.195
157.4793
157.5014
157.5367
157.7306
157.7945
157.9518
157.9932
159.1193
159.1426
159.1451
159.1508
159.1944
159.2546
159.2719
159.2946
159.407
159.4231
159.434
159.4849
159.5088
159.5683
159.736
159.7536
159.7809
159.7994
159.8491
159.8722
159.8918
159.9641
159.9766
160.0395
160.117
160.2279
160.2459
160.3477
160.3668
160.5177
160.5804
160.7334
160.7843
160.8467
160.9839
161.0169
161.0232
161.0445
161.1
161.1565
161.1765
161.2205
161.2565
161.2746
161.2861
161.3187
161.3313
161.3926
161.5629
161.6647
161.7068
161.7529
161.7985
161.8245
161.8387
162.4326
162.4969
162.6395
162.681
162.8229
162.8466
162.8975
162.9288
162.95
163.1276
163.1728
163.3535
163.46
163.6755
163.7021
163.8767
165.075
165.0991
165.1091
165.1168
165.1233
165.1392
165.1536
165.1622
165.19
165.2106
165.3085
165.3305
165.3508
165.3989
165.4551
165.5365
165.588
165.6208
165.6621
165.7077
165.7174
165.7475
165.7715
165.8301
165.8704
165.9727
165.9966
166.0188
166.0401
166.1516
166.2398
166.3648
166.4358
166.4775
166.5238
166.5494
166.575
166.6777
166.8029
166.8356
166.972
166.9866
166.9917
167.0119
167.0248
167.0491
167.0715
167.0894
167.1283
167.1344
167.1457
167.237
167.2684
167.2909
167.3605
167.4776
167.498
167.5074
167.5375
167.6413
167.6542
167.6692
167.69
167.7533
167.7648
167.7866
167.7932
167.8904
167.9011
167.9654
168.2568
168.4428
168.6322
168.7027
168.9991
169.0792
169.3022
169.3221
169.3886
169.4182
169.5556
169.5732
169.6538
169.6614
169.6811
169.6974
169.7966
171.0156
171.0314
171.0487
171.0527
171.0597
171.0659
171.079
171.0854
171.1051
171.1207
171.1367
171.1591
171.1694
171.1845
171.2192
171.2993
171.3081
171.4309
171.4438
171.4828
171.5453
171.5625
171.6364
171.6886
171.7038
171.7359
171.8831
172.0357
172.1829
172.2122
172.4727
172.4974
172.5099
172.5232
172.5427
172.6452
172.67
172.6944
172.7372
172.872
172.9254
172.9554
172.9957
173.0082
173.0306
173.0509
173.057
173.0742
173.1115
173.1353
173.1696
173.2097
173.2523
173.2765
173.3023
173.3359
173.3538
173.3939
173.4109
173.5502
173.802
174.2635
174.4591
174.471
174.5875
174.706
174.8879
175.0022
175.0103
175.054
175.3792
175.4096
175.4623
175.5971
175.6067
175.628
175.7745
175.9525
176.9891
177.0044
177.0095
177.0203
177.0346
177.0494
177.0667
177.0722
177.0868
177.1136
177.127
177.1494
177.1862
177.1985
177.2405
177.302
177.3257
177.4697
177.493
177.5825
177.6429
177.9208
177.943
177.9591
178.1326
178.1503
178.1811
178.2225
178.4101
178.4714
178.4944
178.5384
178.6223
178.7206
178.7585
178.8825
178.8959
178.9033
178.9212
178.9568
178.9711
178.9761
178.9904
179.0245
179.1145
179.1205
179.181
179.2493
179.2589
179.3017
179.3293
179.3452
179.4648
179.482
179.5494
179.57
179.5943
179.6135
179.649
179.6956
179.7839
179.8074
179.8194
180.2029
180.4457
180.5143
180.5679
180.6183
180.6897
180.8202
180.9748
181.0542
181.1138
181.2244
181.2437
181.4218
181.7211
182.9526
182.9675
182.9893
182.9934
183.0255
183.0333
183.0687
183.0754
183.0955
183.1128
183.1528
183.1773
183.1908
183.2152
183.2366
183.3168
183.3338
183.3941
183.4709
183.56
183.5884
183.8351
183.8732
183.9428
184.0963
184.1712
184.3606
184.3645
184.3724
184.5206
184.6082
184.8369
184.8479
184.8525
184.8662
184.8867
184.9007
184.9236
184.9583
184.98
184.9874
185.0113
185.0382
185.0475
185.0578
185.0906
185.1005
185.1584
185.2521
185.3112
185.4021
185.4183
185.5652
185.7062
185.7235
185.7355
185.7531
185.7716
186.1904
186.2715
186.3684
186.5165
186.5346
186.598
186.7214
186.7958
187.0504
187.0634
187.2324
187.2606
187.3625
187.3853
187.5517
187.6015
187.6492
187.6626
187.7093
187.7448
188.915
188.9392
188.9441
188.9891
189.0231
189.0339
189.0673
189.0917
189.1963
189.2122
189.2694
189.2909
189.3115
189.3603
189.4292
189.5546
189.6039
189.6972
189.8362
189.8908
189.8981
189.9445
189.9561
190.1127
190.1313
190.15
190.1678
190.42
190.4656
190.4779
190.5876
190.7598
190.7948
190.8473
190.8806
190.9652
190.9714
190.9896
191.0241
191.2225
191.4171
191.4875
191.7138
191.7299
192.1116
192.3393
192.6328
192.9178
192.9499
193.0302
193.1304
193.2438
193.2787
193.4353
193.6938
194.8844
194.9207
194.9374
194.9511
194.9913
195.0276
195.0365
195.0956
195.1687
195.3566
195.395
195.4438
195.4623
195.4844
195.5029
195.6153
195.6355
195.698
195.7238
195.8849
195.9129
195.9747
196.0228
196.0789
196.3713
196.576
196.6021
196.6479
196.7009
196.7523
196.8005
196.8101
196.824
196.8421
196.8559
196.8625
196.8917
196.9369
196.9513
196.9616
196.9797
196.9871
197.0007
197.0123
197.0304
197.0832
197.1588
197.2545
197.269
197.311
197.4778
197.5015
197.5772
197.6041
197.6558
197.752
198.3078
198.3317
198.5254
198.5785
198.604
198.6399
198.8181
198.8263
198.9182
198.9968
199.1343
199.1583
199.2198
199.2281
199.4315
199.4841
199.5161
199.5607
200.809
200.8221
200.8332
200.8383
200.8543
200.8632
200.8717
200.8998
200.9078
200.9416
200.998
201.0773
201.082
201.1188
201.2722
201.3005
201.3228
201.3428
201.6116
201.6245
201.6637
201.6786
201.764
201.8854
201.9347
201.9792
202.0249
202.2144
202.2421
202.3581
202.474
202.5778
202.6893
202.7092
202.7261
202.7363
202.7562
202.7749
202.818
202.8318
202.8404
202.9488
203.0667
203.1137
203.1393
203.1735
203.2947
203.3156
203.3327
203.3673
203.3968
203.4338
203.4434
203.4641
203.5093
203.6251
203.9027
204.0366
204.2241
204.3535
204.5088
204.5698
204.7196
204.7993
204.8787
205.0991
205.1444
205.1789
205.2888
205.653
205.7579
206.772
206.7848
206.8002
206.8127
206.8174
206.8336
206.8484
206.8549
206.8599
206.8694
206.8852
206.9479
206.9534
207.1079
207.127
207.1625
207.1871
207.2066
207.228
207.3195
207.3595
207.3707
207.393
207.4453
207.5653
207.5775
207.6855
207.7261
207.9091
208.0151
208.0256
208.0992
208.1633
208.2512
208.3007
208.3609
208.6026
208.6581
208.6902
208.718
208.7572
208.7701
208.7839
208.8777
209.0888
209.1242
209.1892
209.2092
209.2153
209.2314
209.3667
209.4189
209.6043
209.628
210.0293
210.2551
210.4873
210.5463
210.5986
210.6309
210.643
210.6756
210.8598
210.9077
210.9698
211.0628
211.1456
211.1605
211.1891
211.3393
211.5647
211.5839
212.3075
212.7219
212.7369
212.7455
212.7587
212.7706
212.7741
212.8148
212.8219
212.8489
212.8596
212.8711
212.9266
213.0198
213.0372
213.0751
213.1325
213.2321
213.2738
213.3821
213.4253
213.4624
213.5395
213.574
213.6
213.7531
213.7769
213.8016
213.9366
213.9698
213.9846
214.1058
214.1135
214.1388
214.3232
214.3536
214.4061
214.4671
214.6266
214.648
214.6611
214.6859
214.7168
214.7233
214.7487
214.8267
214.9068
214.9181
215.0061
215.0269
215.0419
215.0844
215.1963
215.2518
215.2761
215.3083
215.3329
215.3714
215.3834
215.4251
215.4538
215.4663
215.5119
215.5388
215.5672
215.9701
216.2037
216.2384
216.4066
216.4467
216.4559
216.7189
216.8422
216.9161
216.9555
217.0646
217.2281
217.2586
217.4531
217.4637
218.6763
218.7056
218.7365
218.7536
218.7657
218.7735
218.7885
218.8107
218.8243
218.834
218.8871
218.9096
218.9447
219.0301
219.1257
219.1306
219.1769
219.2076
219.2495
219.3008
219.3352
219.368
219.379
219.4064
219.4457
219.51
219.6731
219.7119
219.7497
219.7893
219.837
219.8695
220.0748
220.2567
220.5535
220.5707
220.5829
220.6082
220.6263
220.6504
220.6762
220.7058
220.7097
220.7654
220.8068
220.8335
220.8707
220.9019
220.9834
221.009
221.055
221.0927
221.1306
221.1375
221.1535
221.2174
221.2619
221.2759
221.3045
221.515
221.5744
221.958
222.0334
222.1871
222.2148
222.2477
222.3835
222.4601
222.4822
222.6663
222.7045
222.7498
222.8039
222.848
222.9298
222.9855
222.9975
223.0814
223.2583
223.2826
223.3115
223.3457
223.4568
223.5039
224.634
224.6474
224.6577
224.6735
224.6769
224.6947
224.7372
224.7405
224.761
224.7736
224.7864
224.8763
224.9856
225.0257
225.1135
225.2
225.2171
225.2974
225.3447
225.3995
225.5862
225.6071
225.755
225.8189
225.8467
225.9044
226.1135
226.3632
226.3874
226.4674
226.4964
226.5469
226.5566
226.5666
226.5793
226.6867
226.7198
226.7536
226.8003
226.8515
226.8717
227.0013
227.0332
227.0664
227.0728
227.0864
227.1006
227.1394
227.1802
227.256
227.2709
227.3013
227.366
227.4471
227.5019
227.5308
227.878
227.8941
227.8991
228.247
228.3084
228.4992
228.585
228.8372
228.8539
228.8801
228.9026
228.9173
229.0232
229.048
229.0636
229.0826
229.1905
229.2069
229.2299
229.3265
229.3501
229.3715
229.444
229.481
230.6168
230.6314
230.6505
230.6651
230.6854
230.7016
230.7244
230.7778
230.7901
230.8314
230.8682
230.8885
230.9235
231.0534
231.1927
231.3133
231.3357
231.3647
231.4126
231.4915
231.5657
231.6121
231.6571
231.7153
231.7833
231.8416
231.9
231.9794
231.9893
232.2071
232.2646
232.2853
232.319
232.3355
232.3762
232.4091
232.4388
232.5051
232.5671
232.5764
232.5887
232.5942
232.6761
232.696
232.715
232.8702
232.8993
232.9257
233.0308
233.1333
233.1514
233.2135
233.2267
233.2545
233.2926
233.3237
233.3779
233.4195
233.4358
233.4935
233.7979
233.8331
234.1104
234.1329
234.2324
234.4419
234.4619
234.7809
234.7972
234.8123
234.8624
234.921
234.9753
235.1536
235.3983
235.4327
236.5362
236.565
236.573
236.5862
236.6144
236.6219
236.6478
236.7148
236.7281
236.7481
236.7888
236.8355
236.9039
237.2689
237.2815
237.3675
237.4026
237.4148
237.4592
237.6117
237.6495
237.7283
237.8646
237.9459
238.0679
238.1455
238.1808
238.3125
238.3505
238.4636
238.4743
238.5173
238.5225
238.6426
238.6741
238.7129
238.7513
238.796
238.8169
238.8286
238.8841
238.9924
239.026
239.0353
239.0564
239.0808
239.0938
239.1438
239.1899
239.2363
239.2552
239.2613
239.3529
239.3917
239.416
239.8295
239.8554
239.9452
240.1166
240.1539
240.2588
240.2987
240.4363
240.4681
240.6653
240.7292
241.2106
241.3865
241.4079
242.5205
242.5349
242.5538
242.572
242.5776
242.5871
242.6031
242.6236
242.6398
242.6575
242.6899
242.7328
242.7436
242.7755
242.7882
242.9165
242.9244
242.9489
243.1516
243.1747
243.2115
243.2173
243.265
243.3512
243.3557
243.3824
243.474
243.5654
243.6017
243.6658
243.7998
243.8221
243.8497
243.9196
243.9319
244.0379
244.0466
244.0637
244.1131
244.197
244.3382
244.352
244.3888
244.4325
244.4555
244.4615
244.4805
244.486
244.518
244.5357
244.5904
244.6271
244.7379
244.7597
244.8245
244.8362
244.8491
244.8697
244.896
244.9596
245.0046
245.035
245.0517
245.0629
245.0751
245.0823
245.2955
245.3146
245.3228
245.3773
245.7607
245.9191
246.0492
246.079
246.2806
246.3618
246.6277
246.646
246.6654
246.6739
246.8106
246.9047
246.9911
247.0793
247.2348
247.3395
247.6061
248.4578
248.4771
248.4971
248.529
248.5664
248.5777
248.5906
248.5988
248.6528
248.6901
248.7185
248.7342
248.7485
248.7972
248.8223
248.8544
248.933
248.9623
248.9836
249.0005
249.3175
249.3916
249.4148
249.4813
249.5213
249.6372
249.6726
249.6935
249.7091
249.7437
249.7731
249.8443
250.0259
250.0858
250.1437
250.2032
250.224
250.2731
250.3487
250.3797
250.3941
250.4114
250.4297
250.4367
250.4643
250.4961
250.5047
250.6683
250.7025
250.7396
250.7988
250.8857
250.9087
250.9282
251.1648
251.208
251.3018
251.6399
251.7539
251.7771
251.8831
251.9346
251.9735
251.9897
252.1574
252.2087
252.2328
252.3027
252.4544
252.5044
252.5338
252.6384
252.9509
253.0233
253.1556
253.2083
253.2256
254.4221
254.4417
254.4649
254.4684
254.4811
254.4859
254.5003
254.5128
254.5255
254.5392
254.5934
254.615
254.6355
254.6704
254.7984
254.8652
254.8872
254.9764
255.1012
255.3324
255.4592
255.4975
255.5607
255.6391
255.6504
255.6817
255.8575
255.9007
255.976
256.0615
256.1422
256.1648
256.2095
256.3475
256.3585
256.3963
256.4024
256.4277
256.5004
256.5351
256.5541
256.6051
256.6199
256.6453
256.7048
256.7175
256.7392
256.854
256.8722
256.9297
256.9769
257.1513
257.2231
257.2852
257.3013
258.2554
258.5078
258.658
258.8123
258.8684
258.9003
259.2288
260.3851
260.4039
260.4084
260.4384
260.4484
260.4648
260.4782
260.4806
260.512
260.5339
260.5931
260.6039
260.6141
260.6766
260.694
260.7496
260.7982
260.8655
260.8799
261.0475
261.1537
261.1821
261.3368
261.3648
261.4071
261.4507
261.633
261.7192
261.7424
261.9047
261.9358
262.1136
262.1237
262.1447
262.1616
262.1954
262.2775
262.2833
262.3036
262.328
262.3705
262.4061
262.4119
262.4371
262.4834
262.4996
262.5643
262.5965
262.6402
262.6576
262.7405
262.7791
262.8011
262.8147
262.8708
262.8834
262.8911
262.9287
262.9531
262.9704
262.9794
263.014
263.0735
263.1019
263.1323
263.1902
263.2757
263.6678
263.6827
263.6921
263.8565
264.0493
264.0573
264.2618
264.284
264.309
264.4915
264.679
264.7645
264.9462
265.0392
265.0721
265.0902
265.3498
266.3392
266.3549
266.362
266.3743
266.3823
266.3891
266.3953
266.4031
266.4216
266.4612
266.4749
266.4832
266.5029
266.5231
266.5644
266.5867
266.631
266.6455
266.705
266.7492
266.8009
266.8596
266.9064
266.9662
267.0029
267.0247
267.1754
267.1929
267.2176
267.234
267.3442
267.3816
267.4059
267.6063
267.6285
267.8012
267.8317
267.8999
268.1205
268.156
268.185
268.2015
268.2423
268.2534
268.2892
268.3032
268.362
268.421
268.4852
268.5103
268.6076
268.681
268.7088
268.7337
268.752
268.7643
268.8545
268.9115
268.9714
269.0282
269.1089
269.1768
269.1965
269.2205
269.6063
269.7437
269.7564
269.807
270.1216
270.1628
270.2707
270.3323
270.5209
270.7631
270.7883
270.8156
270.876
270.9036
271.0202
271.0411
271.199
272.2945
272.3074
272.3252
272.3671
272.377
272.3834
272.4131
272.4248
272.443
272.4631
272.5184
272.5441
272.5584
272.5975
272.6201
272.635
272.6609
272.6787
272.7406
272.7772
272.9512
272.9632
272.9749
273.0449
273.1481
273.2081
273.3441
273.3806
273.6069
273.646
273.6963
273.7362
273.7821
273.8422
273.9759
273.9897
274.012
274.033
274.2154
274.223
274.2389
274.2612
274.2946
274.2982
274.3132
274.3594
274.3646
274.4137
274.4649
274.5271
274.5472
274.5713
274.6622
274.7161
274.7285
274.7679
274.7814
274.8126
274.8611
274.986
275.0169
275.0412
275.1053
275.1949
275.2215
275.5812
275.5975
275.8024
275.8254
275.8381
275.9454
275.9544
275.979
276.1469
276.1742
276.4814
276.5181
276.5747
276.6103
276.7269
276.7548
276.8714
276.9883
277.0286
278.2714
278.2821
278.2987
278.309
278.3122
278.3243
278.3481
278.3583
278.3905
278.4287
278.4411
278.5367
278.6781
278.6917
278.7027
278.7178
278.768
278.7834
278.8467
278.8539
278.8941
278.9384
278.9823
279.0022
279.0671
279.1157
279.1454
279.3023
279.3384
279.3444
279.5434
279.5502
279.698
279.7484
279.7783
279.7905
279.9366
280.0191
280.086
280.1774
280.1907
280.2179
280.2208
280.271
280.297
280.3207
280.327
280.3438
280.4026
280.439
280.4721
280.5248
280.5584
280.5759
280.6524
280.6734
280.685
280.7007
280.7275
280.8234
280.8332
280.8857
280.9829
281.0843
281.4594
281.7138
281.7272
281.8341
281.8807
281.9986
282.1677
282.197
282.2169
282.3499
282.3579
282.427
282.6166
282.7177
282.8794
282.9081
282.9322
283.0169
283.1003
284.2256
284.2338
284.2405
284.2593
284.2642
284.2744
284.299
284.3084
284.319
284.3408
284.3683
284.4103
284.4496
284.5069
284.5668
284.5918
284.6094
284.6389
284.6626
284.7093
284.7283
284.7463
284.8015
284.8104
284.8267
284.9768
284.9943
285.0181
285.0557
285.1919
285.3343
285.3919
285.6879
285.7554
285.8068
285.8629
285.9543
286.0097
286.0405
286.0751
286.1073
286.1187
286.186
286.1949
286.2258
286.2395
286.2753
286.2859
286.3455
286.349
286.3817
286.4017
286.4875
286.5612
286.5752
286.5844
286.6116
286.6852
286.744
286.7969
286.8056
286.8303
286.8505
286.86
286.903
286.9803
287.1063
287.4137
287.4454
287.4574
287.5255
287.7146
287.8011
287.8348
287.9512
288.1512
288.1932
288.3324
288.3573
288.3915
288.4051
288.5361
288.5907
288.6508
288.7137
288.8045
288.8814
289.076
289.0895
290.1805
290.1944
290.2121
290.2284
290.2421
290.2491
290.2546
290.269
290.2833
290.3322
290.3469
290.4057
290.4485
290.4759
290.522
290.5602
290.5695
290.7088
290.8694
291.1286
291.1509
291.1629
291.2818
291.3622
291.3775
291.4847
291.5203
291.6043
291.6728
291.7024
291.888
291.9295
292.0073
292.0284
292.0756
292.0922
292.0992
292.1151
292.1195
292.1655
292.1787
292.2244
292.2664
292.2826
292.3083
292.4014
292.4806
292.613
292.6202
292.6747
292.758
292.7663
292.8014
292.8642
292.9193
292.9533
292.9723
293.0031
293.0459
293.5375
293.5702
293.5919
293.7851
293.8627
293.946
294.0109
294.027
294.1255
294.1626
294.3792
294.3877
294.4107
294.8739
294.8855
294.9385
296.1314
296.1524
296.166
296.1902
296.2059
296.2342
296.2461
296.2504
296.2729
296.2877
296.4076
296.4803
296.5871
296.7017
296.731
296.7769
296.7913
296.8117
296.9558
296.9619
296.9911
297.0207
297.1724
297.1876
297.2079
297.3386
297.3687
297.4154
297.6253
297.6483
297.818
297.8593
298.0299
298.0351
298.056
298.0753
298.1076
298.2672
298.3047
298.3742
298.4161
298.489
298.6246
298.6484
298.6594
298.6888
298.7283
298.7649
298.7951
298.8109
298.8763
298.8856
299.0218
299.608
299.6618
299.7052
299.7099
299.7262
299.9951
300.1959
300.2117
300.3067
300.3291
300.4983
300.5692
300.7904
301.009
302.093
302.1145
302.1181
302.1323
302.1359
302.1484
302.1742
302.2034
302.2784
302.3378
302.5068
302.7096
302.7763
302.865
302.9564
303.0075
303.3103
303.3853
303.4297
303.5023
303.5406
303.6413
303.6906
303.7309
303.7585
303.8508
303.865
303.8803
304
304.0136
304.0309
304.0445
304.312
304.4105
304.4271
304.5158
304.636
304.6671
305.3766
305.3996
305.5002
305.5759
305.675
305.8945
305.9335
305.9977
306.1841
306.2662
306.2873
306.3214
306.4096
306.7239
306.7681
306.7953
307.4412
308.0401
308.0524
308.075
308.0847
308.1114
308.1369
308.1763
308.1814
308.2075
308.2353
308.2775
308.3359
308.4567
308.4757
308.4967
308.6178
308.6861
308.7072
308.7889
308.9903
309.0109
309.0509
309.1128
309.2809
309.2977
309.3306
309.7267
309.7597
309.8593
309.9164
309.9618
310.03
310.0583
310.0713
310.1019
310.1513
310.1879
310.2367
310.2573
310.368
310.4433
310.5133
310.7934
310.8172
310.8247
310.8508
310.8904
310.9007
311.3501
311.6728
311.8369
311.9256
312.0233
312.071
312.0878
312.1592
312.6795
312.8395
312.8845
312.9938
314.0109
314.0386
314.0522
314.063
314.0698
314.1128
314.1243
314.1665
314.3266
314.416
314.5277
314.6304
314.8579
314.9918
315.1973
315.2426
315.3779
315.5539
315.9302
315.9722
315.9875
316.0056
316.149
316.1591
316.5049
316.5703
316.5815
316.6473
316.6638
317.1149
317.3971
317.4737
317.5223
317.6208
317.7262
317.7444
317.852
318.273
318.4089
318.6187
318.6945
319.9436
319.982
319.9929
320.0208
320.0318
320.0477
320.1289
320.1621
320.2367
320.2699
320.4518
320.4837
320.5085
320.528
320.7171
320.8692
320.9005
320.916
321.0248
321.0402
321.1067
321.2814
321.3761
321.499
321.6647
321.8535
321.8688
321.8891
321.9258
322.0184
322.0637
322.1146
322.1714
322.2008
322.3593
322.4464
322.4661
322.529
322.5392
322.5929
322.7939
322.8224
323.1761
323.3221
323.4719
323.8947
324.012
324.2906
324.5258
324.5458
324.7558
325.053
325.914
325.9325
325.9464
325.95
325.9591
325.971
325.9814
326.0026
326.0214
326.0374
326.0608
326.0948
326.1503
326.1874
326.2083
326.2688
326.4069
326.4737
326.5202
326.5525
326.6297
327.0002
327.238
327.3996
327.4764
327.5632
327.6569
327.6848
327.7607
327.809
327.9416
327.9566
328.0296
328.0534
328.4613
328.5165
328.675
328.7246
329.2335
329.3069
329.8241
330.0779
330.1182
330.1934
330.4505
330.6097
330.6916
331.9004
331.9105
331.9298
331.9373
331.9744
331.979
331.9977
332.0282
332.0509
332.0596
332.0737
332.0956
332.1142
332.1546
332.2413
332.2954
332.3352
332.4771
332.5379
332.6672
332.7496
332.7862
332.8624
332.977
333.0067
333.0931
333.382
333.5151
333.6626
333.6863
333.8682
333.9185
333.958
334.024
334.1031
334.206
334.2567
334.3811
334.5323
334.7454
334.7584
334.7701
335.5977
335.6853
335.7338
335.8759
336.0349
336.1196
336.6069
337.8408
337.8583
337.8632
337.8864
337.9039
337.9179
337.9234
337.951
337.9658
337.9941
338.1296
338.1913
338.2148
338.3053
338.3362
338.3464
338.3729
338.4276
338.4857
338.4924
338.5176
338.5519
338.5874
338.81
338.8423
338.8649
338.9624
339.1471
339.2531
339.3316
339.4182
339.4641
339.8237
339.894
339.9561
339.9914
340.0905
340.1759
340.2116
340.2467
340.3885
340.591
340.6248
340.6985
341.3933
341.5938
341.6758
341.7506
341.9964
342.0387
342.2206
342.3181
342.3465
342.4361
342.5615
342.5792
342.7711
343.7844
343.8116
343.8289
343.848
343.8712
343.9443
343.9573
344.1438
344.1935
344.2432
344.2767
344.5366
344.8022
344.8269
344.8438
344.8998
345.1169
345.1931
345.6056
345.6429
345.7027
345.7135
345.7272
345.7589
345.8349
345.8495
345.8661
345.9251
345.9677
346.185
346.2579
346.4241
347.1701
347.2775
347.396
347.4885
347.5475
347.6748
347.7931
347.8356
347.9793
348.0132
348.1815
348.3906
349.7578
349.7708
349.7901
349.888
349.912
349.9509
349.9686
350.02
350.0751
350.2103
350.2346
350.3013
350.4545
350.6271
350.6984
350.7124
351.2398
351.4668
351.6123
351.6585
351.6954
351.7296
351.7343
351.815
352.2196
352.2999
352.3818
352.416
352.4375
352.4781
352.5852
352.927
353.5602
353.5776
353.8744
353.8941
354.1622
354.1893
354.2752
354.3831
354.5765
354.5898
355.7002
355.7151
355.7628
355.7689
355.7972
355.8444
355.9214
356.0212
356.0993
356.1406
356.2251
356.3019
356.3262
356.3969
356.4624
356.5001
356.5464
356.6562
356.7383
356.7758
356.7851
357.064
357.241
357.3248
357.3429
357.6163
357.6203
357.6353
357.6715
357.7107
357.7353
357.7953
357.929
357.9379
358.0138
358.0438
358.2488
359.0595
359.0941
359.1165
359.3241
359.4766
359.4972
359.5305
359.6009
359.8706
359.8992
360.1316
360.2405
360.2812
360.4712
361.681
361.6859
361.7234
361.7454
361.8143
361.8281
361.9207
362.1127
362.3078
362.3826
362.4486
362.4623
362.5293
362.6953
362.9928
363.1019
363.2298
363.3725
363.4264
363.4983
363.5325
363.5739
363.6208
363.6651
363.7206
363.7911
363.8068
363.9774
364.5454
364.5655
365.1329
365.1583
365.8837
366.1316
366.1897
366.4596
367.6412
367.67
367.6771
367.688
367.6955
367.7239
367.7416
367.7536
367.7753
367.8407
367.8545
367.9653
368.2089
368.2305
368.4432
368.5198
368.9174
368.9678
368.9913
369.2029
369.2329
369.2624
369.2935
369.4621
369.4893
369.633
369.6492
369.7325
369.7809
369.8632
370.0037
370.1799
370.3706
370.4523
370.4824
371.2928
371.32
371.3869
371.5429
371.5645
371.695
371.7777
372.1169
372.1824
372.2996
372.4
372.4243
372.482
372.5131
373.5784
373.591
373.5991
373.6087
373.6284
373.6324
373.6448
373.664
373.6883
373.726
373.7776
373.807
373.8855
373.9284
373.9452
374.0081
374.0512
374.0602
374.1119
374.3261
374.4758
374.5006
374.5729
374.8665
374.9484
375.1938
375.2274
375.4613
375.4838
375.506
375.5609
375.6011
375.7432
375.7932
375.8115
375.8419
375.9605
376.0249
376.046
376.1595
376.1956
376.2621
377.0224
377.1767
377.3412
377.3853
377.6762
377.9254
378.1326
378.2012
378.342
378.4112
379.5507
379.5721
379.6004
379.6036
379.6177
379.6592
379.7958
379.8164
379.8406
379.8533
379.9571
380.1651
380.2421
380.4909
380.5265
380.5557
380.6802
380.7493
380.8749
381.1142
381.1681
381.3417
381.396
381.4465
381.4577
381.4989
381.5032
381.6081
381.6447
381.6654
381.7527
382.0911
382.112
382.1518
382.1855
382.3152
382.3299
382.8602
382.9013
383.2477
383.4851
383.4965
383.5161
383.8757
383.9106
384.0423
384.1166
384.1468
384.2946
384.3425
385.4961
385.5276
385.5393
385.5599
385.5858
385.6102
385.6339
385.6549
385.7753
385.8586
385.9321
386.1072
386.1621
386.2724
386.3447
386.516
386.6856
386.7153
386.7602
387.0716
387.0861
387.104
387.1235
387.2441
387.3207
387.3488
387.419
387.4908
387.5599
387.615
387.7157
388.0178
388.061
388.1589
388.3514
388.7354
388.7943
389.0034
389.0913
389.2836
389.51
389.5213
389.5634
389.8343
389.8646
389.8916
390.1073
390.4535
391.4463
391.4611
391.4698
391.5096
391.5163
391.5352
391.5651
391.6757
391.7105
391.8059
391.8976
391.9902
392.2333
392.2518
392.3582
392.3763
392.461
392.4702
392.6773
392.7495
392.7829
392.893
393.0366
393.0732
393.1721
393.2229
393.2863
393.298
393.3684
393.4053
393.4178
393.463
393.5267
393.5483
393.5947
393.6469
393.6541
393.8306
393.8579
393.876
394.1527
394.2555
394.2646
394.621
394.7644
395.0286
395.1156
395.1284
395.423
395.4413
395.4612
395.5006
395.5363
395.6431
395.7507
395.8528
395.8651
395.8967
396.2608
397.4104
397.4211
397.4322
397.4614
397.6477
397.6885
397.8666
397.9018
398.0743
398.1264
398.2866
398.3009
398.3581
398.4777
398.5777
398.7161
398.8706
398.9239
398.9314
399.1353
399.2891
399.3194
399.3571
399.3656
399.3893
399.4251
399.5572
399.7353
399.7489
399.8291
399.8539
399.8863
400.0465
400.1278
400.2053
400.2344
400.8466
400.8694
400.8889
400.9353
401.0707
401.1775
401.2206
401.3657
401.4175
401.6008
401.7133
401.7767
401.8028
402.0557
403.3772
403.4084
403.4386
403.4801
403.5523
403.5797
403.6592
403.8117
403.8703
403.8915
404.0527
404.0967
404.6478
404.7093
404.714
404.8724
404.9668
405.0134
405.0509
405.1675
405.2237
405.2828
405.354
405.3872
405.4058
405.4132
405.8452
405.9479
406.586
406.6067
406.9065
407.1243
407.3016
407.374
407.3972
407.6146
407.6388
407.798
407.857
407.9362
407.9528
407.9703
408.1021
408.2021
409.3301
409.3629
409.409
409.4313
409.5427
409.5856
409.5924
409.8332
409.8736
409.9278
409.9497
410.1317
410.1447
410.2344
410.4029
410.6223
410.6455
410.6743
410.8713
410.9835
411.2161
411.2873
411.3028
411.3541
411.4021
411.4211
411.4318
411.4945
411.6532
411.7642
411.8053
411.863
412.0649
412.6094
412.6323
412.8527
412.8923
412.9782
413.3567
413.5068
413.5643
413.7599
413.7943
414.1854
415.274
415.2933
415.302
415.3087
415.3127
415.3368
415.3511
415.3897
415.4705
415.5839
415.6228
415.9504
415.9752
415.9878
416.035
416.0585
416.0793
416.1303
416.1906
416.2646
416.351
416.3806
416.54
416.5511
416.5801
416.6054
416.6996
416.7629
416.7993
416.8254
417.0522
417.1914
417.207
417.2187
417.361
417.3729
417.5263
417.5691
418.0281
418.0504
418.6418
418.6683
418.675
418.6994
418.8928
418.8981
419.139
419.1961
419.2973
419.4529
419.4751
419.4957
419.5959
