0.1
0.1097
0.2224
0.2462
0.3584
0.3826
0.4213
0.4346
0.4552
0.6356000000000001
0.6509
0.6686
0.7511
1.0567
1.1078
1.1457
1.1801
1.2525
1.2726
1.4196
1.5415
1.6477
1.6659
1.7075
1.7562
1.8631
1.8741
1.8822
1.9058
1.9211
1.9639
2.0503
2.1999
2.2301
2.2448
2.336
2.3645
2.38
2.4663
2.4953
2.5285
2.6068
2.6502
2.6673
2.6965
2.8525
2.8682
2.8957
2.9314
2.9439
2.9585
2.9877
3.0801
3.1228
3.1612
3.2729
3.2833
3.4373
3.4737
3.4813
3.4978
3.5092
3.5455
3.7485
3.7632
3.7846
3.8315
3.8498
3.8991
3.9288
3.9612
4.0014
4.0549
4.1049
4.1295
4.3414
4.3579
4.3746
4.5142
4.5297
4.5764
4.5919
4.6026
4.6315
4.6462
4.8595
4.9322
5.0278
5.0722
5.0993
5.158
5.189
5.2719
5.3109
5.5158
5.5593
5.6127
5.644
5.8548
5.875
5.8983
5.9277
5.9403
5.9807
6.0087
6.1785
6.2023
6.2121
6.221
6.4321
6.444
6.4961
6.7977
6.8211
6.8468
7.0858
7.2386
7.3093
7.3524
7.5021
7.5416
7.689
7.7192
7.9077
7.9402
8.0052
8.085900000000001
8.131399999999999
8.287000000000001
8.327299999999999
8.334300000000001
8.359
8.384
8.4108
8.427
8.470700000000001
8.4863
8.4956
8.5068
8.708
8.7499
8.774699999999999
8.7921
8.873900000000001
8.954599999999999
8.9694
8.99
9.039300000000001
9.0778
9.087199999999999
9.133599999999999
9.1496
9.1812
9.204800000000001
9.2431
9.2643
9.305999999999999
9.308
9.3713
9.5154
9.536799999999999
9.5587
9.5901
9.732100000000001
9.743600000000001
9.773199999999999
9.789999999999999
9.8049
9.900499999999999
9.9268
9.9658
10.1452
10.3008
10.3223
10.3566
10.391
10.4017
10.4497
10.6912
10.726
10.7377
10.7664
10.9927
10.9964
11.0293
11.0597
11.11
11.1195
11.1899
11.1945
11.2075
11.3703
11.5965
11.6083
12.0389
12.0826
12.0904
12.0952
12.0981
12.1066
12.1184
12.1197
12.1402
12.1458
12.1622
12.1645
12.1776
12.2072
12.2292
12.2409
12.2876
12.2998
12.312
12.3451
12.3714
12.3767
12.4101
12.4289
12.4537
12.4748
12.5193
12.5403
12.5576
12.5769
12.5966
12.6106
12.6689
12.6817
12.6988
12.7172
12.7438
12.7521
12.7866
12.8406
12.8688
12.9019
12.9386
12.95
12.9647
12.9734
12.9977
13.0433
13.0491
13.1003
13.2009
13.2165
13.2807
13.4735
13.5882
13.6638
13.7637
14.1043
14.1333
14.3613
14.3833
14.388
14.4283
15.12
15.1581
15.1787
15.2295
15.5581
15.5988
15.6422
15.9072
15.9311
16.017
16.069
16.0721
16.0791
16.0847
16.0962
16.1087
16.1265
16.1399
16.1447
16.1575
16.1729
16.1893
16.1952
16.1991
16.2155
16.2613
16.265
16.2828
16.2894
16.2987
16.363
16.3738
16.4023
16.4162
16.4243
16.4845
16.5091
16.5205
16.5609
16.5714
16.6088
16.6329
16.6404
16.6455
16.6641
16.6926
16.7366
16.7776
16.7977
16.8244
16.9216
16.9513
16.964
17.0864
17.1178
17.1409
17.2571
17.292
17.6119
17.7779
17.9884
18.0052
18.0218
18.0367
18.042
18.0514
18.059
18.0779
18.0828
18.0981
18.1077
18.1171
18.1217
18.1369
18.1468
18.1523
18.1802
18.2258
18.2288
18.2532
18.2699
18.2841
18.3057
18.3238
18.3728
18.3893
18.4014
18.4356
18.4583
18.4829
18.5354
18.5611
18.5661
18.5818
18.596
18.6169
18.6496
18.657
18.7227
18.7416
18.7634
18.7679
18.7835
18.7961
18.8029
18.8208
18.829
18.8466
18.8583
18.8715
18.8877
18.9049
18.9776
18.987
19.0038
19.112
19.2937
19.7455
19.8174
19.8213
19.8642
20.0041
20.022
20.1183
20.1514
20.3504
20.3843
20.3941
20.4164
20.6077
20.6374
20.7018
20.7149
21.0132
21.1015
21.136
21.1639
21.2052
21.2461
21.3553
21.5415
21.579
21.6144
21.7402
21.8881
21.9412
22.0385
22.0397
22.0449
22.0561
22.0716
22.1008
22.1055
22.1254
22.1324
22.1476
22.1618
22.1985
22.2319
22.2599
22.2652
22.2764
22.3094
22.3398
22.3446
22.405
22.4209
22.4392
22.4587
22.4725
22.4913
22.534
22.567
22.5868
22.6033
22.6162
22.6386
22.6612
22.6704
22.7165
22.7229
22.8172
23.0288
23.0463
23.0898
23.1339
23.195
23.3638
23.4011
23.4725
23.701
23.7267
23.7541
23.7659
23.784
23.8827
24.0003
24.0109
24.0231
24.0366
24.0526
24.065
24.0724
24.076
24.0915
24.0959
24.1141
24.1239
24.1278
24.1378
24.1508
24.1801
24.1912
24.2082
24.2114
24.2173
24.2465
24.267
24.2768
24.2786
24.2878
24.3047
24.3167
24.3268
24.3279
24.3511
24.3717
24.3867
24.4103
24.4226
24.433
24.4565
24.469
24.5042
24.5272
24.5416
24.5915
24.6246
24.6486
24.6616
24.6826
24.701
24.7307
24.7399
24.7685
24.7874
24.7962
24.8019
24.8126
24.8684
24.885
24.8979
24.9108
24.9617
25.006
25.4041
25.4769
25.6243
25.6503
25.6715
25.6934
25.713
25.7273
26.071
26.2731
26.2894
26.355
26.4785
26.6734
26.7344
26.9101
26.9652
27.0899
27.1176
27.2057
27.2138
27.3091
27.5017
27.5379
27.6629
27.7211
27.9282
27.9516
27.9885
27.993
27.998
28.0166
28.0322
28.0519
28.0598
28.0646
28.077
28.0936
28.1022
28.128
28.1588
28.1745
28.1828
28.2088
28.2382
28.274
28.2973
28.3094
28.3153
28.3207
28.3528
28.3708
28.4033
28.4543
28.4746
28.4907
28.5235
28.5309
28.5815
28.612
28.7217
28.7418
28.7649
28.8871
28.9215
29.1512
29.2683
29.2755
29.5973
29.615
29.6523
29.9769
29.9972
30.0091
30.0165
30.0293
30.0549
30.063
30.0909
30.095
30.119
30.1396
30.1956
30.2079
30.228
30.2555
30.2598
30.2748
30.2848
30.3031
30.307
30.3263
30.3396
30.3783
30.3857
30.4108
30.4358
30.4508
30.4942
30.523
30.5369
30.5664
30.5818
30.5931
30.6114
30.6374
30.6458
30.6733
30.6927
30.7172
30.8019
30.8737
30.9051
30.9147
31.5277
31.6069
31.7372
32.0188
32.1017
32.152
32.1923
32.6109
32.6442
32.6495
32.7819
32.8709
32.9587
33.0288
33.1624
33.1822
33.2815
33.5349
33.561
33.9419
33.9451
33.9542
33.958
33.9619
33.9786
33.9952
33.9987
34.0003
34.0163
34.0179
34.0253
34.0331
34.0504
34.0708
34.0821
34.0876
34.1014
34.1124
34.1207
34.1252
34.1398
34.1491
34.1691
34.1911
34.2205
34.2375
34.2568
34.274
34.3463
34.3644
34.3743
34.3977
34.4225
34.4414
34.4598
34.4854
34.5263
34.5607
34.5864
34.6537
34.7253
34.7981
34.9998
35.1444
35.225
35.2508
35.2994
35.3099
35.3192
35.3471
35.3567
35.3877
35.6862
35.7226
35.7636
35.9262
35.9435
35.9658
35.9845
35.9922
36.0112
36.0232
36.0272
36.0379
36.0629
36.0751
36.1005
36.1106
36.1219
36.128
36.1359
36.1596
36.1697
36.1937
36.2236
36.238
36.2456
36.2556
36.2795
36.2932
36.3172
36.3357
36.3793
36.3956
36.4006
36.413
36.4276
36.4443
36.4591
36.468
36.4784
36.5051
36.5253
36.5471
36.6177
36.6441
36.6644
36.6737
36.6907
36.6978
36.7162
36.7324
36.7415
36.8085
36.8379
37.2903
37.3761
37.4636
37.8521
38.0291
38.1562
38.1805
38.3161
38.6023
38.8919
38.9605
38.9642
39.0039
39.243
39.4838
39.662
39.6796
39.8901
39.8964
39.904
39.9089
39.9103
39.9324
39.9336
39.9372
39.9415
39.9518
39.9606
39.9734
39.9905
40.0083
40.0238
40.0338
40.0405
40.0515
40.0633
40.0789
40.0981
40.1027
40.1094
40.1318
40.1431
40.1614
40.1843
40.1918
40.2708
40.3072
40.3247
40.3403
40.3546
40.3584
40.3704
40.3826
40.4108
40.4217
40.4437
40.4547
40.497
40.5082
40.5155
40.5327
40.5602
40.7006
40.769
40.7957
40.8183
41.6971
41.7318
41.744
41.7895
41.8001
41.8696
41.8872
41.914
41.9224
41.9254
41.9274
41.9403
41.9458
41.9526
41.9634
41.9771
41.989
41.9959
42.0071
42.0163
42.0292
42.0486
42.0557
42.0741
42.0798
42.0909
42.1038
42.1142
42.1396
42.1555
42.1677
42.1853
42.1979
42.232
42.2369
42.2432
42.28
42.2903
42.2991
42.3275
42.3803
42.4436
42.4732
42.5067
42.578
42.6152
42.6229
42.6527
42.7554
42.765
42.7847
42.8998
42.9861
43.3358
43.5473
43.8501
43.8865
43.9269
44.0293
44.0461
44.2768
44.2954
44.4392
44.7786
44.8254
44.8592
45.0512
45.1452
45.6873
45.8068
45.8649
45.874
45.8877
45.8963
45.9008
45.9259
45.9453
45.952
45.9563
45.959
45.9664
45.9701
45.9843
45.997
46.0046
46.0109
46.0207
46.0566
46.0705
46.1003
46.1177
46.142
46.1633
46.1874
46.2596
46.2818
46.2922
46.3146
46.3397
46.3657
46.369
46.4034
46.4742
46.5046
46.5236
46.5397
46.5601
46.5918
46.6329
46.7852
46.9291
46.9393
47.0955
47.193
47.2898
47.3135
47.3841
47.816
47.8391
47.8594
47.8845
47.896
47.9071
47.9199
47.9434
47.9486
47.9658
47.9756
47.9776
47.9841
47.9979
48.0034
48.0155
48.0252
48.0711
48.0937
48.1037
48.1173
48.1385
48.148
48.1546
48.1677
48.2097
48.2323
48.2631
48.3125
48.3667
48.3784
48.3906
48.4176
48.4326
48.4414
48.4649
48.5056
48.5276
48.5775
48.5894
48.6046
48.6204
48.646
48.668
48.6886
48.7163
48.8582
49.2113
49.2623
49.4138
49.6711
49.8222
49.84
49.9872
50.0499
50.17
50.1983
50.2045
50.2495
50.5951
50.6549
50.7664
50.8623
50.9217
50.9257
50.9469
51.0234
51.0253
51.0308
51.1884
51.2413
51.6414
51.683
51.7076
51.8123
51.8142
51.8188
51.8288
51.8417
51.8493
51.8594
51.8998
51.9164
51.9216
51.934
51.9509
51.959
51.9657
51.9732
51.9842
52.0104
52.0206
52.0467
52.0635
52.0862
52.0952
52.1061
52.1466
52.1668
52.1906
52.1988
52.2064
52.2688
52.2802
52.2943
52.3079
52.3102
52.347
52.3726
52.3855
52.4028
52.4278
52.4362
52.5439
52.6053
52.6423
52.6654
52.6891
52.7162
52.8554
52.9795
53.0492
53.0817
53.1197
53.1539
53.4022
53.4465
53.4644
53.5112
53.5305
53.6189
53.7925
53.8189
53.8319
53.8554
53.8664
53.8789
53.8855
53.9041
53.9068
53.9132
53.9228
53.9267
53.9388
53.9601
53.9797
54.0057
54.0144
54.0231
54.0315
54.0529
54.079
54.0971
54.1632
54.1842
54.195
54.2017
54.2363
54.2585
54.2856
54.3161
54.3645
54.459
54.4719
54.5157
54.547
54.5803
54.5886
54.6129
54.6287
54.6497
54.6681
54.6821
54.6903
54.7078
54.7572
55.245
55.2766
55.6202
55.6748
55.8401
55.9032
55.9348
56.1059
56.5112
56.553
56.579
56.5858
56.7019
56.7716
56.8439
56.8515
57.4368
57.6882
57.7222
57.769
57.774
57.7785
57.7845
57.811
57.8244
57.8316
57.8398
57.8579
57.8635
57.8783
57.8938
57.8972
57.9065
57.9185
57.9341
57.9568
57.9684
57.9731
57.977
57.9997
58.0106
58.0229
58.0408
58.0898
58.0952
58.1067
58.1166
58.1278
58.1399
58.1818
58.1931
58.2022
58.2211
58.2436
58.2493
58.2546
58.2677
58.2771
58.2865
58.2998
58.3053
58.3301
58.3929
58.4381
58.4571
58.4774
58.482
58.4884
58.4996
58.5164
58.523
58.5505
58.6259
58.651
58.6767
58.6934
58.7103
58.7456
58.7655
58.7759
58.7771
58.78
58.7884
58.799
58.8067
58.8492
58.8811
59.0918
59.1498
59.2673
59.2993
59.3892
59.5502
59.556
59.7533
59.7672
59.7926
59.8067
59.8147
59.8238
59.8414
59.8526
59.8697
59.8797
59.8917
59.8978
59.9183
59.9299
59.95
60.0468
60.0931
60.1254
60.1382
60.1798
60.2076
60.2327
60.2486
60.2692
60.2797
60.3004
60.3284
60.3435
60.4419
60.4619
60.4914
60.5195
60.5546
60.5743
60.5942
60.6023
60.6425
60.6808
60.6938
60.7159
61.1416
61.1557
61.3488
61.542
61.6777
61.8773
61.9114
62.0576
62.3306
62.3441
62.3678
62.6141
62.7572
62.7592
62.9218
62.9271
62.9465
63.0165
63.1402
63.1813
63.2924
63.483
63.5776
63.7321
63.7369
63.7418
63.7527
63.7751
63.7901
63.8058
63.8151
63.8227
63.8332
63.8393
63.8566
63.8686
63.8744
63.8817
63.8874
63.9158
63.9277
63.9385
63.9475
63.9602
63.9751
63.9806
63.9852
64.0592
64.0716
64.0939
64.10980000000001
64.1253
64.1758
64.1999
64.2046
64.21210000000001
64.2384
64.28879999999999
64.30629999999999
64.32550000000001
64.3308
64.3929
64.40309999999999
64.4162
64.4413
64.4632
64.46850000000001
64.4907
64.5021
64.532
64.58759999999999
64.6502
64.6818
64.72020000000001
64.7659
64.7899
64.7987
64.8145
64.8432
64.8682
64.9015
65.0446
65.2248
65.2953
65.3462
65.5981
65.63930000000001
65.7008
65.70650000000001
65.71639999999999
65.7191
65.7298
65.7576
65.76179999999999
65.77800000000001
65.7839
65.7876
65.7938
65.8126
65.82089999999999
65.8366
65.8488
65.8655
65.8762
65.8856
65.9029
65.9106
65.9247
65.9418
65.9477
65.9662
65.9876
66.0278
66.08620000000001
66.11490000000001
66.1245
66.1561
66.16249999999999
66.191
66.2269
66.2439
66.29049999999999
66.30110000000001
66.3189
66.3407
66.35129999999999
66.37309999999999
66.41679999999999
66.43129999999999
66.4427
66.4601
66.4777
66.4975
66.50539999999999
66.5138
66.6121
66.6245
66.6378
66.67870000000001
67.21210000000001
67.2321
67.2443
67.4431
67.58459999999999
67.6075
67.6296
67.65860000000001
67.74160000000001
67.91070000000001
68.1314
68.2319
68.2598
68.28400000000001
68.31019999999999
68.3253
68.37649999999999
68.4427
68.5782
68.63590000000001
68.7353
68.748
68.94759999999999
69.682
69.70010000000001
69.71469999999999
69.7251
69.7415
69.7491
69.7568
69.7616
69.7753
69.78270000000001
69.7961
69.80329999999999
69.80970000000001
69.81780000000001
69.8306
69.8434
69.8541
69.8574
69.8837
69.90389999999999
69.92449999999999
69.9367
69.949
70.009
70.0239
70.0401
70.0467
70.0681
70.0723
70.08450000000001
70.0966
70.11
70.1186
70.1317
70.1754
70.1863
70.2247
70.2486
70.3014
70.3172
70.3827
70.41930000000001
70.43859999999999
70.4547
70.47499999999999
70.48
70.51439999999999
70.5196
70.5382
70.5585
70.5624
70.5936
70.60599999999999
70.63
70.7159
70.7304
70.8032
70.8111
70.8404
70.8573
70.87569999999999
70.8869
70.9785
71.02070000000001
71.0498
71.0642
71.0874
71.11620000000001
71.1588
71.193
71.2084
71.2274
71.26430000000001
71.2783
71.3497
71.37990000000001
71.3981
71.41379999999999
71.4389
71.4821
71.6559
71.6681
71.6972
71.7025
71.71980000000001
71.7257
71.7431
71.7501
71.7624
71.7891
71.79649999999999
71.8022
71.83669999999999
71.8646
71.8785
71.89530000000001
71.9255
71.9789
72.0244
72.1121
72.12390000000001
72.14790000000001
72.17319999999999
72.2248
72.2599
72.2671
72.30159999999999
72.31310000000001
72.33920000000001
72.37820000000001
72.3984
72.4067
72.4659
72.4965
72.5133
72.6052
73.0243
73.2723
73.4216
73.6622
73.8036
73.83369999999999
74.0737
74.12560000000001
74.2332
74.2433
74.499
74.5112
74.62730000000001
74.6403
74.6759
74.6985
74.89279999999999
74.9796
75.20820000000001
75.4683
75.5939
75.63849999999999
75.64360000000001
75.6485
75.651
75.6527
75.66370000000001
75.67440000000001
75.7188
75.7313
75.7398
75.747
75.7564
75.7867
75.7936
75.8155
75.8202
75.83150000000001
75.8501
75.861
75.8708
75.8998
75.904
75.92529999999999
75.93689999999999
75.9513
75.97969999999999
76.0077
76.04689999999999
76.09910000000001
76.1615
76.1803
76.1925
76.2277
76.2734
76.2825
76.3027
76.31789999999999
76.32689999999999
76.35760000000001
76.3623
76.3877
76.401
76.41630000000001
76.4568
76.50020000000001
76.52160000000001
76.5496
76.5633
76.5703
76.5919
76.60080000000001
76.6186
76.6456
76.654
76.67149999999999
76.7238
76.7398
76.7854
76.7897
76.8244
76.85290000000001
76.86150000000001
76.89400000000001
76.9122
76.9336
76.943
76.9635
76.96980000000001
76.9853
77.0146
77.04819999999999
77.06659999999999
77.10599999999999
77.15730000000001
77.1841
77.2003
77.2449
77.28279999999999
77.291
77.30329999999999
77.32859999999999
77.3541
77.3771
77.4063
77.4196
77.4438
77.4524
77.47929999999999
77.50190000000001
77.51009999999999
77.5155
77.5299
77.59690000000001
77.623
77.6459
77.6519
77.66849999999999
77.68689999999999
77.7021
77.71639999999999
77.7289
77.73650000000001
77.76519999999999
77.7726
77.7863
77.8112
77.8246
77.8561
77.8673
77.87869999999999
77.8942
77.9079
77.91289999999999
77.91930000000001
77.9509
77.96129999999999
77.9785
77.9923
78.00320000000001
78.0213
78.0346
78.0692
78.0956
78.1138
78.1327
78.15649999999999
78.1927
78.19970000000001
78.22239999999999
78.22669999999999
78.24890000000001
78.2559
78.2718
78.32389999999999
78.3556
78.3638
78.43389999999999
78.465
78.50109999999999
78.57470000000001
78.6114
78.66670000000001
79.01260000000001
79.2452
79.2734
79.30889999999999
79.47320000000001
79.526
79.56229999999999
79.6409
79.69929999999999
79.7041
79.949
79.97369999999999
80.005
80.1073
80.5245
80.5343
80.7283
80.8319
80.932
81.16119999999999
81.59569999999999
81.6049
81.6126
81.6148
81.625
81.65260000000001
81.6725
81.6811
81.68559999999999
81.69199999999999
81.7015
81.7175
81.7349
81.7594
81.7825
81.7878
81.8017
81.8235
81.8323
81.83839999999999
81.8471
81.864
81.8815
81.898
81.9243
81.9417
81.9791
82.0311
82.04349999999999
82.0579
82.06619999999999
82.0791
82.12
82.13760000000001
82.1613
82.1754
82.25539999999999
82.27160000000001
82.2877
82.3128
82.3399
82.37
82.38679999999999
82.4068
82.4337
82.4928
82.5026
82.5617
82.5973
82.6315
82.65689999999999
82.7135
82.75230000000001
82.76009999999999
82.7846
82.8057
82.8202
82.8663
82.8788
82.8965
82.917
82.94970000000001
82.96169999999999
83.0393
83.0963
83.1146
83.1438
83.2115
83.4192
83.4319
83.4747
83.4819
83.4941
83.5275
83.5698
83.58280000000001
83.6026
83.6183
83.6336
83.645
83.652
83.6643
83.6709
83.70610000000001
83.7212
83.7491
83.756
83.78230000000001
83.79949999999999
83.8246
83.8486
83.85429999999999
83.8686
83.8781
83.93600000000001
83.946
83.9635
83.9846
83.9936
83.996
84.03189999999999
84.04089999999999
84.09059999999999
84.099
84.1118
84.11879999999999
84.1451
84.2
84.23390000000001
84.25
84.26519999999999
84.2878
84.3008
84.3319
84.3394
84.34610000000001
84.3655
84.37869999999999
84.39149999999999
84.4222
84.4319
84.477
84.52509999999999
85.0303
85.0821
85.2591
85.7226
85.7433
85.75749999999999
85.7681
86.2568
86.3122
86.53230000000001
86.65130000000001
86.6806
86.72669999999999
86.7758
86.78870000000001
86.916
87.1592
87.5549
87.5604
87.5745
87.60120000000001
87.6241
87.6285
87.63720000000001
87.64279999999999
87.6636
87.66889999999999
87.6788
87.6871
87.6965
87.72880000000001
87.74509999999999
87.79989999999999
87.84829999999999
87.87269999999999
87.8772
87.8926
87.90989999999999
87.916
87.97790000000001
88.0153
88.0312
88.0604
88.0907
88.0986
88.1088
88.1514
88.1782
88.1972
88.23
88.2593
88.2702
88.28870000000001
88.2984
88.34690000000001
88.3672
88.381
88.3873
88.4205
88.437
88.45650000000001
88.49299999999999
88.5001
88.6204
88.667
88.6724
88.70050000000001
88.7341
88.78879999999999
88.83540000000001
88.8827
88.89109999999999
88.9333
88.95180000000001
89.0123
89.0408
89.04689999999999
89.08799999999999
89.15900000000001
89.1802
89.2015
89.2127
89.2252
89.233
89.2499
89.2653
89.2788
89.3308
89.33199999999999
89.358
89.3772
89.39749999999999
89.4164
89.4492
89.462
89.49639999999999
89.50360000000001
89.542
89.5689
89.5825
89.6001
89.6245
89.6331
89.6416
89.6643
89.6973
89.7136
89.7154
89.7278
89.774
89.81019999999999
89.81489999999999
89.83669999999999
89.8712
89.9057
89.9194
89.9333
89.9593
89.983
89.996
90.00239999999999
90.02209999999999
90.0487
90.0634
90.0926
90.1125
90.1302
90.137
90.1982
90.268
90.3044
90.35129999999999
90.3595
90.3716
90.3916
90.4436
90.4554
90.4611
90.4901
90.9851
91.04649999999999
91.27370000000001
91.42870000000001
91.4777
91.505
91.92700000000001
92.0895
92.145
92.1948
92.2039
92.239
92.27889999999999
92.3497
92.5879
93.161
93.199
93.24379999999999
93.3689
93.51349999999999
93.5202
93.5228
93.524
93.53060000000001
93.54170000000001
93.5549
93.5613
93.5951
93.6049
93.6117
93.6168
93.6262
93.651
93.6707
93.69499999999999
93.6995
93.7097
93.7259
93.7319
93.7556
93.774
93.7869
93.8378
93.8574
93.8708
93.8937
93.9164
93.9271
93.93940000000001
93.9547
93.98050000000001
94.01909999999999
94.03360000000001
94.0705
94.1039
94.11499999999999
94.1242
94.1431
94.1862
94.2208
94.2548
94.2632
94.2837
94.2953
94.316
94.334
94.3433
94.42910000000001
94.455
94.49720000000001
94.52370000000001
94.5565
94.6105
94.6242
94.6593
94.6769
94.70059999999999
94.7115
94.7389
94.7889
94.80500000000001
94.8167
94.8471
94.8758
94.89870000000001
94.91079999999999
94.9182
94.95829999999999
94.996
95.05070000000001
95.06780000000001
95.1027
95.1384
95.1627
95.18859999999999
95.21259999999999
95.26439999999999
95.30419999999999
95.3382
95.3646
95.392
95.4265
95.4392
95.4555
95.46899999999999
95.47880000000001
95.48820000000001
95.50279999999999
95.55289999999999
95.55719999999999
95.5621
95.56950000000001
95.58410000000001
95.6224
95.63979999999999
95.66200000000001
95.6725
95.6836
95.7016
95.71429999999999
95.7197
95.73399999999999
95.7833
95.79649999999999
95.8083
95.822
95.8403
95.8635
95.88549999999999
95.90730000000001
95.9824
96.0008
96.0241
96.0596
96.096
96.15089999999999
96.1829
96.1995
96.21429999999999
96.2261
96.2449
96.27330000000001
96.2976
96.3292
96.3541
96.37009999999999
96.41540000000001
96.4584
96.46850000000001
96.8301
96.88209999999999
96.9772
97.1463
97.1784
97.41289999999999
97.41670000000001
97.4379
97.4586
97.5996
97.7705
97.7996
97.8304
97.94159999999999
98.0955
98.1348
98.4374
98.4966
98.5072
98.7325
98.73860000000001
98.8244
99.122
99.3015
99.4731
99.477
99.4807
99.4881
99.50530000000001
99.5142
99.5275
99.5635
99.5705
99.57510000000001
99.5836
99.5921
99.62390000000001
99.6481
99.66240000000001
99.6699
99.6948
99.71339999999999
99.7294
99.7901
99.8036
99.8237
99.8509
99.93680000000001
99.9575
99.9962
100.0131
100.0424
100.0679
100.0897
100.107
100.1505
100.1654
100.1879
100.2082
100.2422
100.2462
100.2603
100.3095
100.3196
100.3424
100.3679
100.3937
100.4502
100.4654
100.4801
100.5034
100.5167
100.5228
100.6009
100.6274
100.7396
100.7553
100.7633
100.768
100.7896
100.8027
100.8453
100.8868
100.954
100.9722
100.9977
101.0099
101.0322
101.0396
101.0569
101.1392
101.1622
101.1778
101.2118
101.2242
101.2387
101.3379
101.4177
101.4291
101.4505
101.471
101.491
101.5046
101.5105
101.5301
101.5444
101.5737
101.5933
101.6016
101.6175
101.629
101.6545
101.66
101.6695
101.7275
101.7412
101.7628
101.7779
101.7947
101.8119
101.8219
101.8408
101.8506
101.9041
101.9215
101.9412
101.9498
101.9622
101.9704
101.9941
102.0123
102.0385
102.0528
102.072
102.0852
102.1055
102.1272
102.1794
102.1965
102.2192
102.2566
102.2613
102.2734
102.2932
102.3181
102.3398
102.3434
102.3746
102.4096
102.7539
102.7771
102.7851
102.7933
102.8421
102.8524
102.898
102.923
102.9518
102.9907
103.0322
103.0544
103.0852
103.099
103.1441
103.1866
103.2293
103.2538
103.3927
103.4304
103.6198
103.6435
103.7341
103.8541
103.8966
104.0324
104.08
104.1303
104.2119
104.3153
104.3983
104.4696
104.492
104.5235
104.5391
104.5467
104.5931
104.652
104.6806
104.8002
105.121
105.3768
105.4285
105.4298
105.4326
105.4484
105.4996
105.5125
105.5395
105.5469
105.5509
105.5782
105.6056
105.6199
105.6455
105.6606
105.6706
105.7069
105.7125
105.7352
105.7435
105.7532
105.772
105.7806
105.8203
105.8219
105.8401
105.885
105.9059
105.9513
105.9868
106.0399
106.0519
106.0918
106.1006
106.1531
106.1856
106.196
106.2939
106.3196
106.3311
106.3711
106.3824
106.4129
106.4835
106.4986
106.5016
106.5225
106.5369
106.5581
106.5981
106.6085
106.6121
106.6331
106.6349
106.6547
106.6781
106.7855
106.7995
106.808
106.8461
106.8785
107.0152
107.0341
107.0501
107.0947
107.0997
107.1145
107.1761
107.2102
107.2458
107.2647
107.2933
107.3186
107.3881
107.4225
107.4363
107.4411
107.4562
107.4581
107.4644
107.4693
107.4828
107.4927
107.5007
107.5171
107.5264
107.5311
107.5335
107.5625
107.5747
107.576
107.5785
107.591
107.5998
107.6077
107.6494
107.669
107.6832
107.6844
107.6965
107.7069
107.714
107.7508
107.7711
107.787
107.7912
107.8178
107.8314
107.8487
107.8694
107.8947
107.9212
107.9731
107.9971
108.0045
108.0277
108.042
108.0599
108.0905
108.1114
108.1292
108.1447
108.1813
108.2355
108.2651
108.2902
108.3097
108.3197
108.335
108.37
108.461
108.6863
108.7586
108.7769
108.7989
108.901
108.9133
108.9248
108.9589
108.9761
109.0428
109.1076
109.1308
109.1414
109.1761
109.1993
109.2885
109.3007
109.3186
109.3286
109.3886
109.4075
109.441
109.4537
109.4696
109.4792
109.5849
109.6218
109.66
109.6888
109.8362
109.874
109.8971
109.9303
109.9675
109.9952
110.0302
110.1696
110.2109
110.3511
110.4595
110.4939
110.5216
110.5656
110.8656
111.0623
111.1981
111.3844
111.3893
111.3975
111.4097
111.4343
111.4417
111.4563
111.4684
111.4737
111.4898
111.5272
111.5357
111.5448
111.5571
111.5613
111.5783
111.5862
111.6072
111.6338
111.6616
111.6865
111.7069
111.7298
111.7528
111.7619
111.7714
111.7944
111.8123
111.8834
111.9047
111.9601
111.9733
111.9975
112.0419
112.0578
112.0932
112.1175
112.1566
112.1852
112.1941
112.2316
112.2957
112.3493
112.355
112.3658
112.4016
112.412
112.5563
112.5804
112.5884
112.6322
112.6441
112.6513
112.6716
112.7285
112.7742
112.7836
112.7981
112.8123
112.8481
112.9046
112.9988
113.0176
113.0432
113.0612
113.1069
113.1233
113.1392
113.1798
113.2249
113.2342
113.2503
113.2929
113.3031
113.3488
113.3968
113.4263
113.4802
113.5058
113.5228
113.5281
113.5337
113.5703
113.5764
113.6156
113.6264
113.6347
113.6502
113.6574
113.6708
113.6932
113.7101
113.7216
113.7294
113.7332
113.7583
113.7698
113.8332
113.8766
113.887
113.8961
113.9127
113.9326
113.9504
113.9574
113.9815
114.0102
114.0296
114.0472
114.0859
114.1606
114.1673
114.2082
114.2246
114.242
114.2611
114.2875
114.3047
114.3178
114.3249
114.3628
114.5864
114.6128
114.7426
114.7553
114.7713
114.7829
114.8112
114.8189
114.8368
114.8378
114.8452
114.8555
114.8804
114.9649
114.9763
115.0052
115.0159
115.0448
115.0751
115.1158
115.1755
115.2094
115.2983
115.3093
115.3168
115.3652
115.4149
115.4518
115.5091
115.5388
115.5753
115.7301
115.8136
115.8233
115.8701
115.9664
116.0008
116.0245
116.037
116.0514
116.1626
116.1841
116.1959
116.2567
116.2858
116.3007
116.3626
116.5131
116.5749
116.8466
117.002
117.3472
117.3534
117.3555
117.3673
117.3941
117.3977
117.4145
117.4237
117.4341
117.444
117.4566
117.4724
117.4894
117.5034
117.5282
117.5342
117.5464
117.5829
117.5918
117.5981
117.6392
117.6404
117.6676
117.6887
117.7088
117.7513
117.7726
117.7784
117.7957
117.8271
117.8521
117.9982
118.0046
118.0546
118.0655
118.1253
118.1351
118.1517
118.1712
118.2257
118.2651
118.2876
118.3518
118.446
118.4552
118.4984
118.5189
118.563
118.6019
118.614
118.6279
118.6299
118.6467
118.7801
118.7936
118.8132
118.8368
118.8573
118.8906
118.9376
118.9846
119.0543
119.0851
119.1313
119.138
119.1546
119.1645
119.1721
119.2129
119.2438
119.2769
119.3065
119.3239
119.3272
119.3356
119.3413
119.3434
119.3657
119.3842
119.407
119.4294
119.4428
119.4553
119.5096
119.5218
119.5419
119.5535
119.5686
119.5825
119.5899
119.6142
119.6441
119.6678
119.693
119.7259
119.7614
119.7814
119.8074
119.8544
119.8807
119.8997
119.9228
119.9434
119.949
119.9779
120.0282
120.0776
120.0852
120.1204
120.1457
120.1664
120.192
120.1976
120.2124
120.2242
120.2385
120.2827
120.2979
120.5446
120.6068
120.6528
120.6672
120.6781
120.687
120.6926
120.748
120.7793
120.7853
120.8921
121.0025
121.0699
121.0774
121.1481
121.1635
121.1726
121.1817
121.2007
121.2229
121.2778
121.2872
121.3022
121.4717
121.4802
121.5065
121.5483
121.6647
121.6816
121.7059
121.7242
121.7676
121.7848
121.8162
121.8591
121.886
121.9383
121.9681
121.9841
121.9996
122.0448
122.0802
122.1149
122.1402
122.2261
122.4295
122.6794
122.8468
123.3038
123.3127
123.3158
123.3265
123.3397
123.3669
123.384
123.3889
123.399
123.4065
123.4191
123.4234
123.4448
123.4494
123.4644
123.4703
123.4875
123.5071
123.5318
123.5362
123.5634
123.5734
123.5986
123.6119
123.6672
123.7131
123.8068
123.8317
123.8406
123.8447
123.8791
123.9907
124.0061
124.0314
124.0497
124.0793
124.1093
124.1544
124.2041
124.2327
124.2624
124.2819
124.301
124.3177
124.4287
124.5651
124.582
124.5998
124.6126
124.6252
124.6486
124.6678
124.6997
124.7198
124.7266
124.7843
124.8413
124.8483
124.8814
124.893
124.9909
125.0121
125.024
125.0673
125.2719
125.2808
125.2865
125.2956
125.2985
125.3171
125.3258
125.3535
125.364
125.3716
125.4075
125.4194
125.4433
125.4614
125.4687
125.5019
125.5185
125.5733
125.613
125.6372
125.6584
125.6821
125.7349
125.7812
125.806
125.8199
125.8448
125.8479
125.8691
125.9423
125.9687
125.9777
126.0124
126.0193
126.0283
126.0372
126.039
126.0926
126.1196
126.1267
126.1364
126.1696
126.2071
126.2385
126.4162
126.5802
126.5885
126.7379
126.7578
126.7992
126.8257
126.8494
126.8749
126.9096
127.037
127.0709
127.0865
127.1079
127.1248
127.2228
127.2336
127.2557
127.265
127.2849
127.2878
127.3189
127.3596
127.4502
127.7015
127.7679
127.8045
127.8297
127.8927
127.8986
127.9788
128.0144
128.0334
128.0424
128.0535
128.0672
128.1082
128.1408
128.235
128.2797
128.3237
128.337
128.371
128.9708
129.1761
129.2705
129.2884
129.2923
129.3083
129.3391
129.3462
129.3511
129.3536
129.3765
129.3806
129.3932
129.4071
129.4198
129.4292
129.4495
129.4564
129.5144
129.527
129.5816
129.5911
129.6226
129.6639
129.7344
129.7489
129.8533
129.868
129.882
129.8949
129.9255
129.9395
129.9701
129.9872
130.0053
130.0697
130.0963
130.1696
130.1796
130.2447
130.2739
130.2989
130.3333
130.3427
130.3756
130.3926
130.4265
130.4423
130.4507
130.6818
130.7004
130.7485
130.7791
130.8298
130.909
130.949
130.9623
130.9738
130.9841
131.0066
131.0157
131.044
131.0662
131.2167
131.2459
131.29
131.312
131.3175
131.326
131.3375
131.3549
131.3842
131.4006
131.4157
131.4554
131.4766
131.4886
131.5355
131.5478
131.5681
131.582
131.592
131.6085
131.6266
131.6616
131.7079
131.73
131.7663
131.8106
131.8148
131.8399
131.8718
131.9003
131.921
131.9326
131.9548
131.9623
131.9761
132.0647
132.0884
132.108
132.1213
132.1867
132.1968
132.409
132.4856
132.5003
132.5135
132.5736
132.5942
132.633
132.6636
132.7115
132.7344
132.7577
132.7974
132.9098
132.9757
132.9816
133.0169
133.0302
133.0662
133.0888
133.2316
133.2476
133.2921
133.3276
133.3779
133.3961
133.4173
133.492
133.5218
133.635
133.6832
133.7118
133.7624
133.7653
133.8028
133.9154
133.9309
133.9538
134.0432
134.0627
134.0944
134.1491
134.2925
134.3076
134.3217
134.4027
134.4348
134.6148
134.6234
134.6596
134.8625
135.0126
135.0668
135.218
135.2255
135.2303
135.2418
135.2644
135.2826
135.2895
135.2988
135.3502
135.3636
135.3735
135.3907
135.4047
135.4241
135.4854
135.5244
135.531
135.5495
135.5619
135.5735
135.5842
135.5944
135.6051
135.6116
135.6516
135.682
135.7139
135.7374
135.782
135.789
135.8062
135.9079
136.0161
136.0455
136.0829
136.103
136.1132
136.1231
136.1354
136.1551
136.1744
136.2002
136.2223
136.2377
136.2628
136.2804
136.3017
136.4043
136.4122
136.4447
136.4591
136.4784
136.5463
136.6837
136.6964
136.7084
136.7365
136.7517
136.7659
136.7788
136.7968
136.8269
136.8647
136.8891
136.9086
137.0832
137.1952
137.2414
137.2637
137.2684
137.2844
137.2926
137.3036
137.3307
137.3409
137.3655
137.3856
137.4122
137.4643
137.4802
137.5083
137.5325
137.5449
137.6179
137.6589
137.6709
137.6938
137.7195
137.7359
137.7444
137.7609
137.7677
137.8173
137.8293
137.8649
137.8778
137.9269
137.9416
137.9692
137.986
137.9983
138.013
138.0339
138.0653
138.0889
138.1219
138.1663
138.2725
138.3946
138.5034
138.5174
138.5341
138.6823
138.7024
138.7118
138.8931
138.9055
138.9531
138.9968
139.0463
139.0993
139.1117
139.2178
139.2323
139.2487
139.2532
139.3008
139.332
139.4343
139.4466
139.4636
139.4992
139.6342
139.6551
139.6985
139.7798
139.8291
139.9273
140.0544
140.0961
140.1237
140.1378
140.3426
140.351
140.3811
140.4945
140.5513
140.7153
140.7535
140.9033
140.9595
141.0462
141.1834
141.189
141.2205
141.2408
141.249
141.2594
141.2645
141.2818
141.2934
141.2989
141.3061
141.3217
141.348
141.3624
141.3776
141.426
141.4731
141.4792
141.5223
141.5383
141.5945
141.6136
141.6286
141.6354
141.7027
141.7424
141.767
141.8527
141.872
141.8841
142.012
142.126
142.1393
142.1613
142.1731
142.1871
142.2053
142.2163
142.2456
142.2661
142.3114
142.3146
142.3301
142.3937
142.4133
142.5383
142.5815
142.6585
142.6772
142.7071
142.7239
142.803
142.8245
142.8405
142.9237
142.9579
142.9939
143.0694
143.1334
143.1551
143.1671
143.1722
143.1915
143.2134
143.2341
143.2428
143.2574
143.2673
143.3103
143.3162
143.3282
143.3427
143.3733
143.38
143.407
143.4149
143.4274
143.4442
143.483
143.5562
143.6458
143.6522
143.7073
143.7542
143.7739
143.8461
143.8518
143.8597
143.8949
143.9287
143.9566
143.9778
143.9855
144.0461
144.08
144.1
144.3931
144.5333
144.5628
144.6825
144.7234
144.7435
144.7741
144.8085
144.8193
144.8798
144.9645
144.9862
145.0942
145.2364
145.2796
145.2995
145.3518
145.459
145.4689
145.5132
145.6162
145.757
145.7685
145.8199
145.8454
145.885
145.9237
145.949
145.959
146.0295
146.0861
146.1152
146.3394
146.3723
146.6389
147.1406
147.1508
147.16
147.1852
147.2133
147.2207
147.2367
147.2478
147.2698
147.287
147.3252
147.3459
147.3616
147.3739
147.3826
147.4478
147.467
147.5136
147.531
147.5379
147.5663
147.5824
147.7016
147.7336
147.7497
147.7653
147.8084
147.8168
147.8387
147.8698
147.8825
147.9509
147.9687
147.9992
148.035
148.0523
148.0837
148.1305
148.1656
148.1836
148.2029
148.212
148.2288
148.2394
148.2728
148.2803
148.3531
148.4879
148.5747
148.723
148.8115
148.8537
148.8721
148.8937
148.9043
148.92
148.9923
149.0005
149.0216
149.0474
149.0757
149.0962
149.1102
149.1375
149.1643
149.1743
149.211
149.2225
149.2673
149.2741
149.2936
149.3409
149.361
149.3813
149.4077
149.449
149.5071
149.5176
149.5222
149.5343
149.5487
149.567
149.6513
149.6593
149.6658
149.6829
149.7202
149.7319
149.7393
149.7497
149.7789
149.7969
149.8239
149.8447
149.8524
149.8881
149.9005
149.9393
149.96
149.9744
149.9868
149.9922
150.0099
150.0183
150.0397
150.0588
150.3758
150.4094
150.4611
150.5929
150.5998
150.6231
150.64
150.6857
150.7
150.7155
150.8667
150.9137
150.928
150.956
150.981
150.9899
151.0319
151.2073
151.2225
151.2291
151.2438
151.2732
151.3037
151.3178
151.4571
151.4665
151.4808
151.5915
151.6655
151.7379
151.8659
151.9152
152.0641
152.4267
152.515
152.885
153.0953
153.123
153.1568
153.1845
153.2166
153.2233
153.2316
153.2485
153.2539
153.2709
153.2831
153.2944
153.3009
153.3345
153.3461
153.3891
153.4457
153.499
153.5438
153.5594
153.6091
153.6327
153.6402
153.6718
153.7076
153.7323
153.7513
153.8039
153.8196
153.8323
153.8565
153.8707
153.9004
153.9366
153.9595
154.0142
154.0456
154.176
154.2097
154.2282
154.3041
154.3642
154.388
154.5103
154.5288
154.5588
154.6442
154.7055
154.7233
154.7275
154.756
154.7903
154.8851
154.8978
154.9041
154.9123
154.9811
154.9848
155.0837
155.1084
155.1383
155.1508
155.1656
155.1688
155.1834
155.2003
155.2323
155.247
155.2721
155.2805
155.2904
155.3602
155.3931
155.4081
155.4139
155.4529
155.4837
155.5185
155.5404
155.5687
155.5969
155.6154
155.6338
155.6767
155.6922
155.7083
155.7268
155.7742
155.79
155.7966
155.8348
155.8547
155.8762
155.8846
155.8884
155.915
155.9344
156.0099
156.0393
156.1149
156.1204
156.2168
156.3288
156.4
156.407
156.5128
156.5598
156.5672
156.7003
156.7212
156.7392
156.8667
157.0021
157.0499
157.0679
157.0832
157.1993
157.2137
157.2381
157.2742
157.3947
157.4144
157.4492
157.4767
157.5869
157.6007
157.6527
157.725
157.8344
157.8706
157.9456
157.9623
158.0071
158.0988
158.1667
158.1999
158.2753
158.5507
158.7214
159.0515
159.0546
159.0873
159.1141
159.129
159.1352
159.1478
159.1843
159.195
159.1985
159.2093
159.2161
159.2324
159.2488
159.269
159.2888
159.2999
159.3302
159.3411
159.3626
159.3711
159.3795
159.4041
159.4131
159.4366
159.44
159.4642
159.5001
159.5017
159.5532
159.5648
159.6445
159.72
159.7635
159.8007
159.8534
159.8978
159.9969
160.1194
160.131
160.1758
160.1965
160.269
160.3064
160.3596
160.3861
160.414
160.4345
160.4508
160.5121
160.5302
160.552
160.5769
160.5908
160.6338
160.686
160.7371
160.7435
160.7854
160.7934
160.8012
160.8085
160.8274
160.8385
160.8496
160.8823
160.9412
161.0164
161.023
161.0483
161.065
161.0905
161.0967
161.1021
161.1271
161.1654
161.223
161.2341
161.2403
161.2512
161.2718
161.2856
161.2956
161.3181
161.3604
161.3675
161.4244
161.4408
161.4447
161.4611
161.4672
161.4777
161.4849
161.5193
161.551
161.5648
161.5769
161.5846
161.6494
161.6737
161.6786
161.7168
161.7349
161.7485
161.7628
161.8077
161.8193
161.8457
161.8599
161.9611
161.9678
161.9727
161.9983
162.3055
162.3233
162.3435
162.3656
162.3941
162.4027
162.4486
162.5268
162.588
162.6043
162.6399
162.6851
162.7144
162.7396
162.8217
162.8369
162.9232
162.9448
163.0749
163.0802
163.0948
163.1245
163.1625
163.2192
163.2379
163.3011
163.3484
163.5575
163.5722
163.6235
163.7661
163.8632
163.8856
164.0352
164.1028
164.1428
165.0062
165.0116
165.0204
165.0267
165.04
165.0552
165.0657
165.0873
165.0961
165.1064
165.122
165.1542
165.1621
165.1757
165.1865
165.1991
165.2396
165.2435
165.2648
165.2878
165.3054
165.3222
165.3564
165.3756
165.4038
165.4222
165.4373
165.4558
165.4583
165.48
165.5303
165.5666
165.5897
165.6065
165.6321
165.65
165.6582
165.7046
165.7817
165.8041
165.943
165.9966
166.0134
166.0473
166.0713
166.1196
166.1421
166.1853
166.2324
166.2724
166.3132
166.3455
166.366
166.3853
166.4625
166.5264
166.5461
166.5591
166.5787
166.6414
166.8331
166.8666
166.8861
166.9281
166.9457
166.9652
166.9918
167.0182
167.0435
167.0922
167.1049
167.1253
167.1355
167.1465
167.1618
167.1705
167.2047
167.2243
167.2472
167.2689
167.2878
167.2957
167.3106
167.3265
167.3385
167.356
167.3894
167.4097
167.4362
167.4507
167.5136
167.5609
167.6094
167.6459
167.6538
167.6634
167.6858
167.7287
167.745
167.7571
167.7713
167.7919
167.8324
167.8745
167.8935
167.9022
167.9403
168.2558
168.2798
168.2929
168.3622
168.4304
168.4682
168.4953
168.5161
168.5655
168.7667
168.7835
168.8335
168.9066
169.0083
169.0245
169.0374
169.064
169.0814
169.1553
169.35
169.3729
169.4342
169.4469
169.4712
169.496
169.5075
169.521
169.5459
169.5586
169.6472
169.7174
169.7493
169.843
169.924
169.9386
170.0222
170.0332
170.4922
170.972
170.9891
171.0349
171.0506
171.0836
171.0922
171.0943
171.1051
171.1188
171.1233
171.152
171.1542
171.1723
171.1998
171.2424
171.2563
171.2757
171.2825
171.3055
171.3349
171.3607
171.3894
171.4499
171.4749
171.499
171.5091
171.5609
171.573
171.6213
171.6399
171.654
171.6664
171.6809
171.7577
171.7758
171.8566
171.8714
171.8974
171.9165
171.9584
171.975
172.0072
172.0502
172.0724
172.1741
172.2101
172.2649
172.2776
172.3013
172.3936
172.4103
172.4311
172.4556
172.4638
172.5002
172.5077
172.5227
172.5656
172.6802
172.7055
172.7207
172.8131
172.8306
172.8629
172.932
172.9514
172.96
172.9726
172.9846
172.9955
173.0098
173.0252
173.0325
173.0497
173.0619
173.0889
173.1012
173.1579
173.1985
173.2414
173.2547
173.2655
173.2907
173.3026
173.328
173.3424
173.3505
173.364
173.3808
173.3967
173.4443
173.4861
173.552
173.5646
173.6315
173.691
173.6973
173.7166
173.7263
173.7478
173.7737
173.8154
173.8536
173.8978
174.2023
174.2211
174.2436
174.2926
174.4558
174.5513
174.5711
174.5988
174.7251
174.7398
174.7555
174.7694
174.8345
174.8929
174.914
174.9351
174.9432
174.9633
174.9808
175.0173
175.0623
175.1778
175.2747
175.2894
175.4257
175.4656
175.4893
175.5041
175.5976
175.6696
175.6761
175.7227
175.7865
175.8073
176.0482
176.9263
176.9339
176.9399
176.9514
176.9688
176.9871
176.9976
177.0047
177.0315
177.0358
177.0428
177.0485
177.0692
177.0792
177.0856
177.115
177.1312
177.1781
177.2012
177.2108
177.2298
177.2369
177.2576
177.2759
177.3188
177.3229
177.3581
177.3822
177.3951
177.4126
177.4272
177.4395
177.4603
177.4793
177.5056
177.5273
177.5708
177.5939
177.6191
177.6341
177.7268
177.7585
177.787
177.8056
177.816
177.8549
177.9039
177.9317
177.9459
177.9644
177.9753
177.9941
178.0446
178.0587
178.0952
178.1456
178.1562
178.2673
178.2909
178.2998
178.315
178.3941
178.4165
178.4761
178.4929
178.5413
178.6062
178.6152
178.6198
178.6337
178.7234
178.8393
178.8657
178.8681
178.8847
178.902
178.919
178.9367
178.9512
178.9931
179.019
179.0365
179.0524
179.0685
179.085
179.0949
179.1022
179.1186
179.1373
179.1467
179.1535
179.1738
179.1829
179.2153
179.3031
179.3491
179.3653
179.3752
179.408
179.4159
179.4408
179.508
179.513
179.5856
179.6019
179.638
179.6491
179.6544
179.6907
179.726
179.776
179.8881
180.1978
180.228
180.3274
180.3437
180.4179
180.4379
180.5003
180.5333
180.6179
180.6922
180.722
180.7316
180.7736
180.7888
180.8177
180.9417
180.9903
181.0833
181.1057
181.1205
181.1504
181.2478
181.2635
181.3177
181.3937
181.4194
181.4366
181.5094
181.5385
181.5514
181.5634
181.5724
181.6065
181.6964
181.7446
181.7559
181.8314
181.9919
182.1984
182.3248
182.8873
182.8922
182.8971
182.9072
182.9162
182.9361
182.9498
182.9539
182.9845
183.0007
183.0119
183.0222
183.0451
183.0553
183.0705
183.1092
183.1202
183.1374
183.1509
183.1598
183.1827
183.2081
183.2138
183.2484
183.332
183.3637
183.3871
183.4171
183.4607
183.4943
183.5242
183.5398
183.6586
183.6807
183.6905
183.6966
183.7107
183.7234
183.7332
183.7534
183.7589
183.7794
183.8525
183.8908
183.9235
183.9382
183.9957
184.0322
184.1087
184.1533
184.2223
184.3015
184.3194
184.3518
184.4162
184.4786
184.5709
184.6848
184.6961
184.7125
184.729
184.8477
184.8547
184.8628
184.8875
184.912
184.9247
184.9422
184.9707
184.9872
184.9933
184.9954
185.0088
185.015
185.0629
185.0758
185.086
185.1017
185.154
185.1676
185.1807
185.2075
185.2148
185.2612
185.311
185.3479
185.3738
185.3857
185.4242
185.4608
185.4721
185.5079
185.5241
185.5409
185.5592
185.5718
185.5819
185.6147
185.6448
185.6512
185.7023
185.7347
185.7584
185.7704
186.1372
186.1938
186.2139
186.226
186.2398
186.3165
186.4447
186.64
186.6691
186.705
186.7872
186.8665
186.9023
186.9211
187.0554
187.1553
187.1693
187.1842
187.2125
187.2288
187.2485
187.3065
187.4486
187.4969
187.567
187.6
187.6312
187.6503
187.7799
187.9768
187.9955
188.5854
188.8386
188.8442
188.8487
188.8869
188.8929
188.9166
188.9321
188.943
188.9469
188.9572
188.9824
188.9897
189.013
189.0205
189.0343
189.0427
189.049
189.0772
189.092
189.1093
189.1421
189.1614
189.1738
189.2101
189.2239
189.2439
189.2778
189.2857
189.3861
189.3966
189.4197
189.5088
189.5336
189.583
189.5989
189.6126
189.6307
189.6535
189.6649
189.6793
189.6915
189.7383
189.758
189.7874
189.8097
189.8452
189.9208
189.9496
190.0231
190.2159
190.2218
190.2982
190.3681
190.3933
190.4702
190.4788
190.4958
190.5046
190.5118
190.531
190.5594
190.6246
190.7671
190.7897
190.8091
190.819
190.8404
190.8571
190.8643
190.8799
190.8895
190.9098
190.9217
190.9336
190.9447
190.9544
190.9742
190.9922
191.0082
191.0684
191.0793
191.09
191.1375
191.1589
191.1738
191.1976
191.2087
191.2387
191.2493
191.2681
191.2899
191.3017
191.3161
191.3344
191.3782
191.3825
191.3972
191.4234
191.4834
191.49
191.4999
191.518
191.5288
191.5548
191.6356
191.6514
191.696
191.7158
191.7325
191.7697
191.7825
191.7951
192.022
192.1185
192.187
192.2302
192.2672
192.3217
192.3641
192.3896
192.4355
192.445
192.453
192.6022
192.6231
192.6601
192.6877
192.7423
192.8041
192.9569
192.987
193.0164
193.1494
193.175
193.2087
193.2165
193.2514
193.3103
193.4481
193.4717
193.5076
193.6862
193.7037
193.7223
194.1297
194.3096
194.4792
194.786
194.8008
194.8073
194.8122
194.8308
194.8503
194.8605
194.8675
194.8802
194.8926
194.906
194.9182
194.9424
194.9509
194.9701
194.9746
195.0058
195.0271
195.0426
195.0738
195.0933
195.1306
195.1625
195.1886
195.3509
195.3985
195.4773
195.4917
195.5122
195.5544
195.5657
195.5961
195.6314
195.6372
195.6753
195.7016
195.773
195.8092
195.8332
195.8467
195.8901
195.9731
196.002
196.1315
196.1513
196.1696
196.1876
196.2222
196.2564
196.2652
196.3186
196.4382
196.5304
196.5769
196.6138
196.6725
196.7078
196.7552
196.766
196.7876
196.7984
196.8206
196.8406
196.8594
196.8658
196.8886
196.8974
196.9163
196.9261
196.9489
196.9596
196.9815
197.0001
197.0271
197.0427
197.0614
197.1282
197.1833
197.2155
197.2282
197.2598
197.2914
197.3026
197.3134
197.33
197.3548
197.3725
197.3929
197.416
197.4511
197.464
197.495
197.5336
197.5795
197.5949
197.6227
197.6529
197.6652
197.6757
197.7065
197.7289
197.7951
198.0689
198.1187
198.185
198.2
198.2477
198.2774
198.3338
198.3943
198.5466
198.5952
198.6505
198.7602
198.7672
198.8265
198.8939
198.9204
198.9369
199.0309
199.0558
199.0961
199.108
199.1468
199.1531
199.2573
199.3162
199.4348
199.4915
199.5186
199.5378
199.563
199.5711
199.6537
199.6827
200.6984
200.7658
200.769
200.8053
200.815
200.8272
200.838
200.8442
200.8515
200.8648
200.8876
200.8969
200.9043
200.9302
200.9555
200.9576
200.9676
200.9791
201.033
201.0677
201.0915
201.1484
201.1612
201.1796
201.1999
201.239
201.2854
201.3071
201.3231
201.3873
201.402
201.4233
201.4449
201.4656
201.477
201.5015
201.5355
201.575
201.6086
201.6214
201.6318
201.6702
201.7006
201.7561
201.7804
201.8089
201.8577
201.9175
201.9635
202.0278
202.0582
202.109
202.124
202.1833
202.1987
202.2818
202.3687
202.3926
202.4074
202.4474
202.468
202.4749
202.5349
202.6032
202.709
202.7185
202.7679
202.7956
202.8005
202.817
202.8365
202.8466
202.8597
202.8691
202.9002
202.9108
202.9367
202.9516
202.9773
203.0226
203.038
203.0497
203.0601
203.0719
203.0993
203.1073
203.1168
203.139
203.1456
203.1568
203.1717
203.1871
203.1993
203.3048
203.32
203.3331
203.3467
203.355
203.3754
203.4116
203.4386
203.453
203.472
203.5228
203.5578
203.6024
203.6232
203.6436
203.6862
203.6984
204.0399
204.0511
204.0606
204.0821
204.0898
204.1106
204.2112
204.2467
204.2837
204.3541
204.4966
204.5336
204.563
204.7007
204.7266
204.7367
204.7644
204.8863
204.971
205.0027
205.1183
205.1234
205.173
205.3336
205.3778
205.4971
205.5413
205.6502
205.6896
205.7245
205.8912
206.0361
206.5608
206.7124
206.7171
206.7328
206.7548
206.7686
206.7725
206.7873
206.8064
206.8282
206.8484
206.8571
206.8707
206.8784
206.8858
206.9055
206.9172
206.9546
206.9703
207.0067
207.0398
207.0699
207.0826
207.0974
207.1111
207.1551
207.2068
207.2168
207.2307
207.2866
207.3059
207.3236
207.3418
207.346
207.4054
207.4243
207.4409
207.4623
207.4735
207.5048
207.5663
207.5736
207.6079
207.6148
207.6553
207.6967
207.727
207.7491
207.7737
207.7897
207.8086
207.8317
207.8488
207.9533
207.9741
208.0004
208.0071
208.0203
208.0553
208.1246
208.245
208.2544
208.3134
208.3452
208.3559
208.3856
208.4225
208.5252
208.5686
208.5781
208.5882
208.6369
208.6558
208.6696
208.6801
208.7019
208.7112
208.7332
208.7703
208.7795
208.7896
208.8003
208.8485
208.8537
208.8592
208.8696
208.8811
208.8985
208.9106
208.9249
208.9563
208.9651
209.0056
209.0211
209.0419
209.0528
209.0624
209.0705
209.0837
209.0904
209.135
209.1504
209.1754
209.2123
209.2289
209.2995
209.35
209.4155
209.4331
209.4717
209.482
209.5085
209.5262
209.5402
209.5684
209.6101
209.6153
209.6378
210.0391
210.0653
210.0755
210.1294
210.1617
210.2731
210.3458
210.3749
210.3891
210.4455
210.4734
210.5809
210.6185
210.6239
210.6462
210.7297
210.7771
210.9075
210.9119
210.9333
211.0052
211.0741
211.0927
211.124
211.1613
211.2595
211.3984
211.4259
211.445
211.4555
211.4695
211.5697
211.6071
211.7653
211.8326
211.901
211.9466
212.0354
212.1687
212.2189
212.6741
212.6926
212.7297
212.7423
212.765
212.7761
212.795
212.8103
212.8216
212.829
212.85
212.8599
212.8708
212.9258
212.9395
212.959
212.9764
212.989
213.0066
213.0357
213.0527
213.0908
213.0995
213.1127
213.1447
213.1768
213.2022
213.2278
213.2604
213.2774
213.3269
213.3416
213.3548
213.3665
213.4493
213.4767
213.5359
213.5622
213.5716
213.6253
213.6715
213.6982
213.7565
213.8239
213.8451
213.8591
213.899
213.9414
213.9501
213.9693
213.9942
214.043
214.0953
214.1167
214.1437
214.1626
214.1792
214.4172
214.4377
214.5771
214.6147
214.6413
214.6682
214.6814
214.6969
214.7084
214.7184
214.7632
214.7796
214.7856
214.8237
214.8301
214.8553
214.8794
214.9162
214.9345
214.9514
214.9653
214.9882
215.0036
215.0273
215.0684
215.0878
215.093
215.1184
215.1449
215.2149
215.2363
215.2523
215.2759
215.2969
215.3557
215.3821
215.4144
215.443
215.4495
215.4805
215.5166
215.5505
215.5876
215.6107
215.9157
215.9596
215.9719
215.9872
216.1474
216.1567
216.1678
216.1902
216.2217
216.2459
216.2857
216.2944
216.5828
216.5941
216.6041
216.634
216.6633
216.8296
216.8431
216.8517
216.8738
216.9349
216.9816
217.0295
217.1561
217.1976
217.2606
217.3437
217.3901
217.4399
217.6586
218.058
218.3754
218.5472
218.6307
218.6462
218.669
218.6844
218.6991
218.7149
218.7198
218.7386
218.7606
218.7756
218.7966
218.8128
218.8225
218.8268
218.8342
218.8467
218.8664
218.8836
218.8958
218.9126
218.9279
218.9485
218.9777
218.9948
219.0347
219.0938
219.2239
219.2425
219.2838
219.2931
219.3221
219.3416
219.3621
219.4212
219.4456
219.4661
219.4878
219.5115
219.6497
219.6672
219.6825
219.7352
219.7471
219.7568
219.7838
219.7931
219.8653
219.9301
219.9613
219.9745
219.9924
220.1523
220.2355
220.3233
220.352
220.3875
220.4334
220.4481
220.4687
220.4765
220.4911
220.5089
220.5516
220.5767
220.5901
220.5975
220.6313
220.6502
220.6553
220.6706
220.678
220.6864
220.7009
220.7098
220.7409
220.7921
220.8007
220.8332
220.848
220.8729
220.9992
221.0121
221.0383
221.0546
221.0651
221.1182
221.1288
221.1632
221.1748
221.1874
221.2342
221.2434
221.2653
221.3027
221.3126
221.3239
221.3315
221.3514
221.3815
221.4062
221.4687
221.497
221.522
221.6466
221.9034
221.9291
221.9567
222.0633
222.2182
222.2509
222.2672
222.2893
222.3274
222.3667
222.3821
222.4261
222.4522
222.5269
222.5719
222.6445
222.6972
222.7463
222.8121
222.9979
223.0322
223.0376
223.0461
223.0957
223.1111
223.1366
223.3367
223.4611
223.495
223.5135
223.6556
223.7093
223.7794
224.5829
224.5864
224.5931
224.6276
224.6476
224.6575
224.6622
224.6701
224.676
224.6901
224.7403
224.7493
224.757
224.7745
224.7882
224.8338
224.846
224.8619
224.8765
224.899
224.961
224.9682
224.9919
224.9975
225.0089
225.0325
225.0959
225.1347
225.1497
225.1769
225.1923
225.221
225.2337
225.2614
225.2979
225.3428
225.3528
225.3978
225.4958
225.5143
225.5554
225.6137
225.6296
225.6389
225.6593
225.674
225.7871
225.8063
225.8622
225.8838
225.892
225.9699
226.0831
226.0964
226.0996
226.1185
226.1346
226.2346
226.2877
226.3301
226.368
226.3845
226.4048
226.4199
226.5207
226.5608
226.603
226.6214
226.6246
226.6273
226.6467
226.6608
226.6752
226.7114
226.7158
226.7207
226.7351
226.7544
226.7702
226.7761
226.7839
226.8035
226.808
226.8331
226.8507
226.866
226.9313
226.9439
226.9677
226.9911
227.0342
227.0437
227.0797
227.1261
227.1652
227.1782
227.2252
227.2423
227.2801
227.382
227.4445
227.4535
227.5013
227.5203
227.8841
227.9025
227.9101
227.9206
227.9693
228.0045
228.2391
228.3758
228.3999
228.4164
228.4374
228.485
228.5183
228.5683
228.7428
228.7519
228.7561
228.8402
228.9013
228.9417
229.0134
229.0731
229.0892
229.136
229.1772
229.2007
229.2802
229.3926
229.5905
229.6025
229.7022
229.719
230.5426
230.5768
230.5955
230.6061
230.6122
230.6316
230.6422
230.6539
230.684
230.7219
230.729
230.7442
230.8049
230.8117
230.833
230.8392
230.8907
230.9028
230.9312
230.9647
230.994
231.0078
231.0149
231.0217
231.042
231.0544
231.0871
231.1889
231.2063
231.23
231.2428
231.2588
231.2889
231.3779
231.4657
231.4945
231.5059
231.5142
231.531
231.5473
231.6979
231.7395
231.7574
231.8778
231.8811
231.8857
231.9434
231.9681
231.9841
231.9994
232.0113
232.0905
232.1134
232.1408
232.211
232.2594
232.2718
232.2967
232.3201
232.4518
232.5029
232.5288
232.5585
232.566
232.5906
232.5991
232.6103
232.6171
232.6325
232.6443
232.6547
232.6613
232.6709
232.6908
232.6967
232.7072
232.7541
232.8008
232.8282
232.8327
232.8632
232.8697
232.8919
232.968
232.9993
233.0287
233.0579
233.0992
233.1102
233.1234
233.1854
233.2651
233.2837
233.2923
233.3078
233.3279
233.3567
233.375
233.42
233.4345
233.4421
233.4631
233.4725
233.4775
233.836
233.8503
233.927
233.9937
234.0862
234.1152
234.1582
234.2026
234.2847
234.3766
234.3934
234.41
234.4394
234.5332
234.8125
234.8302
234.8464
234.8852
234.9213
234.9342
235.1111
235.12
235.1889
235.1967
235.2526
235.4225
235.4753
235.5144
235.6023
236.103
236.4918
236.5025
236.516
236.5511
236.5698
236.578
236.6004
236.6151
236.6308
236.6441
236.6585
236.7143
236.7391
236.7493
236.7615
236.8219
236.844
236.8486
236.862
236.9131
236.9704
237.0005
237.0319
237.0868
237.1236
237.1359
237.1498
237.1829
237.1936
237.2095
237.2584
237.2884
237.3037
237.3224
237.3385
237.3641
237.4047
237.431
237.4472
237.4703
237.4939
237.5113
237.5506
237.6195
237.7071
237.7196
237.7787
237.8159
237.8841
237.9275
237.9373
237.962
237.9794
237.9906
238.0113
238.0944
238.1476
238.1871
238.3494
238.4413
238.4628
238.472
238.4807
238.4957
238.5057
238.5127
238.5286
238.5654
238.5854
238.59
238.6023
238.6217
238.6684
238.6818
238.7148
238.7273
238.7352
238.7513
238.7742
238.7818
238.7982
238.8142
238.8294
238.8354
238.8518
238.866
238.8846
238.9122
238.9245
238.9343
238.9412
238.964
238.9944
239.0179
239.0416
239.0492
239.0643
239.09
239.0949
239.1177
239.1489
239.1925
239.2033
239.2577
239.2687
239.2999
239.3093
239.3164
239.3335
239.3905
239.4109
239.4488
239.4784
239.5879
239.6012
239.7475
239.8562
239.9239
239.9483
240.0092
240.1636
240.1806
240.2526
240.2768
240.3146
240.4986
240.5234
240.5615
240.6305
240.7027
240.7303
240.7454
240.7655
240.9656
241.061
241.0732
241.2136
241.2331
241.2936
241.393
241.3999
241.554
241.7426
241.7775
241.8656
241.8909
241.8947
242.2962
242.462
242.4655
242.512
242.5296
242.5344
242.5475
242.5589
242.5767
242.6233
242.6345
242.6395
242.6533
242.6603
242.6705
242.6885
242.7629
242.7738
242.7928
242.8236
242.837
242.8863
242.9324
242.992
243.049
243.1075
243.1457
243.1848
243.2148
243.2292
243.2915
243.3468
243.3616
243.3766
243.3872
243.4051
243.4354
243.466
243.4773
243.5123
243.5236
243.6941
243.7114
243.7713
243.7831
243.8077
243.8349
243.8881
243.9259
244.0589
244.146
244.1835
244.2068
244.2314
244.2399
244.2703
244.2957
244.3538
244.3963
244.4046
244.4288
244.4623
244.4802
244.4866
244.5134
244.5287
244.5462
244.553
244.5618
244.6051
244.6176
244.6458
244.6652
244.6779
244.6931
244.7233
244.7449
244.7503
244.7626
244.7716
244.7937
244.8124
244.8185
244.8297
244.8395
244.8685
244.8944
244.907
244.9245
244.9542
244.9662
244.9864
245.0258
245.0481
245.0645
245.0713
245.0859
245.114
245.132
245.1375
245.1517
245.1762
245.2108
245.2955
245.3186
245.3448
245.3614
245.3822
245.3984
245.7425
245.7584
245.7752
245.7834
245.8019
245.8186
245.8306
245.8851
246.1364
246.247
246.3412
246.3591
246.3667
246.3951
246.4084
246.4123
246.5716
246.5866
246.6454
246.721
246.7625
246.7723
246.7944
246.8094
246.8954
246.9178
246.9707
247.0287
247.047
247.153
247.1633
247.2285
247.2596
247.3003
247.3224
247.345
247.4313
247.4376
247.579
247.6451
248.0141
248.4077
248.4463
248.4516
248.4664
248.4714
248.4803
248.4858
248.4915
248.5021
248.5122
248.5255
248.5399
248.5775
248.5817
248.5955
248.6489
248.6613
248.6795
248.6852
248.7018
248.7213
248.7291
248.7504
248.7769
248.7948
248.8547
248.8635
248.8832
248.9164
248.9327
248.9449
248.9738
249.0268
249.0524
249.0933
249.1723
249.237
249.2661
249.2954
249.3462
249.3842
249.3999
249.4272
249.4365
249.458
249.4745
249.4936
249.5744
249.6965
249.7399
249.751
249.8183
249.8309
249.8685
249.8818
249.8945
249.9115
249.9611
250.0303
250.0427
250.1755
250.1976
250.2075
250.2341
250.344
250.3713
250.3875
250.4033
250.4233
250.438
250.4649
250.472
250.4834
250.5109
250.5187
250.5462
250.554
250.5827
250.591
250.6261
250.6405
250.6701
250.6828
250.6922
250.7614
250.776
250.7978
250.8033
250.8369
250.8528
250.898
250.9082
250.9701
250.9767
250.9838
251.0121
251.0496
251.063
251.0743
251.0924
251.1284
251.149
251.1591
251.1753
251.1851
251.2423
251.2611
251.3283
251.3711
251.696
251.7571
251.7876
251.8325
251.8402
251.8794
251.9712
252.0824
252.1319
252.1375
252.164
252.2494
252.3345
252.4482
252.49
252.5
252.5227
252.5574
252.6616
252.6952
252.7128
252.7404
252.8455
252.9614
253
253.1253
253.1737
253.2215
253.2678
253.2949
253.3734
253.4781
253.5249
253.5983
253.6918
253.8275
254.3647
254.3734
254.3808
254.3865
254.405
254.4184
254.4353
254.4438
254.4546
254.4706
254.4774
254.4832
254.4975
254.5053
254.5192
254.5419
254.5482
254.5571
254.5659
254.5702
254.6124
254.6222
254.6412
254.6524
254.6721
254.6952
254.6967
254.6987
254.7283
254.762
254.7896
254.83
254.8772
254.8913
254.955
255.0357
255.07
255.0885
255.1336
255.1436
255.1576
255.1741
255.1841
255.1901
255.2128
255.3669
255.4021
255.4079
255.43
255.4644
255.4958
255.5152
255.562
255.5839
255.6079
255.6551
255.6716
255.7689
255.7905
255.8137
255.8906
255.9106
255.9215
255.9551
255.9891
256.0242
256.0965
256.1744
256.254
256.2942
256.3161
256.3392
256.3645
256.3762
256.3967
256.4086
256.4287
256.4385
256.4697
256.4798
256.5044
256.5086
256.5287
256.5722
256.5784
256.6305
256.6417
256.6657
256.6842
256.7452
256.7489
256.7633
256.7863
256.8243
256.8359
256.8752
256.8907
256.9379
256.9393
256.9414
256.9806
257.0235
257.0294
257.0417
257.0572
257.0958
257.1184
257.1246
257.163
257.1797
257.1889
257.2168
257.2278
257.2409
257.2505
257.2566
257.2758
257.7044
257.72
257.7292
257.7797
257.8522
257.903
257.9123
257.9872
258.0314
258.0667
258.0794
258.1533
258.1746
258.209
258.2224
258.3012
258.4388
258.5142
258.536
258.5843
258.6333
258.6538
258.6833
258.8096
258.8329
258.8751
258.8944
258.9116
258.9425
258.957
258.975
259.0252
259.191
259.2355
259.2449
259.2696
259.3849
259.5713
259.6186
259.8497
259.9595
260.0022
260.1164
260.3328
260.3391
260.3501
260.3784
260.3917
260.4068
260.4332
260.4494
260.4562
260.4665
260.4835
260.4902
260.5065
260.5244
260.5349
260.5648
260.5898
260.6734
260.751
260.7918
260.7929
260.8103
260.8165
260.8402
260.8736
260.9422
260.9599
261.0289
261.0467
261.0771
261.0852
261.0938
261.1162
261.1432
261.1861
261.2366
261.25
261.2674
261.2949
261.3042
261.3156
261.3342
261.4154
261.4194
261.4289
261.4415
261.5102
261.6342
261.647
261.6745
261.6974
261.7599
261.7708
261.7995
261.8149
261.8739
261.9316
261.9472
261.9741
261.9839
261.9972
262.0349
262.0851
262.1362
262.1695
262.2075
262.2157
262.2975
262.3047
262.3274
262.3364
262.3415
262.3826
262.4381
262.4455
262.4613
262.4867
262.5
262.5164
262.5316
262.5411
262.5544
262.5967
262.6323
262.6477
262.6696
262.7302
262.7418
262.7664
262.7763
262.798
262.8143
262.84
262.876
262.8868
262.9211
262.9302
262.9421
262.9549
262.9693
262.9854
262.9954
263.0283
263.0466
263.108
263.1404
263.18
263.1897
263.1999
263.2139
263.2227
263.2351
263.2618
263.6814
263.7323
263.7663
263.8284
263.9663
263.9789
263.9997
264.0976
264.151
264.2596
264.279
264.3061
264.3163
264.3321
264.4219
264.4486
264.6952
264.7225
264.7697
264.8418
264.848
264.8585
264.8864
264.9073
264.951
264.9809
265.08
265.1216
265.1903
265.3565
265.4391
265.5262
265.5759
265.627
265.6365
265.9952
266.0894
266.2966
266.3039
266.307
266.3278
266.3365
266.3614
266.3798
266.3947
266.4019
266.4149
266.4323
266.4654
266.4805
266.4993
266.5096
266.517
266.5279
266.5414
266.5605
266.5677
266.5911
266.6314
266.6504
266.6973
266.7189
266.7581
266.7726
266.7899
266.8535
266.8705
266.914
266.9358
266.9776
266.9923
267.0427
267.0799
267.1613
267.1816
267.1889
267.2109
267.2241
267.2414
267.2969
267.3448
267.3604
267.3927
267.4084
267.4881
267.5774
267.6143
267.6562
267.7006
267.7778
267.8071
267.8813
267.9261
267.9454
267.9829
268.0064
268.022
268.0398
268.093
268.1029
268.1889
268.2397
268.2956
268.3146
268.3291
268.331
268.3424
268.369
268.3759
268.3971
268.4047
268.4382
268.4423
268.4522
268.4631
268.4703
268.4962
268.5045
268.528
268.5409
268.5563
268.5839
268.5908
268.6462
268.6667
268.6877
268.6971
268.711
268.7403
268.7452
268.7671
268.779
268.8036
268.8178
268.8482
268.8772
268.9275
268.9701
268.9856
269.0149
269.0226
269.0418
269.1204
269.14
269.1588
269.2008
269.4379
269.6057
269.6135
269.6291
269.6527
269.7548
269.9207
269.9268
269.9359
269.9464
269.9587
269.9707
270.0474
270.0658
270.088
270.2968
270.3883
270.4234
270.4503
270.4729
270.5393
270.5774
270.6014
270.6124
270.6962
270.832
270.8606
270.8899
270.9707
271.0114
271.0175
271.0464
271.1805
271.3026
271.3223
271.3919
271.5765
271.6081
271.6616
271.8425
271.9026
272.0613
272.252
272.2626
272.291
272.3149
272.3238
272.3315
272.3657
272.3715
272.3856
272.3967
272.4035
272.4169
272.4247
272.4352
272.4638
272.4811
272.493
272.5037
272.5221
272.5399
272.5957
272.6071
272.6138
272.6253
272.7267
272.736
272.764
272.7861
272.8064
272.8424
272.845
272.8789
272.8921
272.9323
272.9758
273.0207
273.0424
273.056
273.0654
273.1543
273.1839
273.2072
273.2177
273.2308
273.2695
273.2947
273.3447
273.351
273.3697
273.3835
273.4229
273.4653
273.4784
273.5548
273.5815
273.5912
273.6035
273.6395
273.7451
273.7787
273.8204
273.8333
273.8439
273.8687
273.9033
273.965
274.0006
274.0346
274.0749
274.1483
274.1646
274.1963
274.2074
274.2187
274.2725
274.2891
274.3007
274.3291
274.3685
274.3791
274.393
274.4105
274.4205
274.4321
274.4557
274.4719
274.4816
274.5034
274.558
274.5889
274.6013
274.6247
274.6694
274.6863
274.7081
274.717
274.7305
274.7739
274.8133
274.8395
274.8712
274.8948
274.9124
274.953
274.9651
274.9778
274.9977
275.0438
275.0773
275.0985
275.1111
275.1391
275.149
275.174
275.1821
275.2346
275.5164
275.5244
275.6062
275.6327
275.7064
275.727
275.7388
275.811
275.891
275.9961
276.0155
276.0593
276.1512
276.2168
276.2433
276.3824
276.4097
276.4749
276.4842
276.5352
276.5779
276.6972
276.7236
276.7367
276.753
276.824
276.8351
276.9081
276.9813
277.0829
277.1021
277.1512
277.2404
277.2476
277.3065
277.513
277.6167
277.6466
277.7915
278.1079
278.2228
278.2259
278.2431
278.2543
278.2647
278.3004
278.323
278.3269
278.3279
278.3376
278.3609
278.3759
278.3883
278.3938
278.4102
278.4284
278.4446
278.455
278.4587
278.4806
278.4995
278.5147
278.5234
278.542
278.5992
278.6171
278.624
278.6446
278.7166
278.7381
278.7685
278.7758
278.7997
278.8049
278.8493
278.8621
278.8918
278.9361
278.9406
278.9459
278.962
278.9865
279.0015
279.0427
279.0706
279.1588
279.1942
279.2243
279.2521
279.3248
279.3564
279.4312
279.4695
279.4799
279.5208
279.5479
279.5905
279.6977
279.7109
279.7227
279.738
279.7499
279.7681
279.778
279.8037
279.946
279.9898
280.027
280.0323
280.0531
280.0657
280.0972
280.1691
280.191
280.2212
280.2228
280.2405
280.2449
280.2563
280.2844
280.301
280.3087
280.3202
280.3229
280.324
280.3336
280.3436
280.3493
280.3611
280.3899
280.4159
280.4315
280.4477
280.4621
280.5034
280.5265
280.5391
280.5663
280.583
280.6022
280.6212
280.6371
280.6437
280.6519
280.6637
280.6875
280.6991
280.718
280.7421
280.7675
280.7941
280.8162
280.8362
280.8825
280.8935
280.9383
280.9527
280.9797
280.9978
281.0152
281.0256
281.0383
281.0565
281.0764
281.0848
281.0908
281.1046
281.1164
281.1308
281.1486
281.1717
281.2274
281.4859
281.6744
281.6908
281.7105
281.7263
281.7695
281.773
281.8322
281.959
282.0599
282.0729
282.0891
282.1045
282.1154
282.2245
282.297
282.3082
282.3428
282.3682
282.4592
282.4826
282.5727
282.6481
282.6816
282.7538
282.788
282.796
282.8994
282.9315
283.1768
283.296
283.7578
283.9667
284.1654
284.1719
284.1788
284.1869
284.2019
284.2219
284.2296
284.2332
284.2459
284.2504
284.2933
284.2974
284.3099
284.3134
284.3314
284.3424
284.3527
284.3627
284.3765
284.381
284.4021
284.4237
284.4384
284.4633
284.4663
284.4841
284.504
284.5176
284.5468
284.5777
284.6494
284.6684
284.6876
284.7026
284.7228
284.736
284.7559
284.7676
284.8
284.8185
284.8364
284.8839
284.9569
284.9708
285.128
285.144
285.1696
285.1996
285.2075
285.2235
285.2343
285.249
285.2955
285.4531
285.4685
285.5391
285.5637
285.6661
285.6971
285.7046
285.7305
285.8124
285.8672
285.9448
285.9525
285.9862
286.0155
286.0474
286.081
286.0967
286.1141
286.1234
286.1388
286.1688
286.178
286.2038
286.2148
286.2231
286.2335
286.2498
286.2639
286.2751
286.285
286.2931
286.3094
286.3163
286.3404
286.3537
286.3671
286.3756
286.4032
286.4432
286.4562
286.4866
286.5121
286.5306
286.542
286.5636
286.5777
286.5967
286.6173
286.6226
286.6357
286.6458
286.6562
286.6958
286.7065
286.7341
286.7644
286.7765
286.8135
286.8328
286.8602
286.8728
286.9218
286.961
286.9814
286.9965
287.0081
287.0777
287.1031
287.2541
287.3953
287.4061
287.4521
287.4925
287.5197
287.6765
287.7529
287.7921
287.8315
287.859
287.8721
287.9068
288.091
288.1572
288.2337
288.2518
288.322
288.3454
288.3897
288.6679
288.703
288.7331
288.7802
288.7955
288.9222
288.9766
289.0138
289.1282
289.2204
289.2331
289.2789
289.3046
289.3097
289.6508
289.6666
290.1226
290.1254
290.1281
290.141
290.1618
290.177
290.196
290.2011
290.2298
290.2389
290.246
290.2515
290.2666
290.3
290.312
290.3195
290.3339
290.3518
290.3591
290.3642
290.4109
290.4435
290.4526
290.4764
290.5256
290.5868
290.6393
290.6571
290.6855
290.697
290.7105
290.7636
290.7822
290.8013
290.8268
290.8322
290.8765
291.0707
291.1499
291.2066
291.2206
291.2656
291.3045
291.3412
291.3525
291.3662
291.3796
291.4269
291.4567
291.4734
291.5207
291.5599
291.6004
291.6085
291.6287
291.6545
291.6779
291.6874
291.7229
291.7461
291.8743
291.8857
291.8993
291.9316
292.0488
292.0844
292.098
292.1066
292.1133
292.1517
292.1729
292.1847
292.1955
292.2022
292.2186
292.2215
292.2272
292.2427
292.2605
292.2658
292.2833
292.3024
292.3143
292.3257
292.4035
292.4124
292.4362
292.4389
292.4585
292.4894
292.5312
292.5536
292.5644
292.5969
292.6012
292.636
292.6433
292.6856
292.7238
292.763
292.8018
292.8228
292.8368
292.8728
292.9276
292.9532
292.9799
293.0153
293.0374
293.0463
293.0589
293.0761
293.1259
293.3139
293.3469
293.5444
293.5507
293.5641
293.5991
293.6508
293.7451
293.7649
293.7762
293.8769
293.9521
293.9829
294.0318
294.0493
294.146
294.178
294.22
294.2619
294.3145
294.3324
294.4236
294.5102
294.5691
294.5899
294.6046
294.6247
294.6766
294.762
294.8318
294.853
294.8826
294.9224
295.006
295.0834
295.1433
295.3857
295.3912
295.4269
295.4601
295.511
295.5213
295.9874
296.0777
296.0959
296.1079
296.1357
296.1522
296.16
296.1628
296.1774
296.2022
296.2101
296.2138
296.2322
296.2335
296.2362
296.2592
296.288
296.3243
296.3399
296.3498
296.3863
296.3928
296.4059
296.4274
296.4592
296.4798
296.4865
296.4955
296.53
296.5485
296.5718
296.6054
296.6225
296.6389
296.6492
296.6711
296.7111
296.7567
296.8124
296.8607
296.8908
296.8991
296.9117
296.9297
297.0274
297.0692
297.0899
297.16
297.2526
297.3085
297.3227
297.3363
297.3652
297.3923
297.4188
297.4412
297.4935
297.5114
297.5307
297.5431
297.5802
297.629
297.6709
297.7515
297.8278
297.8391
297.8906
297.943
297.971
297.9757
298.0312
298.0378
298.0491
298.0614
298.0714
298.0758
298.0953
298.1052
298.1377
298.1555
298.1622
298.184
298.1927
298.216
298.2267
298.2363
298.2697
298.279
298.2919
298.305
298.3175
298.3297
298.3473
298.4112
298.4394
298.4461
298.4768
298.4988
298.5264
298.5579
298.5732
298.6212
298.6775
298.7152
298.733
298.7638
298.7887
298.82
298.8533
298.8766
298.901
298.9137
298.9482
299.001
299.0758
299.3756
299.5272
299.6577
299.665
299.7022
299.884
300.0108
300.0229
300.0348
300.0678
300.1131
300.1329
300.1796
300.5021
300.5711
300.5894
300.718
300.7594
300.7997
300.847
300.8856
301.0154
301.1108
301.2179
301.2648
301.423
301.5607
302.0306
302.0376
302.0395
302.0477
302.0514
302.0703
302.1018
302.1061
302.111
302.1183
302.1271
302.131
302.1432
302.1505
302.1516
302.1575
302.1798
302.1891
302.1963
302.2321
302.2358
302.2553
302.2716
302.2923
302.3078
302.3283
302.3413
302.3658
302.3798
302.3957
302.4143
302.4237
302.4804
302.5103
302.5266
302.5525
302.5638
302.5831
302.5997
302.611
302.6412
302.7838
302.7927
302.8164
302.8434
302.8624
302.9619
302.9814
303.0027
303.0263
303.0293
303.0721
303.0856
303.1343
303.1628
303.1843
303.2334
303.3175
303.3449
303.3754
303.4162
303.4651
303.5005
303.6394
303.6733
303.7008
303.8016
303.8148
303.8522
303.8846
303.9164
303.9813
304.0093
304.0237
304.0443
304.0528
304.0592
304.0643
304.0872
304.0982
304.1121
304.1219
304.1382
304.1669
304.1713
304.1768
304.1976
304.2149
304.2362
304.2535
304.2587
304.3039
304.3221
304.3526
304.3707
304.4054
304.4249
304.4669
304.4768
304.4963
304.5098
304.5252
304.5501
304.5625
304.5879
304.602
304.6062
304.6321
304.6661
304.6936
304.7164
304.77
304.7802
304.8324
304.8443
304.8754
304.8853
304.8953
304.9039
304.9413
304.9546
304.9999
305.3895
305.4175
305.4494
305.5697
305.6509
305.664
305.6853
305.808
305.9133
305.9343
305.957
306.036
306.0835
306.1352
306.1672
306.1916
306.1974
306.2357
306.2788
306.3532
306.4044
306.438
306.628
306.6519
306.6823
306.7022
306.7303
306.7512
306.7801
306.8126
306.8401
306.8971
307.0988
307.1255
307.1286
307.2051
307.2343
307.24
307.2723
307.4553
307.5406
307.8202
307.9963
308.0002
308.0272
308.0403
308.0414
308.0621
308.0636
308.0699
308.0739
308.0903
308.1075
308.1154
308.1206
308.1365
308.1448
308.1585
308.168
308.1736
308.1835
308.1845
308.199
308.2065
308.2229
308.2358
308.2928
308.3143
308.3406
308.3766
308.3953
308.4261
308.4395
308.4549
308.4975
308.5132
308.5258
308.5502
308.5592
308.7066
308.7282
308.7499
308.7663
308.7879
308.8153
308.8338
308.8865
308.9833
309.0052
309.0289
309.0484
309.0599
309.1494
309.2195
309.2614
309.2955
309.3011
309.3224
309.3343
309.3438
309.3732
309.4711
309.4963
309.5515
309.6737
309.6965
309.7086
309.7232
309.7288
309.7437
309.7542
309.7792
309.8181
309.883
309.9066
309.9722
309.9868
310.0073
310.0143
310.0259
310.0478
310.0614
310.0922
310.0985
310.1144
310.1265
310.1463
310.1535
310.1657
310.1725
310.1876
310.2237
310.2355
310.2457
310.2612
310.3045
310.3114
310.3258
310.3365
310.3527
310.3677
310.4229
310.4365
310.4728
310.4986
310.5102
310.521
310.5441
310.5817
310.6149
310.6282
310.6626
310.7425
310.7631
310.7708
310.793
310.8071
310.8215
310.8468
310.8691
310.9235
310.9533
311.2016
311.3304
311.3649
311.4839
311.5309
311.5439
311.5781
311.6023
311.664
311.6875
311.6996
311.7046
311.8914
311.9112
312.0133
312.0334
312.0467
312.0675
312.1735
312.1984
312.2147
312.2528
312.2838
312.5127
312.5602
312.5641
312.5842
312.8095
312.8226
312.9012
312.9072
313.0043
313.0338
313.0741
313.1318
313.9566
313.9601
313.9613
313.9667
314.008
314.0311
314.0339
314.0435
314.0497
314.0549
314.0662
314.0751
314.0896
314.1021
314.1218
314.141
314.1475
314.1622
314.1728
314.1868
314.202
314.2211
314.226
314.2461
314.2709
314.3088
314.3248
314.3583
314.3694
314.3708
314.3771
314.391
314.4032
314.4233
314.4317
314.4551
314.4962
314.5788
314.6009
314.6277
314.6727
314.6957
314.7356
314.7637
314.8152
314.8389
314.8874
314.9351
315.0074
315.055
315.0699
315.0894
315.1247
315.3183
315.337
315.3471
315.351
315.3949
315.4314
315.4438
315.557
315.5668
315.7322
315.7621
315.8679
315.885
315.936
315.9452
315.9561
315.9696
315.9777
315.9942
316.0066
316.0149
316.0255
316.0361
316.0441
316.0666
316.0707
316.0815
316.0984
316.1095
316.1295
316.1517
316.2107
316.2256
316.2613
316.2802
316.3071
316.32
316.3926
316.4242
316.4304
316.4395
316.4502
316.4699
316.5132
316.5309
316.5378
316.5715
316.5992
316.6165
316.6334
316.6625
316.6996
316.7127
316.7471
316.7588
316.7852
316.8461
316.8758
316.8986
316.9201
317.293
317.3229
317.3424
317.473
317.5379
317.5549
317.5701
317.5982
317.6263
317.6884
317.7733
317.9804
318.0125
318.0389
318.0485
318.0652
318.0783
318.1368
318.1596
318.2938
318.302
318.3188
318.3291
318.503
318.5146
318.5439
318.5586
318.5893
318.6445
318.6905
318.7133
318.7782
318.8172
318.9452
318.9592
318.9805
319.1457
319.1485
319.197
319.4425
319.6755
319.8141
319.851
319.9043
319.9066
319.9131
319.9203
319.9308
319.9393
319.9582
319.9715
319.983
320.0018
320.0191
320.0287
320.0436
320.0658
320.074
320.0775
320.0908
320.0988
320.1065
320.1193
320.1297
320.1872
320.2157
320.2468
320.2692
320.2747
320.2839
320.3127
320.3196
320.3323
320.3452
320.3558
320.38
320.4011
320.4233
320.4324
320.4498
320.4841
320.5121
320.5424
320.6644
320.7338
320.7572
320.7665
320.837
320.8878
320.9396
320.9619
320.9867
321.0158
321.1349
321.146
321.1688
321.1946
321.2103
321.227
321.2552
321.3505
321.3696
321.3961
321.407
321.4688
321.513
321.5903
321.6613
321.6714
321.8675
321.8866
321.9079
321.9312
321.9545
321.9591
321.9702
321.9888
322.0121
322.0224
322.0276
322.041
322.0499
322.0607
322.0745
322.1043
322.1255
322.165
322.1767
322.1909
322.1977
322.2407
322.2458
322.2791
322.3283
322.3428
322.3551
322.3627
322.388
322.3969
322.4048
322.4287
322.4543
322.461
322.4901
322.4999
322.5141
322.5346
322.613
322.6213
322.6517
322.6792
322.7149
322.7343
322.7461
322.7606
322.7886
322.805
322.8209
322.8392
322.9357
323.158
323.1716
323.178
323.1902
323.2901
323.312
323.3275
323.3624
323.4753
323.539
323.6433
323.6778
323.6977
323.7449
323.8673
323.9061
323.9198
323.9351
323.9553
324.0426
324.0789
324.1321
324.1731
324.1855
324.2141
324.2517
324.285
324.3183
324.3474
324.3586
324.5414
324.5531
324.607
324.708
324.7616
324.7765
324.8538
324.9154
325.1834
325.4375
325.5826
325.8707
325.8772
325.8809
325.913
325.9196
325.946
325.9523
325.9668
325.9701
325.9957
326.0131
326.0203
326.0265
326.0566
326.0822
326.0962
326.1358
326.1856
326.193
326.2123
326.2312
326.2376
326.2911
326.3344
326.354
326.3746
326.3888
326.4059
326.4274
326.4585
326.4799
326.5043
326.5288
326.5503
326.5594
326.6037
326.6318
326.7567
326.7738
326.8238
326.8341
326.9753
326.9801
327.0005
327.0275
327.0518
327.1293
327.2335
327.2514
327.3252
327.3672
327.3814
327.4281
327.4794
327.5087
327.5454
327.5667
327.6073
327.6451
327.7195
327.7533
327.8181
327.8248
327.8673
327.8873
327.8904
327.9117
327.9159
327.9356
327.9475
327.9619
327.9702
327.9802
327.9938
328.0538
328.0646
328.0819
328.1024
328.1232
328.1504
328.1789
328.2046
328.2572
328.2735
328.3024
328.318
328.3471
328.374
328.3987
328.4173
328.4302
328.4346
328.4606
328.4851
328.547
328.5565
328.5664
328.5779
328.6011
328.6181
328.6419
328.6884
328.7147
328.7894
329.1433
329.1634
329.2316
329.2715
329.3527
329.4125
329.4866
329.5113
329.5194
329.5667
329.5722
329.6891
329.7802
329.8616
329.9385
329.9649
329.992
330.0077
330.0554
330.132
330.1457
330.1524
330.1647
330.2558
330.333
330.3884
330.4077
330.4939
330.5381
330.6068
330.6084
330.6263
330.6341
330.66
330.6778
330.7573
330.7753
330.8348
331.0396
331.3847
331.5086
331.5438
331.8198
331.8417
331.8603
331.8769
331.8928
331.8987
331.9057
331.9106
331.912
331.9145
331.941
331.9469
331.9671
331.9762
331.9864
332.0155
332.0193
332.0478
332.0569
332.0743
332.1284
332.1463
332.1585
332.1738
332.1979
332.2181
332.2293
332.2667
332.2801
332.293
332.3376
332.3702
332.3975
332.4102
332.4462
332.4796
332.4943
332.5584
332.573
332.6622
332.6695
332.6837
332.7096
332.7257
332.8758
332.8968
332.9122
332.9361
332.9415
332.9766
332.9962
333.0356
333.0852
333.1334
333.1967
333.231
333.247
333.2632
333.2831
333.3023
333.3358
333.3531
333.3779
333.3953
333.4081
333.4394
333.4739
333.6217
333.7385
333.7639
333.778
333.7903
333.8116
333.8258
333.8445
333.8737
333.8854
333.8985
333.9103
333.9335
333.9672
333.9775
333.9889
334.0061
334.0299
334.0552
334.0666
334.0996
334.1181
334.155
334.1809
334.1878
334.2113
334.2242
334.2434
334.2658
334.2756
334.2864
334.2995
334.3309
334.3778
334.4013
334.4124
334.4299
334.4509
334.4725
334.4903
334.4963
334.5733
334.5832
334.6073
334.6541
334.6726
334.6859
334.708
334.7171
334.7351
335.0855
335.107
335.121
335.2828
335.2929
335.3259
335.351
335.468
335.5146
335.5589
335.7783
335.7961
335.811
335.8295
335.9507
335.9581
335.9761
336.007
336.2217
336.2529
336.2873
336.3758
336.3849
336.5211
336.5566
336.6922
336.7044
336.7773
336.8519
336.9033
336.9702
337.0408
337.2239
337.7798
337.8024
337.8462
337.8547
337.8589
337.8723
337.8758
337.895
337.9001
337.9051
337.9345
337.9384
337.9497
337.9666
337.9761
337.9992
338.0238
338.0408
338.0492
338.0546
338.0675
338.0798
338.1206
338.1325
338.1508
338.1608
338.192
338.2207
338.2434
338.2591
338.2681
338.2986
338.3231
338.3498
338.3767
338.4166
338.4434
338.4987
338.6135
338.6325
338.6852
338.7194
338.7267
338.7596
338.7725
338.8021
338.8899
338.9127
338.9892
338.995
339.005
339.0681
339.0923
339.119
339.2081
339.2229
339.2347
339.379
339.3919
339.4097
339.5256
339.5347
339.5439
339.5496
339.5755
339.5946
339.6025
339.6301
339.6657
339.6887
339.6986
339.7355
339.7678
339.781
339.8034
339.8211
339.8341
339.8504
339.8708
339.8781
339.889
339.92
339.9281
339.9385
339.9517
339.9659
339.9815
339.991
339.9972
340.0197
340.045
340.057
340.1006
340.1751
340.1933
340.2128
340.2309
340.2483
340.2576
340.2699
340.31
340.3204
340.3502
340.3611
340.3711
340.3923
340.4382
340.4444
340.4726
340.4878
340.498
340.535
340.5758
340.5868
340.6346
340.6601
340.7366
340.9147
340.9837
341.0271
341.0607
341.1513
341.2173
341.3227
341.5025
341.5127
341.545
341.6281
341.6386
341.6508
341.7175
341.7517
341.7619
341.7948
341.9649
342.0009
342.0469
342.1305
342.1722
342.2382
342.2806
342.3127
342.3714
342.4731
342.4949
342.5998
342.6927
342.7071
342.728
342.7635
342.7893
342.9062
342.9337
342.9876
343.1168
343.3821
343.5775
343.7397
343.7449
343.7499
343.7735
343.7753
343.7853
343.799
343.8159
343.822
343.8403
343.8553
343.8766
343.8821
343.9005
343.9054
343.9093
343.922
343.9428
343.9494
343.9685
343.9832
344.0053
344.0728
344.0881
344.1071
344.1229
344.1468
344.1612
344.1735
344.1775
344.2277
344.2472
344.2695
344.281
344.3021
344.3194
344.3377
344.3517
344.3882
344.4258
344.4399
344.4863
344.5093
344.5833
344.605
344.6339
344.7091
344.7264
344.7695
344.8546
344.8793
344.8922
344.9111
344.9219
344.9437
344.9844
345.0132
345.0345
345.0579
345.1147
345.1397
345.2208
345.2298
345.2761
345.2986
345.3107
345.32
345.361
345.605
345.6205
345.6581
345.7165
345.727
345.7431
345.7849
345.7999
345.8208
345.8404
345.8471
345.86
345.8674
345.8809
345.9068
345.9202
345.9526
345.9732
346.0467
346.0527
346.0657
346.1053
346.1247
346.1606
346.1772
346.2047
346.2223
346.233
346.2394
346.2549
346.2702
346.2897
346.309
346.3312
346.3703
346.4116
346.4188
346.4351
346.4548
346.4767
346.5074
346.5165
346.5506
346.5621
346.5794
346.5872
346.5929
346.6176
346.6383
346.6697
347.0326
347.0818
347.2331
347.2739
347.3138
347.3298
347.3368
347.3499
347.483
347.5097
347.5222
347.7245
347.7906
347.974
348.0042
348.0281
348.0718
348.092
348.1048
348.1197
348.1933
348.2262
348.2303
348.3015
348.3202
348.3291
348.3519
348.3673
348.3842
348.5373
348.5541
348.5668
348.8328
349.4601
349.4991
349.6952
349.7013
349.7074
349.726
349.7439
349.7612
349.7677
349.7715
349.788
349.7961
349.8073
349.8367
349.8482
349.853
349.8651
349.8722
349.8928
349.9147
349.9328
349.9511
349.9669
349.9734
350.0063
350.0617
350.0747
350.0848
350.1147
350.1721
350.2274
350.2619
350.2744
350.3116
350.3446
350.3715
350.3905
350.4402
350.4452
350.4529
350.467
350.4911
350.5115
350.5268
350.5477
350.5683
350.5914
350.6204
350.7097
350.7757
350.8774
350.8939
350.9097
350.9217
350.9445
350.9677
350.9715
350.9906
351.0662
351.1983
351.2541
351.2913
351.3096
351.3342
351.3483
351.361
351.4562
351.4995
351.5653
351.5978
351.6073
351.6281
351.6437
351.6541
351.668
351.6691
351.6773
351.7034
351.729
351.7347
351.7515
351.7579
351.7894
351.8088
351.825
351.8437
351.8701
351.8924
351.9043
351.9092
351.9284
351.9639
351.9828
351.9878
352.0045
352.0096
352.0237
352.0494
352.0559
352.0714
352.0909
352.1562
352.1797
352.2177
352.2319
352.2347
352.3167
352.3489
352.3501
352.3633
352.3833
352.4174
352.4236
352.4509
352.4922
352.5076
352.5335
352.5636
352.5807
352.5868
352.6029
352.6415
352.7442
353.0349
353.0958
353.122
353.189
353.2045
353.2121
353.2333
353.2682
353.4367
353.5149
353.5522
353.5696
353.6563
353.6989
353.7302
353.831
353.8749
353.9059
353.9588
353.995
354.0192
354.1836
354.1849
354.2597
354.2869
354.3509
354.3769
354.3843
354.4144
354.4925
354.5096
354.5313
354.5468
354.5807
354.6469
354.6853
354.689
354.7693
354.8123
354.9243
355.0304
355.0509
355.1661
355.339
355.4949
355.6574
355.6726
355.6763
355.6978
355.7066
355.712
355.7151
355.7359
355.7481
355.7707
355.7751
355.7764
355.7829
355.7999
355.8064
355.8109
355.818
355.8331
355.8416
355.8521
355.8612
355.8761
355.8968
355.9067
355.9155
355.9256
355.9476
355.9564
355.9688
355.9912
355.9969
356.0312
356.0464
356.0613
356.0787
356.2185
356.2429
356.2632
356.2778
356.2936
356.3048
356.3681
356.4075
356.4986
356.5084
356.5275
356.5546
356.5696
356.6734
356.7001
356.7068
356.7145
356.729
356.7406
356.7716
356.8099
356.863
356.8942
356.9094
356.9615
357.0263
357.1322
357.1547
357.1796
357.2347
357.2628
357.305
357.3239
357.3463
357.3733
357.3948
357.4241
357.4916
357.5284
357.5901
357.6085
357.6401
357.6602
357.6702
357.6773
357.6903
357.6973
357.7031
357.7101
357.7336
357.7529
357.7711
357.7951
357.8079
357.8666
357.8919
357.9018
357.9081
357.9233
357.9395
357.9434
357.9586
357.9684
357.9847
357.9903
358.009
358.0179
358.034
358.0833
358.1334
358.1444
358.1674
358.2205
358.2248
358.2537
358.2648
358.2745
358.2819
358.3015
358.3148
358.326
358.3487
358.3673
358.3833
358.4486
358.4695
358.4904
358.5062
358.5663
358.5797
358.6163
358.6541
358.9431
358.9924
359.0582
359.1249
359.1537
359.1747
359.1923
359.2209
359.2596
359.3043
359.3621
359.3986
359.4312
359.5619
359.5787
359.6267
359.651
359.6548
359.6715
359.6863
359.7013
359.717
359.9901
360.0547
360.0905
360.1187
360.1289
360.1536
360.1659
360.2064
360.2144
360.2431
360.2816
360.4339
360.4445
360.4682
360.6125
360.619
360.6535
360.6844
360.7049
360.7177
360.7525
361.1209
361.2688
361.3036
361.3831
361.5096
361.6131
361.617
361.6316
361.6524
361.6776
361.6792
361.6846
361.6958
361.6984
361.7106
361.7161
361.7217
361.736
361.7429
361.7561
361.7791
361.7911
361.7979
361.8276
361.8487
361.8569
361.8782
361.9058
361.9186
361.9238
361.9466
361.963
361.9696
361.9854
361.9901
362.0013
362.0097
362.0352
362.0506
362.1063
362.1168
362.1314
362.1419
362.1564
362.1718
362.174
362.1813
362.1828
362.2074
362.2253
362.2419
362.259
362.2686
362.293
362.3153
362.3974
362.423
362.4774
362.5941
362.6225
362.6393
362.6503
362.6568
362.7001
362.7451
362.8075
362.8256
362.842
362.8844
362.9308
362.9599
362.9667
363.01
363.0202
363.026
363.0536
363.1128
363.1531
363.2353
363.2497
363.2627
363.2718
363.2865
363.2985
363.3696
363.4611
363.4967
363.5117
363.527
363.5768
363.5977
363.6174
363.6227
363.632
363.6425
363.6461
363.6618
363.6684
363.6724
363.6891
363.7194
363.7323
363.7461
363.7697
363.7814
363.805
363.814
363.841
363.8898
363.923
363.9439
363.9567
363.9703
363.982
364.0002
364.0129
364.0266
364.044
364.0625
364.0764
364.1125
364.1376
364.149
364.163
364.1872
364.1933
364.262
364.2725
364.2856
364.3114
364.3271
364.372
364.4195
364.4308
364.4391
364.4595
364.4608
364.4947
364.5102
364.5427
364.5625
364.5676
364.6664
364.7546
364.906
364.9432
364.973
365.0097
365.1635
365.18
365.317
365.3307
365.3396
365.3523
365.5089
365.5632
365.5987
365.6208
365.643
365.6836
365.6955
365.7509
365.7656
365.8787
365.9027
365.9402
365.9589
365.9679
365.9961
366.028
366.1718
366.3418
366.4571
366.4925
366.6086
366.6243
366.7026
366.8058
366.954
366.9986
367.0037
367.0094
367.1784
367.3804
367.5181
367.5715
367.5891
367.5904
367.6005
367.6046
367.6174
367.619
367.6381
367.6475
367.6502
367.6561
367.6733
367.6823
367.6952
367.7036
367.731
367.7522
367.7665
367.7815
367.7892
367.8007
367.8107
367.8367
367.8594
367.8756
367.888
367.9119
367.9275
367.9793
368.0145
368.0221
368.0373
368.0465
368.0572
368.0744
368.0849
368.1409
368.1613
368.1813
368.1904
368.2166
368.2256
368.2661
368.2814
368.3179
368.3624
368.406
368.4149
368.4477
368.474
368.5266
368.573
368.5866
368.6503
368.6639
368.6811
368.6937
368.7103
368.7465
368.8738
368.8785
368.8885
368.9083
368.92
368.9636
368.9855
369.0977
369.1214
369.2258
369.2423
369.2517
369.2772
369.3095
369.3438
369.4268
369.4384
369.4669
369.491
369.5116
369.528
369.547
369.5648
369.5747
369.5914
369.5975
369.6101
369.6198
369.6453
369.6539
369.6826
369.6872
369.7114
369.7207
369.7357
369.7433
369.7509
369.7861
369.804
369.9007
369.9225
369.9352
369.9435
369.9692
369.9919
370.0154
370.0321
370.0597
370.0826
370.0907
370.1073
370.1269
370.1434
370.1546
370.172
370.206
370.2184
370.2441
370.2693
370.2997
370.3161
370.3364
370.4006
370.4133
370.4527
370.4836
370.4849
370.5134
370.8195
370.8475
370.8968
371.0005
371.0136
371.0332
371.0371
371.0512
371.064
371.0961
371.1515
371.1755
371.2992
371.3542
371.4556
371.5544
371.5744
371.5817
371.6968
371.7599
371.7774
371.797
371.8204
371.8335
371.8475
371.8638
371.8966
371.9148
371.9319
372.1225
372.1425
372.1619
372.178
372.3234
372.4052
372.4565
372.4823
372.4954
372.5437
372.5566
372.5782
372.582
372.6032
372.6807
372.7317
373.0249
373.0984
373.21
373.2534
373.3426
373.4595
373.5268
373.5301
373.5414
373.5531
373.5579
373.5715
373.5774
373.5827
373.6022
373.6147
373.628
373.6445
373.6507
373.6637
373.6718
373.6752
373.6876
373.7467
373.7537
373.7777
373.7969
373.8147
373.8902
373.9018
373.9055
373.9175
373.9483
373.9553
374.0473
374.0616
374.0743
374.1189
374.1284
374.1615
374.2112
374.2393
374.258
374.3289
374.331
374.3487
374.374
374.3857
374.4029
374.4472
374.4513
374.557
374.5955
374.604
374.6218
374.6506
374.7307
374.775
374.7999
374.8138
374.8393
374.8841
374.9062
375.0638
375.0844
375.1804
375.2097
375.225
375.3251
375.3628
375.3878
375.4419
375.4881
375.4942
375.5103
375.5247
375.5367
375.5663
375.5886
375.5955
375.6128
375.6578
375.6825
375.7157
375.7719
375.8093
375.8264
375.8367
375.8459
375.8573
375.9094
375.9235
375.9686
376.0098
376.0253
376.0467
376.0662
376.0822
376.1016
376.1123
376.123
376.1391
376.1534
376.1918
376.2063
376.2366
376.2561
376.2671
376.2862
376.3041
376.3247
376.3445
376.3575
376.3708
376.4152
376.5334
376.767
376.8585
376.9144
376.9288
376.9621
377.0273
377.0852
377.119
377.1919
377.2466
377.2827
377.3584
377.4617
377.4951
377.4985
377.5135
377.546
377.5582
377.6
377.6417
377.775
377.8896
377.9117
377.9223
377.9704
378.036
378.0486
378.103
378.1719
378.2035
378.2719
378.2804
378.3816
378.4066
378.4334
378.4735
378.6091
378.6172
378.6404
378.8303
379.198
379.2786
379.4928
379.4982
379.5063
379.5406
379.5488
379.56
379.5652
379.5867
379.6032
379.6203
379.6397
379.6615
379.6708
379.696
379.7071
379.7236
379.7664
379.7822
379.8481
379.8702
379.9064
379.9585
379.9624
379.9828
379.9895
380.0156
380.0588
380.0803
380.1071
380.1154
380.1607
380.1854
380.2088
380.2318
380.3394
380.3731
380.3942
380.4031
380.5174
380.5604
380.6191
380.633
380.6448
380.7092
380.8245
380.8465
380.8722
380.914
380.9501
381.1165
381.1359
381.1713
381.1882
381.2149
381.2744
381.2896
381.307
381.3546
381.4396
381.4453
381.4644
381.4726
381.4842
381.4974
381.5298
381.5357
381.5486
381.571
381.5855
381.59
381.6338
381.6424
381.6536
381.6619
381.6674
381.6896
381.7136
381.7248
381.7643
381.8211
381.8284
381.8427
381.869
381.8868
381.8999
381.9472
381.9596
381.9744
381.9938
382.0342
382.0509
382.0722
382.0854
382.0889
382.1146
382.1531
382.1721
382.1964
382.2008
382.218
382.2357
382.3148
382.3356
382.344
382.3618
382.5438
382.8115
382.8266
382.8448
382.8604
382.8725
382.9188
383.0217
383.0569
383.079
383.1117
383.1509
383.1902
383.2929
383.5121
383.5475
383.559
383.6093
383.6228
383.6391
383.6576
383.7548
383.8692
383.8876
383.8936
383.9166
384.0609
384.1099
384.1354
384.1935
384.3015
384.4001
384.5325
384.6773
384.7678
384.9291
385.1041
385.1976
385.4589
385.4766
385.5077
385.5257
385.5436
385.5664
385.5775
385.6004
385.6222
385.6376
385.6464
385.6588
385.6693
385.6885
385.7
385.7054
385.7242
385.7481
385.7532
385.7634
385.7845
385.7893
385.8106
385.8623
385.901
385.9325
385.9553
385.9745
385.9904
386.0359
386.1361
386.1652
386.1754
386.205
386.2247
386.2353
386.2501
386.2777
386.2855
386.4178
386.433
386.4543
386.4825
386.5163
386.5415
386.5666
386.5875
386.6138
386.6349
386.661
386.6813
386.7959
386.8168
386.8473
386.9053
386.9175
386.9313
386.947
386.9482
386.9852
386.9991
387.0284
387.0696
387.1024
387.234
387.2458
387.3969
387.4093
387.4218
387.4429
387.4561
387.462
387.474
387.4827
387.4951
387.5051
387.5171
387.5224
387.5416
387.553
387.5753
387.5998
387.623
387.6431
387.6546
387.6743
387.7007
387.7095
387.7243
387.8221
387.8562
387.8745
387.9026
387.936
387.9507
387.9637
387.9718
387.9733
387.9856
388.0088
388.02
388.0345
388.0527
388.0884
388.1019
388.1034
388.134
388.1475
388.1831
388.2244
388.2379
388.3305
388.359
388.3815
388.3966
388.4868
388.5108
388.5265
388.5943
388.7144
388.7486
388.8397
388.9002
388.9356
389.1073
389.1401
389.1946
389.3563
389.4059
389.4266
389.5464
389.665
389.7314
389.758
389.7832
389.8445
389.9086
389.9216
389.9538
389.9668
390.0016
390.0169
390.0743
390.0833
390.3034
390.3251
390.3354
390.3625
390.4113
390.4474
390.4689
390.5349
390.6115
390.7883
391.3352
391.4062
391.411
391.4425
391.4481
391.4606
391.4766
391.4981
391.511
391.5158
391.5299
391.5409
391.5538
391.5685
391.6047
391.6127
391.6247
391.6555
391.6603
391.6819
391.7178
391.7288
391.7408
391.7635
391.7947
391.8441
391.9633
391.9736
391.9907
392.0177
392.0281
392.0419
392.0747
392.112
392.1555
392.2016
392.2351
392.2697
392.2895
392.3265
392.3596
392.3749
392.3964
392.5278
392.5955
392.6072
392.6269
392.6576
392.6735
392.7474
392.8007
392.8204
392.8771
392.8916
393.0399
393.0648
393.0711
393.0933
393.116
393.1488
393.1694
393.2265
393.2399
393.2676
393.3803
393.419
393.4494
393.4704
393.4778
393.4882
393.496
393.5091
393.5305
393.5409
393.5764
393.5824
393.587
393.602
393.6225
393.6443
393.6567
393.675
393.6963
393.7073
393.7392
393.7631
393.7887
393.8155
393.8568
393.8746
393.9087
393.9154
393.9346
393.9357
393.9494
393.9623
394.0237
394.0459
394.0794
394.1223
394.1335
394.1489
394.159
394.1801
394.1957
394.2117
394.2181
394.2586
394.2638
394.2946
394.3178
394.4066
394.6067
394.6622
394.7623
394.8056
394.8206
394.8822
394.8885
394.9419
394.9602
395.1072
395.1461
395.2402
395.2855
395.3978
395.4442
395.5885
395.6159
395.6326
395.6497
395.671
395.7301
395.7677
395.8522
395.9643
395.9875
396.0254
396.1188
396.1929
396.2051
396.2288
396.2359
396.2601
396.3436
396.3684
396.4268
396.4673
396.5382
396.5763
396.666
396.7463
396.8141
396.8994
397.063
397.0961
397.2895
397.355
397.3601
397.3666
397.398
397.4115
397.4248
397.4399
397.4526
397.4578
397.4644
397.4708
397.5066
397.5172
397.5278
397.5432
397.5655
397.5813
397.5997
397.6048
397.6098
397.649
397.6647
397.6833
397.6983
397.7637
397.7874
397.8267
397.8554
397.8725
397.928
397.9444
397.9647
397.9737
398.107
398.1145
398.1525
398.1871
398.2017
398.218
398.2434
398.325
398.3363
398.3555
398.3642
398.3778
398.3956
398.4335
398.4424
398.4963
398.5225
398.6742
398.6954
398.7145
398.7294
398.751
398.7658
398.8195
398.8362
398.9104
398.9281
398.9627
398.9754
398.9868
399.0071
399.0494
399.0896
399.1019
399.1217
399.1322
399.1416
399.1702
399.1896
399.2429
399.2791
399.2896
399.3004
399.3134
399.3367
399.3512
399.3617
399.3888
399.3954
399.414
399.4214
399.431
399.4445
399.4597
399.4912
399.5083
399.528
399.535
399.5618
399.5829
399.6121
399.62
399.6325
399.6593
399.6766
399.7076
399.717
399.762
399.7758
399.7964
399.8279
399.8394
399.8779
399.8868
399.9218
399.9839
400.0115
400.0306
400.0524
400.065
400.0781
400.1066
400.1856
400.1993
400.219
400.2743
400.3977
400.6084
400.6647
400.6863
400.7912
400.8482
400.8766
400.8839
400.8924
400.9168
401.1031
401.1847
401.1988
401.2211
401.2282
401.2781
401.286
401.3355
401.3543
401.3818
401.5438
401.5807
401.595
401.6095
401.6277
401.6397
401.6522
401.7404
401.7568
401.7954
401.9423
401.9647
402.0295
402.0583
402.0852
402.2407
402.2482
402.3441
402.3741
402.413
402.4322
402.4342
402.4827
402.6589
402.7079
402.8531
402.9363
403.3146
403.3216
403.3234
403.3314
403.3355
403.3501
403.3698
403.3935
403.3978
403.409
403.4318
403.4427
403.4534
403.4641
403.4773
403.4838
403.4992
403.5043
403.5152
403.5268
403.5312
403.5404
403.5682
403.5922
403.5986
403.6066
403.6407
403.6609
403.6831
403.707
403.7564
403.7664
403.784
403.8231
403.8492
403.8692
403.8845
403.9109
403.9357
403.9896
404.0018
404.0091
404.039
404.0478
404.1381
404.1502
404.1728
404.2037
404.2104
404.2218
404.2461
404.3558
404.3794
404.4132
404.4437
404.4916
404.5116
404.6666
404.6999
404.7717
404.8002
404.8199
404.8266
404.8496
404.8622
404.8954
404.9174
404.934
404.9614
405.0066
405.0132
405.0254
405.0422
405.0533
405.1796
405.227
405.2471
405.2626
405.273
405.2781
405.2902
405.2982
405.3071
405.3264
405.3348
405.3515
405.3643
405.3732
405.4042
405.4308
405.4437
405.4518
405.4553
405.5134
405.5291
405.5533
405.562
405.5708
405.6051
405.6296
405.6486
405.6711
405.6789
405.6912
405.7227
405.7426
405.7762
405.7964
405.8228
405.8688
405.8823
405.9173
405.9271
405.9407
405.9819
406.0082
406.0137
406.0221
406.031
406.0691
406.1547
406.1694
406.196
406.2275
406.381
406.6031
406.6161
406.6765
406.6919
406.7098
406.9729
406.9922
407.076
407.2339
407.2646
407.2892
407.3325
407.3387
407.3695
407.3959
407.4173
407.5557
407.5674
407.6175
407.6439
407.6604
407.7027
407.8905
407.9229
407.9552
407.9778
408.0222
408.2549
408.2777
408.2854
408.385
408.3982
408.4317
409.2737
409.2797
409.3151
409.3261
409.3292
409.3342
409.3454
409.3475
409.3795
409.3885
409.3949
409.4297
409.4411
409.4461
409.4576
409.4587
409.4738
409.4815
409.5044
409.5181
409.5532
409.5602
409.5962
409.6146
409.6354
409.6393
409.6691
409.6836
409.7322
409.8091
409.8296
409.85
409.8633
409.9076
409.9161
409.9329
409.9485
410.0002
410.0036
410.0691
410.1032
410.1408
410.197
410.2085
410.2242
410.2967
410.3055
410.3123
410.3236
410.3615
410.5099
410.5189
410.5449
410.5674
410.6486
410.6874
410.7351
410.8669
410.8763
410.889
410.9027
410.9429
411.0366
411.0716
411.197
411.2086
411.2271
411.2289
411.235
411.2825
411.3278
411.3346
411.3404
411.3536
411.3769
411.3945
411.4162
411.4274
411.4303
411.4415
411.4497
411.46
411.4639
411.4715
411.4973
411.5466
411.5647
411.5737
411.5905
411.6053
411.6251
411.6308
411.6863
411.723
411.7361
411.7457
411.7738
411.7931
411.8055
411.8615
411.8914
411.9235
411.95
411.9755
411.9884
412.0199
412.0292
412.0498
412.0729
412.1305
412.1534
412.2107
412.2159
412.5317
412.6032
412.6099
412.7104
412.7275
412.7297
412.772
412.7877
412.8135
412.8482
412.8621
412.989
412.9989
413.0354
413.0772
413.2078
413.2388
413.2648
413.2788
413.3006
413.3164
413.3268
413.3447
413.3544
413.3737
413.5141
413.5586
413.7053
413.7274
413.8555
413.8893
414.0176
414.0462
414.0725
414.1727
414.1856
414.2752
414.3634
414.4191
414.4931
414.5485
414.6081
415.2326
415.2374
415.2458
415.2668
415.2777
415.2884
415.2983
415.3012
415.3135
415.3282
415.3383
415.3576
415.3842
415.4064
415.4166
415.423
415.4375
415.4671
415.4762
415.4792
415.5435
415.5521
415.572
415.5751
415.5783
415.5914
415.6124
415.6251
415.6421
415.7079
415.7204
415.738
415.7587
415.7809
415.8446
415.8823
415.9011
415.9669
415.9852
416.0004
416.0582
416.0724
416.0808
416.091
416.0989
416.1479
416.1939
416.2125
416.237
416.2749
416.3592
416.4075
416.4247
416.4298
416.4618
416.4767
416.5813
416.6397
416.6714
416.6861
416.6986
416.7109
416.7458
416.7691
416.7831
416.7999
416.8367
416.9076
416.9361
416.9917
417.0111
417.0288
417.047
417.0596
417.0758
417.0844
417.098
417.1174
417.1296
417.1327
417.1794
417.1909
417.2035
417.2154
417.2416
417.2718
417.3003
417.308
417.3279
417.3445
417.3565
417.3879
417.399
417.4088
417.417
417.4308
417.4346
417.4404
417.4653
417.5441
417.5945
417.602
417.6699
417.7269
417.7386
417.7582
417.781
417.7938
417.811
417.8292
417.852
417.8913
417.9022
417.9134
417.9442
417.9652
417.9971
418.0095
418.0559
418.072
418.1036
418.1153
418.1231
418.135
418.1488
418.1507
418.1703
418.2648
418.3274
418.4441
418.5637
418.5826
418.6251
418.71
418.7394
418.8738
418.8919
418.9033
418.9327
419.0688
419.1079
419.1874
419.3563
419.389
419.4126
419.4481
419.4807
419.5083
419.5392
