1.419
1.4256
1.4327
4.5241
4.5261
4.529
4.5336
5.7445
7.5878
7.7615
7.7642
7.7713
8.896000000000001
8.9064
10.4218
10.4403
10.4596
11.0061
11.0137
11.0162
11.019
11.0248
11.0278
11.0436
11.065
11.7347
12.0932
12.1037
12.1067
12.1173
12.1205
16.0682
16.0711
16.0724
16.076
16.0779
16.0816
16.0835
16.0894
16.1407
16.1461
16.1996
16.2168
16.2804
17.1285
17.5034
18.0487
18.0507
18.0598
18.0692
18.1155
18.1227
18.1292
18.1478
18.1525
19.3149
22.0242
22.026
22.0277
22.0295
22.0312
22.0333
22.0411
22.0657
22.075
22.0806
22.0875
22.1156
22.122
22.1645
23.9964
24.0068
24.0135
24.0281
24.0477
24.0535
24.06
24.0702
24.105
26.4374
26.4429
27.9821
27.984
27.9855
27.9887
27.9903
27.9953
28.0001
28.0333
28.061
28.0708
28.1061
28.1148
29.9868
29.992
29.9942
29.9984
30.0058
30.0126
30.0148
30.0186
30.0286
30.0382
30.0554
30.1045
33.5251
33.8836
33.947
33.9492
33.9521
33.9544
33.9749
33.9836
34.0033
34.0181
34.058
34.0614
34.0664
35.9274
35.9328
35.94
35.9525
35.9551
35.9591
35.9627
35.9949
36.0199
39.8956
39.8981
39.9042
39.906
39.9227
39.9456
39.9594
39.9693
39.974
39.9817
39.9892
40.0307
40.4085
40.7108
40.7338
41.8836
41.8916
41.8951
41.9126
41.9269
43.286
43.288
44.8743
45.8526
45.8553
45.8571
45.8633
45.8721
45.892
45.9002
45.9253
45.9298
45.9489
47.8585
47.8612
47.8671
47.8808
47.8891
47.917
47.9361
50.8566
51.6357
51.8135
51.8173
51.8189
51.8209
51.8235
51.8261
51.8546
51.8798
51.8873
51.922
51.9281
51.9325
51.9365
53.8082
53.8149
53.82
53.8294
53.8361
53.8501
53.8565
55.496
56.8525
57.7694
57.7716
57.7742
57.7763
57.7811
57.783
57.7854
57.7895
57.8151
57.8233
57.8303
57.8484
57.8652
57.8844
57.8881
57.8929
59.7547
59.7632
59.7689
59.7741
59.7779
59.7884
59.7963
59.8177
59.8365
59.8541
59.8616
59.8681
62.8301
63.5279
63.7294
63.7312
63.7349
63.746
63.78
63.7861
63.8061
63.816
63.9
63.9031
63.9105
63.9139
64.0919
64.78060000000001
65.04559999999999
65.0506
65.70910000000001
65.715
65.724
65.727
65.7381
65.7414
65.7448
65.7492
65.7831
65.7936
67.6497
67.70180000000001
69.6848
69.6866
69.6884
69.6909
69.69450000000001
69.6972
69.69889999999999
69.70399999999999
69.71729999999999
69.7308
69.739
69.7599
69.7766
69.7899
69.83450000000001
69.8373
70.34910000000001
71.6682
71.6705
71.6751
71.678
71.68219999999999
71.6853
71.6934
71.6977
71.7204
71.7435
71.7634
72.28230000000001
74.2182
75.64709999999999
75.64870000000001
75.6512
75.65309999999999
75.6743
75.6857
75.6874
75.7043
75.7077
75.7346
75.74590000000001
75.75830000000001
77.60420000000001
77.6092
77.62050000000001
77.6268
77.63030000000001
77.6459
77.6554
77.7111
77.7212
80.599
81.59820000000001
81.6032
81.6117
81.6534
81.65770000000001
81.6635
81.7069
83.104
83.3111
83.5831
83.58880000000001
83.59820000000001
83.6011
83.6073
83.6366
83.66759999999999
83.6802
83.6863
83.75320000000001
84.88339999999999
84.89060000000001
84.8937
86.61069999999999
86.7071
87.5564
87.55889999999999
87.5607
87.5625
87.57250000000001
87.5825
87.602
87.6071
87.6183
87.62609999999999
87.64660000000001
87.7071
89.28449999999999
89.5471
89.56010000000001
89.5685
89.5711
89.5745
89.581
89.5879
89.59739999999999
89.605
89.646
92.55110000000001
93.5155
93.5192
93.521
93.5249
93.52679999999999
93.60039999999999
93.6112
94.2084
95.489
95.4943
95.5132
95.51730000000001
95.5398
95.5581
95.5757
95.58240000000001
95.60120000000001
96.5074
96.8306
99.4708
99.4751
99.4769
99.48560000000001
99.4903
99.5034
99.5052
99.5137
99.5243
99.5791
99.5929
99.6223
99.70959999999999
99.95659999999999
100.0925
101.3046
101.4516
101.4535
101.4565
101.4589
101.4669
101.4805
101.4941
101.5086
101.518
105.428
105.4299
105.44
105.4471
105.4542
105.4606
105.4794
105.4966
105.5114
105.5281
105.5805
105.586
105.8461
107.4145
107.4288
107.4432
107.448
107.4523
107.4577
107.4614
107.4837
107.4921
109.5444
110.2751
111.3865
111.3882
111.3899
111.3916
111.3931
111.3966
111.4049
111.4174
111.4255
111.4608
111.4664
111.4829
113.3747
113.3791
113.404
113.4096
113.4143
113.4241
113.4367
113.4589
115.0466
116.3702
116.3713
116.3775
117.3444
117.3464
117.3484
117.35
117.3517
117.3556
117.3653
117.4068
117.4225
117.4673
117.7482
119.3456
119.3481
119.3528
119.3582
119.3664
119.371
119.3759
119.3794
119.3881
119.4066
119.4202
121.5304
123.2997
123.3013
123.303
123.3065
123.3149
123.3242
123.3387
123.3547
123.3668
123.3917
123.4132
123.4158
123.5042
123.9331
123.9512
124.5782
125.2903
125.2949
125.2985
125.3017
125.308
125.3133
125.334
125.352
125.3605
125.3753
125.3841
126.8643
129.2613
129.2663
129.268
129.2719
129.2773
129.2908
129.3271
129.3315
129.3455
129.3739
129.3817
131.2476
131.2525
131.2588
131.273
131.3078
131.3114
131.3139
131.3232
131.3377
131.3502
131.3539
131.5445
134.3132
135.2174
135.2195
135.2216
135.2257
135.2276
135.2313
135.2357
135.2393
135.2561
135.2629
135.3325
135.3386
135.3657
135.3714
136.2063
137.2054
137.2166
137.2237
137.2289
137.2467
137.2564
137.2674
137.2703
137.2754
137.2876
137.2974
138.2133
138.4466
141.1744
141.176
141.1776
141.1793
141.1814
141.1832
141.1932
141.2268
141.2478
141.2666
141.272
141.282
141.3283
141.3334
143.1645
143.1668
143.1768
143.1871
143.1964
143.2099
143.2233
143.2296
143.2356
143.2401
143.2493
143.259
143.2855
147.1318
147.1337
147.1419
147.1442
147.1474
147.1579
147.1884
147.1936
147.2191
147.2247
147.2318
147.2691
148.2207
149.1094
149.1148
149.1186
149.1206
149.1366
149.1514
149.1605
149.174
149.1822
149.1893
149.2584
153.0886
153.0914
153.0947
153.103
153.1137
153.1301
153.139
153.149
153.1602
153.166
153.6761
155.0773
155.0797
155.0864
155.0911
155.0969
155.1078
155.1152
155.1198
155.1292
155.1321
155.1431
155.1624
155.1732
155.1948
155.2033
156.2968
156.9001
158.0825
159.0466
159.0489
159.0586
159.0612
159.0663
159.0738
159.0939
159.1037
159.116
159.1461
159.1539
159.1648
159.1742
159.2816
159.5364
159.5509
159.9299
161.0339
161.0492
161.0637
161.0698
161.0793
161.1049
161.1332
162.291
165.0035
165.0148
165.1027
165.1484
165.1656
165.3549
165.7911
166.3923
166.9977
167.003
167.0053
167.0212
167.0272
167.0302
167.0461
167.0514
167.0557
167.0614
167.0677
167.1062
167.1135
167.1195
167.1438
167.1469
167.1644
167.264
170.6046
170.9625
170.9643
170.9659
170.9693
171.0124
171.0413
171.1101
172.9745
172.9766
172.9826
172.9952
172.9973
173.012
173.0284
173.0357
173.0455
173.0542
173.0587
173.0653
173.0729
173.0819
176.9211
176.9246
176.9359
176.9537
176.9721
176.9768
176.9813
176.9934
177.0099
177.0448
177.05
177.1138
177.317
178.9069
178.9098
178.913
178.916
178.9271
178.9311
178.959
178.9675
178.9736
178.9878
178.9931
179.0031
180.1306
181.9091
181.9317
182.0004
182.8749
182.878
182.8826
182.8939
182.8997
182.9042
182.9303
182.9449
182.9675
182.9743
182.9881
182.993
182.997
184.8583
184.8629
184.8754
184.8835
184.9004
184.9042
184.9128
184.9187
184.9217
184.9255
187.401
187.4033
188.8331
188.8349
188.8365
188.8419
188.8468
188.8545
188.8857
188.8945
188.9233
188.9689
188.9798
189.3593
190.8219
190.8291
190.8357
190.8393
190.8507
190.8545
190.8651
190.8828
190.8874
190.9014
190.921
190.9297
191.2669
191.8374
194.7917
194.7965
194.8001
194.8051
194.8136
194.836
194.8475
194.8516
194.8546
194.8778
194.8815
194.9135
195.0659
195.651
196.7763
196.779
196.7832
196.7884
196.8207
196.8238
196.8294
196.8325
196.837
196.8432
196.8572
196.8643
196.8704
196.9096
197.7863
199.7656
199.8459
200.7488
200.7507
200.7524
200.7558
200.7653
200.7687
200.7734
200.8166
200.8348
200.8391
200.8455
202.7448
202.7487
202.7536
202.7591
202.7614
202.7707
202.7754
202.7804
202.7885
202.7914
202.7961
202.8053
202.8451
204.1168
206.7078
206.7095
206.7111
206.7236
206.7355
206.7579
206.7865
206.8223
206.827
208.7168
208.7228
208.7296
208.7351
208.7418
208.7442
208.7466
208.755
208.7705
208.793
210.0402
210.0688
210.2328
212.665
212.6668
212.6705
212.6737
212.6755
212.6832
212.7221
212.728
212.7512
212.7576
212.7619
212.7801
212.8492
213.2261
214.6631
214.6665
214.6693
214.6835
214.6858
214.6909
214.6943
214.7007
214.7036
214.7091
214.7145
214.7236
214.7319
214.7458
214.7589
214.7771
215.6474
217.2517
218.6216
218.6238
218.6255
218.6323
218.6398
218.6695
218.6782
218.7126
218.7188
220.6129
220.6161
220.6213
220.647
220.6547
220.6597
220.68
221.6223
221.6333
222.7729
222.7853
223.6176
224.5877
224.5893
224.591
224.5961
224.5991
224.6013
224.61
224.6577
224.6628
224.6677
224.7026
225.4122
225.4159
225.4184
225.4271
225.4636
226.5724
226.5752
226.5787
226.5813
226.5856
226.6041
226.6097
226.6222
226.6328
226.6513
226.656
226.6631
227.7966
230.536
230.5394
230.5445
230.5853
230.5973
230.6618
232.1874
232.5243
232.5322
232.5353
232.5383
232.544
232.5484
232.5563
232.5727
232.5764
232.5817
232.5909
232.6008
233.5769
235.5335
236.4789
236.4805
236.4816
236.4856
236.4884
236.4898
236.4935
236.5304
236.5824
236.9
236.9266
238.4869
238.4903
238.4963
238.5085
238.5149
238.5531
238.5596
238.5716
238.5929
238.9107
239.5066
242.4497
242.4515
242.4531
242.4546
242.4577
242.4684
242.5015
242.5091
242.5285
242.5344
242.5457
242.767
243.5124
244.4343
244.4468
244.4514
244.4558
244.465
244.473
244.4797
244.4825
244.4901
244.5244
244.5536
248.4094
248.4113
248.413
248.4147
248.422
248.4248
248.4276
248.4336
248.4461
248.4532
248.4926
248.5191
248.5345
248.5446
248.6475
249.9937
250.1449
250.3966
250.3985
250.4031
250.4062
250.4125
250.4218
250.4482
250.4834
250.4943
250.5076
251.391
252.3112
254.3651
254.3688
254.3704
254.4025
254.4561
254.474
254.4812
254.4885
254.589
254.8328
256.3507
256.353
256.3552
256.3578
256.3607
256.3692
256.3771
256.3806
256.3935
256.3976
256.4012
256.4326
256.4416
257.3959
259.6778
260.3252
260.3267
260.3288
260.3306
260.3325
260.3345
260.3372
260.341
260.3444
260.3634
260.3839
260.4146
260.4468
260.4666
260.497
260.6406
262.3071
262.3104
262.3133
262.3182
262.3206
262.332
262.3362
262.3516
262.3572
262.3689
262.3764
265.2359
266.2815
266.2834
266.2852
266.2905
266.2946
266.2961
266.2981
266.3071
266.3238
266.3484
266.3536
266.3684
266.4248
266.4284
268.2772
268.284
268.2859
268.2935
268.2982
268.3041
268.3073
268.3199
268.3273
268.3463
269.2813
269.5961
271.6641
272.2388
272.2404
272.2456
272.2493
272.3027
272.3062
272.3105
272.3135
272.3469
272.3522
272.3589
272.3645
273.6867
274.2305
274.2352
274.2505
274.2566
274.2599
274.2647
274.3011
274.324
274.3291
274.3463
275.2341
278.1971
278.1989
278.2022
278.204
278.2056
278.2236
278.2637
278.298
278.3027
278.3976
279.3578
279.448
280.1789
280.1813
280.1852
280.188
280.1983
280.207
280.2124
280.216
280.2236
280.2326
280.2428
280.2553
281.2188
281.8287
283.2862
283.3576
284.1558
284.1591
284.1626
284.1665
284.1738
284.1802
284.2042
284.2223
284.2355
284.6432
285.8599
286.1634
286.1703
286.1729
286.1756
286.1782
286.1893
286.192
286.1969
286.2136
286.2499
289.0103
289.1359
290.1121
290.1138
290.1154
290.1241
290.1388
290.1523
290.1797
290.1877
290.2184
290.2267
292.0944
292.0997
292.1019
292.1051
292.1105
292.1231
292.1442
292.2291
292.248
293.1074
295.0974
296.0691
296.071
296.0725
296.0742
296.0775
296.0794
296.1242
296.1549
296.1594
296.208
298.0465
298.049
298.0528
298.0555
298.0618
298.0669
298.0749
298.0801
298.086
298.0907
298.0992
298.122
298.1353
298.1445
298.1579
302.0254
302.0273
302.0291
302.0329
302.0346
302.0366
302.0389
302.0837
302.0881
302.129
302.1393
302.2396
303.9376
303.9408
303.9434
304.0283
304.0364
304.0407
304.0508
304.0566
304.0623
304.0682
304.0748
304.0876
304.101
305.3478
306.4922
306.9924
307.9871
307.9886
307.9902
307.992
307.9957
307.9998
308.0019
308.0047
308.0198
308.0501
308.0534
308.0573
308.0837
308.0885
308.1156
308.2259
308.2349
308.3908
309.1395
309.9783
309.9855
309.9882
309.9904
309.998
310.0058
310.0112
310.0167
310.0265
310.0575
310.0851
313.3885
313.9429
313.9513
313.9537
313.9646
314.021
314.0408
314.0785
314.0853
314.1323
314.2534
315.9422
315.9496
315.9524
315.964
315.9752
315.988
315.9928
316.0004
316.0086
316.0252
316.0298
317.2279
317.2325
317.2376
317.2581
318.9252
318.972
319.9004
319.9021
319.9041
319.9116
319.9173
319.9261
319.9605
319.9806
320.0102
320.0199
320.0773
320.0839
321.8787
321.8873
321.9007
321.9038
321.9084
321.9243
321.9345
321.9412
321.9489
321.9552
321.9661
321.9844
322.0215
323.7278
324.8942
325.858
325.862
325.8636
325.8651
325.8672
325.8705
325.8776
325.885
325.9249
325.9309
325.9406
325.9884
325.9922
326.0019
326.6756
326.9255
327.1927
327.203
327.5407
327.8384
327.8419
327.846
327.8643
327.8695
327.874
327.9037
327.916
327.9275
327.9388
328.8818
330.8415
330.8478
331.8152
331.8171
331.819
331.8243
331.826
331.828
331.8333
331.8376
331.8906
331.9071
331.91
331.9134
331.9573
331.9799
332.3831
332.4657
333.8043
333.8093
333.8117
333.8214
333.825
333.8418
333.8476
333.8573
333.8694
333.8904
333.9126
337.7722
337.7747
337.7814
337.7854
337.788
337.7983
337.808
337.8246
337.8388
337.8492
337.8535
337.8593
337.8687
337.912
337.9181
338.8292
338.8383
338.8479
339.765
339.7685
339.7763
339.7788
339.7846
339.8008
339.8089
339.8118
339.8187
339.825
339.8298
339.8369
340.7805
342.4614
342.7519
343.6121
343.7296
343.7316
343.7336
343.7353
343.7375
343.7391
343.7437
343.75
343.7702
343.7994
343.8088
343.8169
343.8389
343.8434
343.8475
343.925
344.0994
345.7322
345.736
345.7385
345.742
345.7473
345.7551
345.7644
345.7785
345.7841
345.7952
345.827
345.8437
347.9354
348.5652
349.6879
349.6897
349.6913
349.693
349.7055
349.7186
349.748
349.7673
349.7926
349.8273
349.8312
350.3227
351.6655
351.6729
351.6785
351.6825
351.6887
351.7146
351.7233
351.7327
351.7356
351.7487
351.765
352.6787
354.6434
354.6536
355.6439
355.6458
355.6474
355.649
355.6524
355.655
355.6572
355.6719
355.6987
355.7105
355.7384
355.7743
355.7809
356.4058
356.4077
357.6541
357.6561
357.6587
357.6671
357.669
357.6731
357.6766
357.6821
357.6855
357.6896
357.6957
357.7173
357.7291
357.7334
357.7374
357.7408
357.746
358.6322
359.3909
361.6024
361.6042
361.6058
361.6074
361.6094
361.6123
361.6251
361.6266
361.6352
361.6575
361.6793
361.7073
361.7119
361.7177
361.956
362.8869
363.5893
363.5978
363.6044
363.6071
363.611
363.6167
363.6247
363.6291
363.6358
363.644
363.6709
364.5867
364.5968
364.8065
366.5568
366.57
366.5862
366.5943
366.6105
367.5595
367.563
367.5644
367.5663
367.5698
367.5828
367.616
367.6264
367.6344
367.6394
367.9652
369.552
369.56
369.5663
369.5692
369.5881
369.5935
369.6427
369.6514
369.6687
372.3439
372.5345
372.5518
372.5623
373.5181
373.5199
373.5216
373.5232
373.5248
373.5333
373.5439
373.5833
373.5873
373.5906
373.6047
373.6093
373.6141
373.6559
374.505
374.6681
375.3401
375.406
375.5074
375.5114
375.5135
375.5187
375.5229
375.525
375.5296
375.5331
375.5366
375.5423
375.5466
375.5613
375.5666
375.5742
375.5809
375.9348
376.9414
378.6097
379.4787
379.4804
379.4822
379.484
379.4853
379.4883
379.5184
379.5456
379.5629
379.5684
379.5721
379.5767
379.5946
379.6058
379.6083
379.8461
379.9016
380.007
380.4348
381.469
381.4827
381.4931
381.4956
381.5002
381.5026
381.5059
381.5154
381.5211
381.5265
381.5301
381.5361
381.5692
382.5153
383.3829
383.9883
384.4642
385.2772
385.4355
385.4406
385.4468
385.4511
385.4612
385.4774
385.4908
385.5086
385.535
387.411
387.417
387.4231
387.4548
387.458
387.4611
387.4671
387.5253
388.4276
390.3564
390.6406
391.3896
391.3916
391.3934
391.3951
391.3986
391.4005
391.4058
391.4158
391.447
391.4513
391.4584
391.4708
391.4784
391.5033
391.5103
391.5545
393.0087
393.3729
393.3751
393.3784
393.3846
393.3899
393.3933
393.3991
393.4227
393.4341
393.4787
397.3479
397.3496
397.351
397.3523
397.3538
397.3596
397.3621
397.4019
397.4067
397.4117
397.8245
398.4186
399.3321
399.3365
399.3434
399.3491
399.3547
399.3606
399.37
399.3743
399.3816
399.3894
399.4078
399.4165
402.3161
402.323
403.3044
403.306
403.3077
403.3093
403.3131
403.3149
403.3173
403.3236
403.329
403.3653
403.3718
403.435
403.7727
403.8866
405.0038
405.2903
405.2956
405.3014
405.3073
405.3109
405.3209
405.3288
405.3325
405.3473
405.3644
405.4123
408.2652
409.2632
409.2651
409.267
409.2686
409.2701
409.2729
409.2827
409.2915
409.3195
409.3234
409.3516
409.3893
409.3953
409.3979
409.4051
409.4067
409.6802
409.7588
411.2548
411.26
411.2674
411.2736
411.2862
411.2978
411.309
411.3208
411.3377
411.3438
412.2781
412.9759
412.9962
414.0781
415.2202
415.2223
415.224
415.2274
415.2292
415.2307
415.2326
415.2849
415.3128
415.3185
415.3231
415.3266
415.3803
415.3865
415.3896
415.3931
417.022
417.0291
417.225
417.2324
417.2392
417.2413
417.2468
417.2529
417.2592
417.2678
417.2797
417.3048
417.3092
417.3139
418.2043
419.3079
419.5559
419.5596
