2.5368
3.2477
8.3986
9.1584
10.2278
12.0965
12.1224
12.169
12.2124
13.152
13.3929
13.4225
16.8979
16.9102
18.0314
18.0559
18.0687
19.7701
19.9552
22.0216
22.0236
22.0451
22.3088
22.313
22.7846
23.6923
23.995
24.0939
24.2959
24.6478
26.2487
27.3513
27.9811
28.1906
28.2795
28.4061
28.8215
29.1896
30.8304
31.1495
32.1474
32.8819
33.0486
33.3187
33.8258
33.9361
33.938
33.9419
33.9435
33.9454
34.7497
35.3196
35.9544
35.9804
36.0421
37.0475
37.4215
38.0756
38.9708
39.0163
39.8927
39.8996
40.0183
40.0969
41.2699
41.3736
41.9171
44.9138
45.2307
45.3959
45.6585
45.8937
46.2573
47.8751
49.2947
49.9938
50.5823
50.8259
51.8063
51.8444
52.7037
53.2125
53.828
53.8377
53.8452
53.8718
53.8792
54.8983
56.3261
56.8401
57.7974
57.9145
58.4802
59.2624
59.3381
59.3979
59.7756
59.7823
59.7897
59.8606
60.2082
61.683
62.5835
62.7242
62.8484
63.075
63.7211
63.7261
63.7314
63.7814
63.8682
64.1555
65.05549999999999
65.8186
65.8306
65.879
66.2444
66.33880000000001
66.84229999999999
67.0192
67.4585
67.48869999999999
68.25490000000001
69.18899999999999
69.69159999999999
69.7467
69.7756
69.7953
69.84699999999999
70.26000000000001
71.7633
73.0009
73.7478
74.5578
75.6408
75.6591
75.7076
75.95610000000001
76.592
76.7251
77.2771
77.7298
78.706
79.14870000000001
79.85599999999999
81.5939
82.74760000000001
82.77849999999999
83.3664
83.6234
83.6711
84.04470000000001
84.63330000000001
84.76260000000001
84.97199999999999
86.24930000000001
86.2702
87.5523
87.55540000000001
87.5634
87.6986
88.14919999999999
88.38679999999999
89.60250000000001
89.79989999999999
91.68600000000001
92.38979999999999
92.6168
93.3961
93.5119
93.51519999999999
93.5228
93.5287
93.6224
94.1789
94.54219999999999
94.9744
95.5149
96.93600000000001
97.33620000000001
98.0162
98.5801
99.4666
99.4683
99.4803
99.6134
100.8926
101.7965
103.1761
104.5181
104.6689
104.9686
105.4222
105.4238
105.4328
105.44
105.4564
105.5041
105.5523
106.7762
106.9499
107.4523
107.6409
107.9763
108.5105
110.4058
110.4121
111.3874
111.6083
111.6906
112.0186
113.3976
114.5186
114.9673
116.3517
116.4194
116.6763
119.0238
119.2966
119.33
120.6032
120.6955
121.2583
122.6698
123.2986
123.3042
123.797
124.6403
124.7377
125.2281
125.34
125.5175
126.3481
128.0321
128.31
129.2553
129.2565
129.2638
130.8359
131.0975
131.2636
131.5395
132.8982
134.1629
134.5473
135.2173
135.2186
135.2244
139.4424
140.5509
141.1678
141.1698
141.1729
141.1814
141.1985
141.3175
141.3399
142.7873
143.1743
143.1992
143.2409
144.2639
144.3364
146.6274
147.2632
147.2992
147.9699
149.1605
149.2837
149.6104
151.6823
152.5645
153.0845
153.1
153.4021
153.404
153.6106
156.0937
156.1951
157.3102
158.0567
158.1289
158.4242
158.8105
159.0417
159.0439
159.0481
159.2914
160.0911
160.9664
161.0743
161.9892
164.8542
165.0003
165.0099
166.8054
167.1529
167.6788
169.4508
169.9824
169.998
170.0477
170.1363
172.9435
173.0007
174.836
175.967
175.9988
176.9143
176.9178
176.9196
176.9237
178.9521
179.2202
181.7954
182.2463
182.8766
182.8986
183.0929
184.8753
186.0354
186.662
188.0179
188.8332
190.2926
190.834
192.5756
192.6709
192.8602
193.8084
195.1474
195.265
195.8197
197.8188
198.0204
198.04
198.3757
199.8877
200.7438
200.7523
200.7743
203.8197
206.7025
206.7059
206.7104
206.7134
209.5529
211.1601
212.6593
212.9075
214.669
214.7036
217.7375
218.315
218.3782
218.6237
218.6291
218.6594
219.0831
219.9127
221.7642
221.799
222.0891
223.4324
224.5736
224.575
224.5881
225.5991
225.8099
226.1704
226.5855
227.816
230.5331
230.5565
230.6164
230.6471
233.4351
233.5892
234.4678
236.2647
236.4746
236.478
237.5408
238.3184
238.373
238.5199
239.0762
241.7847
242.4468
242.6104
243.2134
244.3109
244.34
244.8356
245.5282
245.6851
246.158
246.937
248.2217
248.4044
248.4097
248.8065
252.4576
253.5876
255.3327
256.3837
257.4162
257.4674
257.7287
257.8959
259.1712
259.3521
259.451
259.5987
259.61
260.3279
260.3493
260.9205
261.4809
262.3323
262.3348
266.28
266.3274
266.3296
268.2801
269.5929
269.7569
271.2888
271.3246
271.9077
272.2445
272.2663
274.2374
274.2543
274.2596
274.3351
275.4344
275.9127
277.4244
278.0941
278.1946
278.1963
278.2085
278.7736
280.207
280.4857
281.1425
284.1537
284.1555
284.1596
284.1651
285.359
286.5078
290.1128
290.1174
290.783
292.1614
293.2278
293.2848
293.3766
294.0443
295.027
295.2028
297.7008
299.1442
300.584
302.0236
302.0252
302.0286
302.031
302.0989
302.4293
303.3112
304.0079
304.6252
306.9032
307.0659
307.9847
307.9923
307.9992
308.0244
308.0322
309.3987
314.0104
314.5816
314.7158
315.9477
316.3113
319.4139
319.8964
319.9047
320.0761
320.1871
320.5457
325.1931
325.8581
325.8682
327.8494
327.9513
327.9698
329.627
330.4517
330.8246
331.8242
332.036
333.7923
333.8586
333.8754
337.2012
337.7687
338.1943
339.3015
339.7985
339.8203
340.2822
343.727
343.7286
343.7312
343.9021
346.8109
347.0207
349.6836
349.6921
349.7039
349.7152
349.8295
350.5437
355.3823
355.7093
355.7983
356.9831
360.6276
360.6442
362.4026
362.5962
363.6828
364.1786
365.3555
365.4177
367.5606
368.0931
369.1293
369.5771
372.6233
373.5186
373.5377
373.6203
373.6954
375.5343
375.6774
376.5175
376.6269
377.5849
378.7536
379.5679
381.5007
381.979
382.9974
384.5268
384.5299
384.9459
385.5102
385.7833
385.8225
387.3496
387.7964
389.005
390.4507
391.4053
391.4521
391.5418
391.6545
393.3885
393.9479
394.2349
394.7708
396.2924
397.3525
398.3978
399.3812
401.0971
402.3163
402.3682
403.3015
403.4451
404.8417
405.3268
407.7813
408.271
409.4553
410.0458
412.0046
412.3944
412.4778
412.7948
413.8822
415.2187
415.2275
417.2596
418.2936
418.4998
