0.0323
0.5397999999999999
0.6193
0.6501
0.7047
1.1173
1.1649
1.2883
1.3108
1.3943
1.4136
1.4182
1.4338
1.603
1.8527
2.0237
2.0828
2.0839
2.3603
2.5265
2.7553
2.7784
2.7825
3.1418
3.2084
3.2507
3.5405
3.5859
3.6654
3.7233
3.7244
4.0764
4.1586
4.2247
4.3233
4.5476
4.7075
4.7646
4.9162
4.9522
5.2352
5.7827
6.2141
6.8037
7.4372
7.5901
7.817
7.993
8.500400000000001
8.516299999999999
8.6548
8.7409
8.807
8.8553
8.864599999999999
9.334899999999999
9.5213
10.012
10.1749
10.4072
10.4162
10.4514
10.7719
10.7898
10.815
10.8762
11.0024
11.0061
11.1409
11.1733
11.237
11.3819
11.6644
11.6788
11.6976
11.8523
12.02
12.0588
12.0965
12.098
12.1058
12.1194
12.1316
12.1419
12.1474
12.1674
12.1746
12.1875
12.2162
12.3882
12.4162
12.5571
12.6144
12.6162
12.6839
12.7146
12.8507
13.0917
13.0995
13.1016
13.1477
13.2621
13.274
13.6495
13.8472
13.9722
14.0277
14.1653
14.1773
14.48
14.5119
14.5273
14.8178
14.8554
14.9255
14.9656
15.0761
15.0837
15.1187
15.1324
15.1377
15.1391
15.146
15.1713
15.1771
15.2488
15.2662
15.2939
15.6062
15.6106
15.7101
15.72
15.7882
15.9202
16.0665
16.0762
16.0784
16.0869
16.0959
16.1028
16.1105
16.1124
16.1364
16.1425
16.1521
16.1992
16.2058
16.5064
16.5077
16.5106
16.5132
16.5617
16.5837
16.6688
16.8686
16.8956
16.9056
16.9139
17.0176
17.023
17.0309
17.0864
17.2259
17.4706
17.5314
17.556
17.5716
17.6495
17.7451
17.9059
17.9576
18.051
18.0523
18.0543
18.0573
18.0663
18.0789
18.0823
18.0974
18.1205
18.1261
18.1272
18.1525
18.1629
18.226
18.2938
18.3028
18.5005
18.5697
18.6144
18.8998
19.042
19.0489
19.0702
19.236
19.2906
19.293
19.3077
19.3198
19.3276
19.4958
19.5682
19.7684
19.7878
19.8271
19.8954
20.2332
20.3283
20.3309
20.9594
21.0488
21.1086
21.1106
21.1124
21.1435
21.1521
21.1601
21.1636
21.1867
21.2051
21.2644
21.3351
21.4633
21.5479
21.6245
21.7305
21.7748
21.7771
21.8461
22.0213
22.0294
22.0438
22.0522
22.0601
22.083
22.0917
22.0936
22.1263
22.1525
22.1641
22.2169
22.2726
22.306
22.3986
22.4083
22.4095
22.4301
22.4344
22.4453
22.4684
22.4823
22.7098
22.9675
23.0836
23.1269
23.144
23.2474
23.2805
23.4043
23.5386
23.6348
23.6835
23.7951
23.8495
23.8727
24.0052
24.01
24.0121
24.0201
24.0356
24.0503
24.0645
24.0763
24.0847
24.103
24.1455
24.5005
24.5418
24.5521
24.8475
24.9291
25.0036
25.0084
25.0159
25.0348
25.0501
25.1628
25.1723
25.2204
25.2791
25.3585
25.4705
25.4881
25.7708
25.8925
26.0504
26.08
26.1055
26.2092
26.2383
26.5831
26.6022
26.62
26.6497
26.6546
26.6713
26.8083
26.9783
26.9822
27.0025
27.0163
27.0647
27.0822
27.0909
27.1122
27.1209
27.1375
27.2548
27.9814
27.9852
28.005
28.021
28.0227
28.0443
28.0689
28.0831
28.316
28.3338
28.3621
28.3748
28.4106
28.4528
28.5879
28.5976
28.6674
28.6867
28.7241
28.8631
28.9453
29.0458
29.1619
29.2089
29.4733
29.637
29.6681
29.8412
29.8901
29.9811
29.9895
29.9983
30.0049
30.0089
30.0334
30.4423
30.5064
30.5513
30.5649
30.657
30.9688
30.9736
30.9942
31.0391
31.1035
31.317
31.3826
31.5286
31.6691
31.688
31.705
32.0264
32.2498
32.3135
32.7062
32.8453
32.8596
32.9346
32.996
33.0001
33.0291
33.0476
33.0489
33.1063
33.1446
33.1924
33.3576
33.4175
33.4494
33.5642
33.617
33.9406
33.9427
33.9468
33.9521
33.9543
33.9565
33.9612
33.9954
34.0506
34.1058
34.2674
34.2728
34.3355
34.3795
34.3825
34.3948
34.5803
34.583
34.5919
34.6476
34.6921
34.6946
34.7543
34.8887
34.8911
35.0141
35.1562
35.1676
35.3123
35.9297
35.952
35.9592
36.0205
36.0284
36.0514
36.1051
36.249
36.2933
36.32
36.5842
36.6059
36.8672
36.9342
37.0079
37.0372
37.0866
37.0899
37.1599
37.2082
37.2194
37.2835
37.5293
37.6972
37.9698
38.1312
38.2033
38.331
38.4549
38.4835
38.5234
38.895
38.9383
38.9651
39.016
39.0198
39.0295
39.0383
39.1614
39.2739
39.3684
39.6693
39.697
39.8114
39.893
39.8956
39.9002
39.9047
39.9091
39.9184
39.9279
39.9337
39.9382
39.9614
39.9627
39.9684
39.9892
39.9991
40.0121
40.0171
40.0857
40.1114
40.1303
40.2307
40.2415
40.2503
40.2775
40.2842
40.2854
40.3195
40.3337
40.3871
40.7007
40.7322
40.864
41.0132
41.2274
41.4592
41.6134
41.6625
41.8746
41.8825
41.8871
41.897
41.9057
41.934
41.9576
41.979
41.9855
42.0827
42.1419
42.3233
42.4073
42.7849
42.8798
42.8849
42.8884
42.9032
42.9134
42.9891
43.1689
43.2288
43.506
43.6423
43.758
43.7812
43.9137
43.9267
44.1203
44.1859
44.2218
44.2595
44.3769
44.558
44.6802
44.6898
44.8437
44.9104
44.9118
44.9311
44.9514
44.9711
45.0545
45.1562
45.22
45.2565
45.5584
45.6659
45.7679
45.807
45.8531
45.8583
45.861
45.8633
45.868
45.8704
45.8995
45.9005
45.9023
45.9102
45.9454
45.9511
45.9719
45.9947
46.0772
46.2144
46.3471
46.366
46.4538
46.4816
46.4871
46.4923
46.5243
46.5291
46.5808
46.7189
46.9856
47.117
47.1746
47.2281
47.3473
47.4566
47.4669
47.4736
47.6558
47.8432
47.8531
47.8602
47.8612
47.8722
47.8789
47.9212
47.9612
47.9636
47.9822
48.0882
48.2012
48.2644
48.4507
48.8386
48.8584
48.8615
48.8631
48.8846
48.9062
49.2651
49.2857
49.3013
49.3615
49.3835
49.4672
49.5791
49.613
49.8
49.8421
50.2045
50.2948
50.343
50.3971
50.8187
50.8365
50.8558
50.8675
50.8899
50.9319
50.9485
50.9696
51.1569
51.2623
51.4308
51.5529
51.5648
51.6549
51.7234
51.7391
51.7752
51.7852
51.8103
51.8143
51.8154
51.8221
51.8326
51.8364
51.8906
51.9226
51.9303
51.9383
51.9663
52.0106
52.1337
52.1498
52.1598
52.1631
52.1727
52.1931
52.2078
52.2406
52.3922
52.6153
52.6232
52.6251
52.6498
52.6622
52.6889
52.8032
52.9385
52.9442
53.248
53.7267
53.8052
53.8244
53.8601
53.8651
53.8927
53.9324
54.0216
54.0594
54.2246
54.3025
54.4493
54.8066
54.8223
54.8589
54.8882
54.9138
54.9223
54.9255
55.0403
55.1606
55.1942
55.3615
55.4973
55.7084
55.8758
55.9194
56.0604
56.3013
56.6337
56.7886
56.797
56.7982
56.8028
56.828
56.9131
56.9334
56.979
57.0071
57.4136
57.7474
57.7687
57.7728
57.7741
57.7809
57.7833
57.8004
57.8032
57.8109
57.8149
57.8198
57.8327
57.8385
57.8518
57.8753
57.8888
57.9039
57.9064
57.9418
57.9984
58.0483
58.1624
58.1916
58.2031
58.22
58.2722
58.2773
58.2832
58.2962
58.3053
58.3146
58.3262
58.3374
58.3637
58.4081
58.486
58.5601
58.6075
58.7457
58.9822
59.0982
59.1043
59.363
59.4884
59.5128
59.7532
59.7625
59.7733
59.7897
59.7953
59.7971
59.7981
59.82
59.963
59.9645
59.9948
60.1192
60.3928
61.1505
61.1747
61.3873
61.5602
61.5933
61.6542
61.6928
61.8722
61.8872
62.2491
62.29
62.3307
62.4875
62.5458
62.6788
62.7082
62.7155
62.7168
62.7322
62.7428
62.7516
62.7655
62.8053
62.8448
62.8627
62.9325
63.3654
63.6319
63.7248
63.7312
63.7377
63.7564
63.7671
63.7746
63.7908
63.8039
64.0256
64.0741
64.0936
64.11920000000001
64.2454
64.26349999999999
64.4555
64.6876
64.8201
64.93089999999999
65.22839999999999
65.2677
65.2852
65.2953
65.67529999999999
65.71550000000001
65.73099999999999
65.7574
65.7606
65.791
65.8077
66.1996
66.5438
66.6926
66.7116
66.7154
66.7308
66.7756
66.8524
67.0801
67.1448
67.5179
67.8064
68.09350000000001
68.5719
68.7627
68.8165
69.2077
69.3699
69.6234
69.6872
69.6893
69.6914
69.696
69.69840000000001
69.70610000000001
69.7097
69.72069999999999
69.7664
69.7861
69.82250000000001
69.83669999999999
69.8419
69.9873
70.00490000000001
70.0132
70.0149
70.1564
70.18040000000001
70.1824
70.3445
70.5172
70.5643
70.566
70.5938
70.6799
70.6844
70.9866
71.0776
71.09269999999999
71.2287
71.33450000000001
71.3916
71.60299999999999
71.6751
71.69329999999999
71.78919999999999
71.816
71.99379999999999
72.2932
72.6754
73.2238
73.6991
73.8419
73.89100000000001
74.2131
74.2264
74.33459999999999
74.6431
74.67789999999999
74.7723
74.7898
74.9739
75.33240000000001
75.64660000000001
75.64790000000001
75.6498
75.6512
75.66630000000001
75.6704
75.67870000000001
75.7012
75.7242
75.7979
75.99169999999999
76.03579999999999
76.09690000000001
76.1323
76.1433
76.158
76.29130000000001
76.3329
76.3526
76.3984
76.54000000000001
76.5763
76.5937
76.60760000000001
76.86920000000001
76.9164
76.97969999999999
77.1133
77.13549999999999
77.4089
77.52509999999999
77.5654
77.6048
77.6133
77.61660000000001
77.6681
77.6712
77.6818
77.7411
77.7504
77.9943
78.2732
78.5868
78.67230000000001
78.6918
78.9714
78.9927
79.267
79.5287
79.58029999999999
79.6534
79.6832
80.3043
80.5069
80.5681
80.59910000000001
80.6155
80.619
80.6203
80.6245
80.6311
80.6669
80.6798
80.7255
80.7533
80.8327
80.889
80.92829999999999
80.95699999999999
81.04649999999999
81.58069999999999
81.6036
81.60769999999999
81.6101
81.61499999999999
81.6219
81.63379999999999
81.63800000000001
81.6405
81.65860000000001
81.667
81.6711
81.69710000000001
81.744
81.9589
82.1641
82.3156
82.351
82.4367
82.4846
82.97239999999999
82.9862
83.0809
83.32980000000001
83.5748
83.58929999999999
83.6331
83.6718
83.7097
83.9088
84.2283
84.2942
84.4696
84.5498
84.789
85.3276
85.4002
85.4584
85.8447
85.9241
85.9438
85.9982
86.081
86.51000000000001
86.5313
86.5886
86.6447
86.6698
86.7183
87.4939
87.5107
87.5638
87.5813
87.66070000000001
87.94450000000001
87.9515
87.95699999999999
87.9603
88.20950000000001
88.3135
88.35809999999999
88.8571
88.8899
89.0076
89.24039999999999
89.27889999999999
89.2941
89.5081
89.5548
89.5766
89.5864
89.6032
89.6046
89.6202
89.646
89.7089
89.9288
90.0966
90.2578
90.3336
90.55159999999999
90.58929999999999
90.6134
90.68989999999999
90.8592
91.6108
91.7187
91.7687
92.0672
92.2599
92.29130000000001
92.53530000000001
92.5364
92.5401
92.5577
92.56100000000001
92.6023
92.627
92.6443
92.76609999999999
93.19119999999999
93.244
93.5136
93.5175
93.523
93.524
93.52679999999999
93.53360000000001
93.53530000000001
93.5531
93.57429999999999
93.6208
93.8609
93.88209999999999
93.8845
93.8977
93.9419
94.26000000000001
94.3447
94.37139999999999
94.38549999999999
94.4843
94.49460000000001
94.5864
94.8051
95.1326
95.1519
95.17910000000001
95.42149999999999
95.45140000000001
95.5047
95.5082
95.53440000000001
95.5728
95.6718
96.559
96.6096
96.6224
96.973
97.0591
97.19840000000001
97.63760000000001
97.74590000000001
98.43689999999999
98.45050000000001
98.4688
98.5224
98.56
98.6225
98.6605
98.679
98.7821
99.1277
99.4755
99.4773
99.4816
99.48269999999999
99.4902
99.4919
99.49379999999999
99.4996
99.50409999999999
99.51390000000001
99.5159
99.5236
99.5604
99.5656
99.5671
99.6216
99.6354
99.77249999999999
99.9127
99.9936
100.0161
100.0221
100.0981
100.5226
100.5613
100.8215
100.8409
100.9003
100.9435
101.0127
101.4092
101.4503
101.4565
101.4657
101.5056
101.5119
101.5185
101.5302
101.5668
101.6055
102.1858
102.2844
102.5363
102.5998
103.0079
103.5652
103.7841
103.8172
103.966
104.0111
104.1429
104.4424
104.4653
104.478
104.4986
104.5046
104.5096
104.5288
104.7612
104.8201
105.4313
105.4332
105.4354
105.4423
105.4983
105.5094
105.5789
105.6017
105.6714
105.7167
105.8249
105.8309
105.838
105.8539
105.8936
105.9654
106.0158
106.1055
106.2671
106.4515
106.4736
106.6956
106.843
106.9694
107.0786
107.1922
107.412
107.4145
107.4203
107.4376
107.4883
107.4928
107.499
107.5003
107.5146
107.5627
107.7489
107.8006
108.0682
108.4358
108.4459
108.5036
108.5582
108.9048
109.2813
109.8382
109.8503
109.9466
110.1824
110.314
110.3776
110.3821
110.4444
110.5909
110.7401
111.0192
111.2321
111.391
111.3923
111.4029
111.4124
111.4416
111.4638
111.4791
111.5375
111.7127
111.7433
111.7946
111.9161
111.954
112.072
112.1083
112.1185
112.4338
112.475
112.6253
112.8339
113.0395
113.1704
113.3082
113.3538
113.4258
113.4317
113.4328
113.4718
113.4735
113.5199
113.5354
113.6265
114.0279
114.0974
114.3888
114.4315
114.6409
114.7066
114.7317
114.8245
114.838
115.0964
115.1367
115.2144
115.2219
115.3484
116.0766
116.1322
116.3775
116.3815
116.4211
116.4505
116.4686
116.4935
116.5051
116.6921
116.8272
117.0349
117.1501
117.3431
117.3475
117.3546
117.3565
117.3934
117.4004
117.4567
117.5211
117.5815
117.6846
117.6912
117.7272
117.9534
118.2141
118.2406
118.2493
118.3555
118.6624
119.0199
119.0848
119.3421
119.3593
119.3605
119.3988
119.4555
119.5268
120.1994
120.3697
120.6253
120.6364
120.6872
120.7424
120.7562
120.7737
120.8204
121.0139
121.3023
121.3417
121.8063
121.9864
122.1659
122.3212
122.3323
122.3334
122.3368
122.3472
122.3696
123.1924
123.304
123.3061
123.3092
123.317
123.3223
123.336
123.368
123.4201
123.6464
123.6524
123.7153
123.7198
123.9095
123.9567
124.0393
124.3054
124.3779
124.5174
124.5303
124.8851
124.9349
125.2536
125.2763
125.2829
125.2949
125.3195
125.3351
125.4207
125.4282
126.4344
126.4498
126.5696
126.5917
126.7611
126.7625
126.9421
127.0137
127.0748
127.178
127.4212
127.669
128.243
128.2979
128.3111
128.3626
128.9301
128.9564
129.2269
129.2626
129.2724
129.2769
129.283
129.3239
129.3785
129.4277
129.4394
129.4819
129.6022
129.6348
129.6545
129.6941
129.7166
129.7907
129.9141
130.1179
130.1667
130.1834
130.1889
130.4671
130.5882
130.7048
130.8605
130.9314
131.2693
131.3091
131.7302
131.793
131.8116
132.0157
132.2435
132.2618
132.2812
132.5419
132.5485
133.4711
133.6932
133.8772
133.8971
134.1585
134.2173
134.2319
134.2369
134.2741
134.2985
134.3132
134.3943
134.5819
134.9196
134.9533
135.056
135.2256
135.2278
135.2393
135.2467
135.2722
135.2863
135.297
135.3073
135.3737
135.5638
135.6052
135.7435
135.7997
135.9402
135.9692
136.0008
136.2965
136.7305
136.8332
136.9308
137.0639
137.1194
137.1887
137.2164
137.2454
137.2564
137.2611
137.2718
137.2834
137.2846
137.3037
137.6544
137.7384
137.7669
138.2116
138.2668
138.3854
138.5295
138.62
138.6433
138.7864
138.8334
138.9957
139.2995
139.3095
139.768
140.083
140.1713
140.1814
140.1932
140.1972
140.2394
140.2712
140.3236
140.3619
140.3685
140.4674
140.6307
140.8502
141.1751
141.1775
141.1787
141.187
141.1892
141.1978
141.2394
141.3271
141.3589
141.3766
141.3851
141.5268
141.5682
141.6229
141.6316
141.6329
141.7019
141.7332
141.7347
141.9836
142.0445
142.1706
142.2561
142.3024
142.6267
143.032
143.1892
143.2149
143.2282
143.2343
143.2447
143.2525
143.5708
144.251
144.2697
144.6872
144.9459
145.2729
145.4571
145.516
145.5726
145.6034
146.1702
146.197
146.2221
146.2529
146.3438
146.8301
146.9537
147.0547
147.0839
147.1361
147.1371
147.14
147.1419
147.1473
147.1531
147.1714
147.2041
147.2155
147.4536
147.4759
147.4846
147.5061
147.5204
147.6987
147.7528
147.7609
147.7663
148.1238
148.2208
148.4335
148.6085
148.8533
149.1174
149.1224
149.1446
149.1472
149.1591
149.1716
149.1933
149.2019
149.3272
149.6317
149.6551
150.0505
150.1372
150.1971
150.461
150.9225
151.1614
151.6409
151.758
152.0622
152.0784
152.118
152.1368
152.1382
152.1474
152.1488
152.175
152.2416
152.2581
152.2853
152.4001
152.7209
152.7863
153.0915
153.1029
153.1195
153.1284
153.1473
153.1748
153.1818
153.2
153.243
153.4097
153.5375
153.6171
153.6297
153.6706
153.6889
153.7625
153.8848
153.916
153.9279
153.9431
154.4845
154.5924
155.0204
155.0763
155.0774
155.1162
155.1342
155.165
155.1719
156.0644
156.1691
156.1756
156.196
156.4813
156.5673
156.6018
156.7167
157.3438
157.7543
157.9469
158.0884
158.1193
158.1527
158.3994
159.0443
159.0492
159.0517
159.0567
159.0599
159.07
159.0722
159.0763
159.0813
159.0948
159.1029
159.1075
159.1092
159.5323
159.5419
159.584
159.6715
159.8222
159.9425
160.1258
160.1741
160.1861
160.2024
160.2727
160.8154
161.0552
161.0662
161.0691
161.1159
161.1778
161.1812
161.2929
162.3989
162.581
162.6896
162.6962
162.7602
162.768
162.8365
162.9493
162.9723
163.0541
163.548
163.613
163.6721
164.024
164.0302
164.0317
164.0355
164.04
164.0964
164.1138
164.1849
164.2205
164.361
164.6563
165.0069
165.0159
165.0193
165.0329
165.0378
165.0895
165.1363
165.161
165.334
165.352
165.3555
165.3583
165.4438
165.4498
165.7089
165.7658
165.7767
165.8206
165.8923
165.9806
166.2307
166.817
166.9943
167.0379
167.0436
167.0722
167.1153
167.4476
167.4523
167.4829
167.5013
167.7724
168.0039
168.5447
168.7062
168.9063
169.1884
169.2081
169.9459
170.0049
170.0197
170.1068
170.1317
170.3544
170.6467
170.9621
170.9645
170.9684
170.978
170.9814
170.9835
170.9936
170.9951
171.0176
171.0316
171.0543
171.092
171.0931
171.0961
171.1877
171.2857
171.2868
171.3187
171.341
171.3638
171.444
171.5989
171.7172
171.8438
171.8606
172.0078
172.0835
172.1362
172.9509
172.9645
173.0019
173.0096
173.0226
173.0653
173.0672
173.123
173.5822
173.6632
173.9442
173.9981
174.059
174.2535
174.4288
174.7585
175.0531
175.1589
175.7222
175.9323
175.9479
175.9539
175.9549
175.9778
175.9824
176.0445
176.0506
176.0577
176.113
176.1592
176.3203
176.9185
176.921
176.923
176.9273
176.9332
176.9349
176.94
176.9549
176.9693
176.9924
177.0502
177.057
177.1983
177.2119
177.2278
177.32
177.3393
177.3407
177.3804
177.4107
177.4814
177.5456
177.5621
177.6508
177.8008
177.8439
177.8934
177.9254
178.2796
178.5728
178.7413
178.9652
178.9763
179.0556
179.1207
179.1831
179.6321
179.9596
179.9845
180.2033
180.2851
180.4405
180.9653
181.0013
181.3791
181.4004
181.4654
181.4849
181.7097
181.9349
181.9547
181.9711
182.1085
182.2148
182.2948
182.8779
182.8842
182.8921
182.8996
182.901
182.9053
182.9156
182.9409
182.979
182.9836
183.0963
183.1038
183.195
183.2554
183.2713
183.3531
183.4383
183.4898
183.7095
183.802
183.8361
184.0868
184.1112
184.1478
184.281
184.5622
184.6006
184.6571
184.7215
184.871
184.9028
184.9072
185.3413
185.9064
185.9427
186.0432
186.2369
186.2446
186.2718
186.6107
186.6764
186.7559
186.8783
186.9034
187.4045
187.7215
187.7968
187.8815
187.8955
187.9258
187.9331
187.9454
187.9562
187.9851
188.1391
188.3475
188.5856
188.8387
188.8446
188.8514
188.8536
188.8559
188.887
188.8884
188.9321
188.9899
189.0702
189.0773
189.0949
189.1047
189.1722
189.2407
189.3502
189.3628
189.367
189.3974
189.4029
189.5349
189.6149
189.7995
189.9491
190.1291
190.2508
190.2554
190.293
190.5048
190.5218
190.5764
190.5882
190.6835
190.8175
190.8644
190.8806
191.1984
191.217
191.3145
191.4014
191.8116
191.8597
191.9254
191.9493
192.0689
192.13
192.4821
192.6319
192.893
192.9304
192.9332
193.0532
193.2504
193.2946
193.2963
193.4115
193.5459
193.7609
193.803
193.9356
193.9424
194.2018
194.6265
194.7936
194.7983
194.8026
194.8039
194.8051
194.8076
194.8152
194.8178
194.8375
194.8403
194.875
194.9142
195.0919
195.1158
195.1464
195.1594
195.2051
195.2685
195.309
195.3106
195.3251
195.4958
195.7009
195.7774
196.0752
196.0952
196.1541
196.2876
196.4069
196.7868
196.7893
196.7979
196.8207
196.8438
196.8553
196.8865
197.0288
197.1172
197.1482
197.5319
197.7909
197.793
197.8096
197.8143
197.8258
197.9208
198.3445
198.7721
198.8171
198.8671
198.915
199.0237
199.1883
199.5316
199.5564
199.7433
199.7556
199.7683
199.8325
199.9467
199.9741
200.0308
200.1591
200.6395
200.676
200.7679
200.7738
200.7914
200.9507
200.9928
201.1531
201.1621
201.2604
201.2743
201.654
201.6998
201.7204
201.8222
201.8761
201.885
202.0401
202.237
202.682
202.7332
202.7386
202.7449
202.7686
202.7891
202.8005
202.8782
202.9953
203.3968
203.7679
203.7962
203.8702
203.9857
204.1556
204.3046
204.331
204.351
204.4111
204.4332
204.4687
204.7076
204.7608
204.8399
205.0447
205.2318
205.3302
205.4202
205.4729
205.5728
205.6284
205.6526
205.6679
205.6973
205.7063
205.731
205.7338
205.7382
205.7397
205.7702
205.784
205.788
205.7891
205.8903
205.9082
206.7084
206.7111
206.724
206.7783
206.827
207.0929
207.0996
207.1391
207.1409
207.1573
207.1844
207.1863
207.2059
207.4779
207.5058
207.7622
207.7889
208.0272
208.0286
208.0463
208.1003
208.3674
208.449
208.6707
208.7045
208.738
208.7926
208.8073
208.8179
209.5087
209.7268
209.7991
210.1373
210.1737
210.1874
210.3101
210.4141
210.469
210.4773
210.5161
210.7579
211.0017
211.184
211.6591
211.6653
211.6902
211.6916
211.7228
211.7371
211.8821
212.046
212.1605
212.3375
212.5546
212.6618
212.668
212.6749
212.6806
212.7579
212.7798
212.8603
213.0344
213.0369
213.0567
213.2306
213.2796
213.4483
213.6491
213.7857
214.2161
214.2646
214.3719
214.3731
214.4174
214.7036
214.7073
214.7264
214.7632
214.8007
215.7542
215.7591
215.8736
216.2476
216.2793
216.3423
216.6208
216.6598
216.6661
216.8538
216.9195
216.924
217.3153
217.3331
217.3637
217.6162
217.6233
217.6307
217.6317
217.641
217.648
217.6545
217.716
217.95
218.0526
218.0583
218.3964
218.6229
218.6354
218.6384
218.6409
218.6493
218.666
218.668
218.7045
218.7134
218.7224
218.7551
219.0121
219.0317
219.0933
219.2016
219.2237
219.2314
219.7172
219.7627
219.793
220.0814
220.2838
220.3445
220.349
220.6158
220.6275
220.6302
220.6415
220.6445
220.6501
220.6577
220.6742
220.8077
221.3093
221.3833
221.4203
221.661
221.68
221.885
221.897
221.9281
221.9478
221.9757
222.0841
222.1468
222.2198
222.3283
222.5488
222.5715
222.6487
222.6871
222.7738
222.7926
223.019
223.1236
223.4868
223.6067
223.6098
223.6166
223.6289
223.63
223.6564
223.7537
223.8509
224.0234
224.4815
224.5786
224.5893
224.599
224.631
224.6323
224.6425
224.7122
224.7155
224.9211
224.9684
224.9983
224.9998
225.015
225.0166
225.0449
225.0527
225.0967
225.2315
225.3463
225.4239
225.4454
225.6291
225.6594
225.7089
225.7275
225.9695
226.0131
226.2404
226.4884
226.5667
226.5803
226.592
226.6014
226.646
226.6526
226.679
227.1421
227.322
227.5669
227.5931
227.6051
227.6733
227.8844
227.8978
228.0699
228.4873
228.6016
228.7815
228.9735
229.1642
229.1907
229.3529
229.5611
229.5667
229.6124
229.6254
229.8527
230.0885
230.3383
230.4762
230.5001
230.532
230.5359
230.5395
230.5416
230.5496
230.5627
230.568
230.5931
230.6444
230.6903
230.7244
230.785
230.7969
230.9175
231.0481
231.0891
231.0952
231.1379
231.1655
231.2032
231.7423
231.9902
232.0548
232.1037
232.1099
232.139
232.182
232.1961
232.2138
232.4425
232.4854
232.4969
232.5269
232.546
232.5751
232.596
232.6354
232.6647
233.0433
233.2769
233.4395
233.5412
233.5547
233.5639
233.577
233.5795
233.9046
234.0593
234.3001
234.3936
234.5169
234.7254
234.8765
235.3092
235.4689
235.4964
235.5183
235.5342
235.5352
235.55
235.5607
235.5685
235.6114
235.615
235.6378
235.6765
235.7456
235.9567
236.0423
236.3388
236.476
236.4867
236.4879
236.4898
236.4912
236.4931
236.498
236.499
236.5531
236.5699
236.5921
236.6065
236.7074
236.8491
236.8833
236.8941
236.9069
236.9471
236.9875
237.106
237.185
237.208
237.4686
237.5215
237.7357
238.0579
238.3813
238.3872
238.4748
238.4813
238.5008
238.504
238.528
238.5591
238.5801
238.6751
238.7682
238.8709
238.8828
238.8848
238.8953
238.8999
238.9236
238.925
238.9676
239.5045
239.5387
239.5554
239.6064
239.7155
239.7215
240.0186
240.0303
240.2934
240.4846
240.8759
241.2502
241.3243
241.4454
241.4638
241.4954
241.5046
241.5076
241.5268
241.59
241.7103
241.7466
241.929
242.2337
242.3579
242.4405
242.4501
242.4571
242.4615
242.4637
242.4691
242.4764
242.4907
242.5072
242.5217
242.5428
242.5898
242.647
242.801
242.8026
242.8215
242.8257
242.8433
242.8729
242.9692
242.9931
243.085
243.1317
243.1954
243.3282
243.4046
243.5025
243.5222
243.8398
243.9486
244.1395
244.437
244.4404
244.4676
244.4867
244.645
244.8946
245.086
245.2132
245.4363
245.4505
245.5018
245.615
245.7807
245.9105
245.9581
246.2379
246.3666
246.58
246.7065
246.7818
246.9614
247.078
247.2607
247.4096
247.4368
247.4628
247.983
248.4094
248.42
248.4224
248.4255
248.431
248.5569
248.5875
248.6063
248.7146
248.7172
248.7248
248.7259
248.7303
248.7346
248.7777
248.8066
248.8189
248.8606
248.9329
249.0097
249.0457
249.1366
249.2287
249.2797
249.4716
249.8479
249.9739
250.017
250.1303
250.2875
250.3967
250.3985
250.4505
250.4629
250.5081
250.5595
250.8423
251.0908
251.145
251.4328
251.4432
251.4725
251.5442
251.6566
252.1075
252.2458
252.3096
252.393
252.4176
252.5608
253.2968
253.3153
253.3814
253.4067
253.438
253.4574
253.4672
253.5314
253.6314
253.7757
253.934
254.3682
254.3702
254.3763
254.39
254.3928
254.3969
254.4486
254.4687
254.4708
254.4821
254.4996
254.6708
254.6821
254.6988
254.7073
254.7785
254.8041
254.8111
254.8171
254.8503
255.4102
255.5826
256.1397
256.1443
256.3507
256.3836
256.4145
256.4333
256.4378
256.7454
256.8007
256.8036
256.822
256.8323
256.8551
257.0844
257.3676
257.3702
257.3998
257.5161
257.5464
257.8117
258.0866
258.202
258.3464
258.3735
258.3895
258.4074
258.5447
258.6138
258.8636
258.9546
259.0174
259.2427
259.3149
259.334
259.3502
259.3722
259.3872
259.4038
259.4066
259.4597
260.3229
260.3253
260.3386
260.3452
260.3517
260.3813
260.3875
260.4468
260.4667
260.631
260.6655
260.6704
260.6873
260.6954
260.76
260.8002
260.8091
260.8408
261.0865
261.1607
261.1915
261.2105
261.2433
261.5707
261.6905
261.6919
261.7703
261.9079
261.9174
262.0782
262.0871
262.113
262.2757
262.3047
262.3168
262.3182
262.3478
262.3543
262.3651
262.4711
262.5652
262.8791
262.8959
263.2228
263.3801
263.39
263.5018
263.6142
263.6907
263.9521
264.4617
264.4713
264.8059
265.1715
265.3041
265.3233
265.3327
265.3444
265.3605
265.3993
265.9449
266.2004
266.2075
266.2439
266.2784
266.2841
266.286
266.288
266.2902
266.2965
266.3092
266.3172
266.3367
266.3556
266.3584
266.3694
266.6086
266.6857
266.744
266.7936
266.8293
267.0098
267.051
267.0975
267.1298
267.1623
267.2416
267.3605
267.9511
268.0787
268.2449
268.2612
268.2949
268.4026
268.4049
268.7355
268.7461
268.8043
268.8973
269.0754
269.2827
269.2923
269.6493
269.685
269.7352
269.7852
270.0015
270.7811
270.829
271.1367
271.2581
271.277
271.2898
271.2908
271.3004
271.3408
271.3855
271.4554
271.5017
272.1241
272.1767
272.2392
272.2422
272.2605
272.2801
272.2941
272.3381
272.3612
272.3659
272.3849
272.5439
272.5816
272.5945
272.6545
272.9622
273.0382
273.2238
273.3098
273.4573
273.7399
273.9821
274.2441
274.2538
274.2661
274.2873
274.3056
274.3439
275.0886
275.2296
275.2494
275.2665
275.3189
275.4388
275.522
275.6367
275.7229
276.0629
276.0795
276.1158
276.2708
276.4443
276.4748
276.5287
276.6504
276.6608
276.9875
277.033
277.1175
277.1885
277.2242
277.2258
277.2703
277.3779
277.3885
277.484
277.7204
278.1996
278.2031
278.2064
278.2103
278.2149
278.2182
278.2229
278.2471
278.3515
278.4209
278.5619
278.5901
278.6071
278.8037
278.8629
279.0221
279.1346
279.3689
280.1185
280.1616
280.1783
280.1932
280.213
280.2252
280.2533
280.3231
280.6509
280.6899
281.1822
281.2054
281.2234
281.2499
281.2561
281.4892
281.632
281.6799
281.8141
282.0248
282.5821
282.6204
282.7017
282.8287
282.9745
283.1866
283.2197
283.2541
283.265
283.2668
283.3439
283.6051
283.8345
284.1555
284.1582
284.1593
284.1626
284.1759
284.2054
284.236
284.3083
284.6234
284.6579
284.6591
284.6652
284.6703
284.6778
284.6897
284.6969
284.702
284.8376
285.1038
285.1662
285.2809
285.5662
285.724
285.7576
285.7839
285.786
285.8383
285.8411
285.8986
286.133
286.1345
286.169
286.1952
286.206
286.2103
286.2564
286.2748
286.3618
286.539
287.0228
287.1476
287.1885
287.2019
287.226
287.3056
287.3276
287.4341
287.5536
287.583
287.6347
287.6847
288.0329
288.2577
288.3605
288.7441
288.8441
289.0219
289.0762
289.1638
289.1677
289.1973
289.2447
289.2762
289.9934
290.1123
290.1137
290.1235
290.1269
290.1338
290.1489
290.1846
290.1867
290.1894
290.2039
290.231
290.2576
290.2596
290.2858
290.4157
290.4322
290.4491
290.4926
290.5177
290.7756
291.0295
291.078
291.1029
291.3078
291.6237
291.7443
292.044
292.0907
292.1072
292.1206
292.1291
292.1486
292.182
292.2002
292.2254
292.2398
292.3393
292.4917
293.1216
293.2384
293.4614
293.4916
293.5328
293.6236
293.8298
293.994
294.0285
294.1076
294.1844
294.2858
294.3333
294.4537
294.5384
294.9003
295.0379
295.0608
295.1045
295.1221
295.1464
295.1487
295.2263
295.2396
295.2737
295.658
295.8949
295.9645
296.0733
296.0763
296.0794
296.0853
296.0869
296.091
296.1204
296.1364
296.4232
296.4256
296.5021
296.5692
296.5785
296.5908
296.6023
296.6304
296.7511
296.9682
297.024
297.2354
297.2992
297.3619
297.4791
297.503
297.7076
297.7353
297.7483
297.789
297.8542
298.0502
298.0774
298.0809
298.1477
298.1534
298.3746
298.3923
298.5258
298.8868
299.1421
299.2087
299.2826
299.5675
299.6236
299.8884
300.0843
300.1689
300.4071
300.466
300.6428
300.776
300.7897
300.8921
300.8931
300.9891
301.0221
301.0463
301.0574
301.0905
301.1098
301.1172
301.1896
301.3407
301.4903
302.0252
302.0515
302.0574
302.0674
302.3364
302.3704
302.38
302.4856
302.5154
302.554
302.5672
302.8261
303.1273
303.2428
303.4932
303.9077
303.9767
304.0112
304.0363
304.0497
304.0545
304.0656
304.0783
304.4257
304.6597
304.7155
304.9596
304.974
305.0179
305.0232
305.0847
305.1146
305.1243
305.343
305.3922
305.6971
305.76
305.8081
306.0696
306.1431
306.467
306.5143
306.6314
306.8469
306.9587
306.993
306.995
307.074
307.0836
307.1014
307.1226
307.2772
307.7458
307.8125
307.8476
307.9907
307.9989
308.0039
308.0089
308.0373
308.046
308.058
308.0894
308.0982
308.1179
308.1364
308.168
308.2412
308.3476
308.3496
308.3536
308.3592
308.362
308.3746
308.3911
308.4093
308.4311
308.4863
308.5351
308.6421
308.7206
308.8289
308.8394
308.9216
308.9368
309.0555
309.1118
309.1357
309.1798
309.2956
309.2976
309.5229
309.6319
309.9338
309.9774
309.9878
310.0021
310.0588
310.3315
310.9187
310.9926
311.0528
311.2778
311.9717
312.7796
312.7844
312.9574
312.9648
312.9711
312.9813
312.9976
313.0156
313.0298
313.1158
313.1351
313.1388
313.3505
313.5353
313.6586
313.6874
313.9117
313.9469
313.9488
313.9548
313.9571
313.9732
314.0135
314.0401
314.1309
314.1468
314.3082
314.3104
314.3184
314.3989
314.4063
314.4319
314.5501
314.5577
314.5809
314.5874
314.7231
315.1402
315.1921
315.4606
315.4799
315.581
315.712
315.9016
315.9194
315.9275
315.9315
315.9935
315.9972
316.0025
316.5773
316.6793
316.9885
317.0687
317.2419
317.2914
317.5322
317.5449
317.724
317.9319
318.2228
318.6983
318.8949
318.9053
318.9225
318.9669
318.9806
319.1692
319.536
319.6351
319.9021
319.9041
319.9058
319.9159
319.9221
319.9257
319.9269
319.9783
320.1523
320.1945
320.2769
320.3267
320.3719
320.3801
320.3835
320.3975
320.6119
320.6408
320.6897
320.7338
321.0507
321.0672
321.156
321.2477
321.2532
321.3258
321.375
321.8704
321.8811
321.8975
321.9283
321.968
321.9824
322.0181
322.0431
322.0783
322.1597
322.2717
322.302
322.4595
322.8137
322.9438
322.9588
323.2395
323.3504
323.6554
323.7464
323.7537
324.0953
324.2056
324.567
324.7189
324.8727
324.8953
324.9155
324.929
324.9349
324.9866
324.9881
325.0613
325.2179
325.3928
325.8581
325.8653
325.8668
325.8684
325.8754
325.8806
325.884
325.8854
325.9544
325.9821
326.1985
326.217
326.2927
326.6044
326.6155
326.6566
326.9208
326.9592
327.0103
327.0116
327.2478
327.3461
327.548
327.5658
327.8474
327.8552
327.8759
327.8905
327.9105
327.9119
327.9129
328.0873
328.2222
328.2728
328.5921
328.6366
328.7163
328.8467
328.8915
328.9876
328.9979
329.054
329.0934
329.1479
329.2728
329.3216
329.3439
329.3612
329.7037
329.7715
330.2659
330.8321
330.8749
330.8822
331.0124
331.0657
331.5899
331.8147
331.8187
331.8226
331.8301
331.8389
331.861
331.9143
331.9248
332.0525
332.2054
332.2437
332.2687
332.2954
332.3921
332.4407
332.4618
332.497
332.5857
332.6492
332.8702
332.9617
333.1974
333.4595
333.5124
333.6885
333.7084
333.8073
333.8267
334.2014
334.3621
334.8131
334.8605
334.8637
334.9591
335.1089
335.3089
335.3929
335.5138
335.5394
335.829
335.9819
336.431
336.5567
336.5666
336.8391
336.9212
336.9766
337.1194
337.7794
337.7813
337.7999
337.8011
337.8051
337.8666
337.9026
337.9075
337.9157
338.1262
338.1304
338.132
338.2243
338.2732
338.3984
338.4404
338.5815
338.7326
338.7698
338.7752
338.8191
338.9509
339.0187
339.1327
339.257
339.4769
339.7418
339.7482
339.7721
339.7778
339.7804
339.7931
339.7976
339.8063
339.8251
339.8264
339.8354
340.2664
340.6257
340.6769
340.7001
340.7823
340.7865
340.8452
341.0751
341.3351
341.4252
341.4294
341.4682
341.5458
341.879
341.9362
341.9496
342.2749
342.3988
342.4334
342.4564
342.4849
342.5796
342.7325
342.7351
342.7541
342.766
342.7874
342.8029
342.8205
342.8374
342.8967
343.2841
343.6144
343.735
343.7384
343.7552
343.7884
343.7983
343.8243
343.8459
343.8475
343.9009
343.926
343.9382
344.0466
344.1019
344.1132
344.1602
344.4701
344.5256
344.5601
344.6991
344.7422
344.8395
344.9581
345.2152
345.2983
345.6146
345.6879
345.7313
345.7368
345.76
345.7958
345.8454
345.9018
345.9664
346.5248
346.7195
346.7353
346.7534
346.935
346.9611
346.9733
346.9791
347.0842
347.6256
347.9023
347.9813
348.0686
348.0788
348.6817
348.6876
348.7203
348.7414
348.7678
348.7807
348.7839
348.971
349.3016
349.4543
349.6923
349.7027
349.7165
349.7396
349.7766
349.7787
349.8591
349.8614
349.9377
350.025
350.0547
350.2584
350.2719
350.2967
350.3252
350.3306
350.4792
350.5448
350.585
350.6176
350.6404
350.6683
350.6721
350.7366
350.8578
350.9849
351.1639
351.2558
351.2892
351.5129
351.5902
351.7055
351.7262
351.7384
351.7517
351.7564
351.851
352.0147
352.0515
352.2775
352.3634
352.4176
352.6303
352.6862
352.7032
352.7068
352.7223
352.9243
352.9733
353.0556
353.3725
353.4739
353.6212
353.6485
353.8571
353.879
353.9664
354.2485
354.3278
354.6648
354.6766
354.6866
354.6892
354.6949
354.6965
354.7074
354.7561
354.8319
355.0926
355.592
355.6472
355.6494
355.6515
355.6582
355.6604
355.6625
355.6658
355.6683
355.6719
355.6998
355.7356
355.7742
355.9631
356.0667
356.0814
356.1022
356.158
356.2731
356.3266
356.3702
356.3761
356.4021
356.5092
356.5717
356.8435
357.0421
357.0886
357.5895
357.5957
357.6541
357.6649
357.6683
357.6725
357.6775
357.6831
357.6931
357.7029
357.7197
357.7436
357.7785
358.0493
358.3553
358.5061
358.6322
358.6863
358.7212
358.7254
358.8016
359.0476
359.0882
359.1012
359.2574
359.8814
360.0932
360.2654
360.6339
360.7205
360.8056
360.8499
360.975
361.2306
361.5681
361.6075
361.6104
361.619
361.6206
361.6235
361.6262
361.6326
361.6341
361.6589
361.6814
361.7023
361.7466
361.9456
361.9539
362.0432
362.1566
362.5711
363.1001
363.1304
363.1442
363.1483
363.1628
363.1931
363.2038
363.3349
363.5949
363.5979
363.6157
363.6261
363.6633
363.6752
364.1006
364.6548
364.7348
364.7503
364.8908
365.0967
365.2859
365.9048
365.9361
366.0464
366.088
366.2499
366.295
366.3978
366.5702
366.5936
366.5953
366.5991
366.6161
366.6807
366.6939
366.7364
367.0702
367.2901
367.562
367.5639
367.5744
367.6176
367.6499
367.7147
367.7238
367.7829
367.8394
367.8964
367.9204
367.9215
367.9293
367.958
367.975
368.0037
368.0063
368.0087
368.0197
368.0564
368.1936
368.2822
368.299
368.338
368.4581
368.7164
368.7208
368.9569
368.9755
368.9984
369.3352
369.4157
369.5539
369.5589
369.5649
369.5705
369.5835
369.6138
369.6256
369.649
369.6647
369.6936
369.9495
370.548
370.5629
370.6266
370.842
371.1841
371.2628
371.4426
371.492
371.67
371.675
371.9751
372.075
372.0934
372.1172
372.3335
372.3833
372.5276
372.5331
372.5393
372.5523
372.5648
372.7013
372.7916
373.2228
373.4394
373.521
373.5257
373.5269
373.5318
373.536
373.5407
373.5729
373.5828
373.5862
373.5882
373.6092
373.6507
373.6887
373.817
373.8507
373.868
373.8858
373.8926
374.0121
374.1043
374.5048
374.5148
374.525
374.7724
374.7751
374.8464
374.9573
375.0594
375.3543
375.415
375.5057
375.5114
375.5205
375.5297
375.5533
375.5567
375.564
375.9747
376.0038
376.186
376.5398
376.8115
376.8382
376.8984
376.9369
377.0047
377.1976
377.376
377.9556
378.1048
378.3383
378.4954
378.4985
378.5157
378.5539
378.555
378.6581
378.6706
378.6822
378.8537
378.9158
379.1024
379.4739
379.4768
379.478
379.4833
379.4861
379.4943
379.4985
379.4995
379.5044
379.5323
379.5681
379.5729
379.58
379.6025
379.6628
379.7697
379.7915
379.8198
379.8454
379.8467
379.8479
379.8543
379.8612
380.0298
380.0507
380.1166
380.1935
380.2398
380.4221
380.6153
380.8723
380.9105
380.9291
381.0651
381.0855
381.1308
381.1507
381.3548
381.4534
381.4714
381.4948
381.5055
381.5089
381.5301
381.5633
381.5734
381.6072
381.6222
381.6531
382.0628
382.0711
382.4698
382.4918
382.5153
382.5399
382.6586
382.67
383.4324
383.6281
383.9192
384.0383
384.2173
384.4628
384.4697
384.4819
384.4837
384.4975
384.5262
384.5316
384.5495
384.6894
384.8987
384.9482
385.1044
385.4326
385.4368
385.4385
385.4421
385.4527
385.4545
385.4591
385.4967
385.5096
385.5279
385.5348
385.7482
385.7617
385.78
385.7861
385.8779
385.8971
386.1129
386.271
386.4941
386.7747
386.7825
386.8025
386.9111
387.1984
387.252
387.3506
387.3552
387.422
387.4386
387.442
387.4647
387.5045
387.5165
387.5276
387.7875
387.9522
388.0722
388.1146
388.3172
388.3591
388.5819
388.7402
388.7946
388.8613
389.0102
389.0925
389.4048
389.4611
389.5388
389.5494
389.9616
390.0244
390.3579
390.3733
390.3916
390.4134
390.4346
390.468
390.4715
390.4726
390.4826
390.5027
390.7502
390.7633
390.8419
391.2854
391.4015
391.4093
391.415
391.4223
391.4426
391.4447
391.4554
391.4639
391.5649
391.5666
391.5879
391.7311
391.7375
391.7749
391.7772
392.03
392.0547
392.1537
392.2073
392.3666
392.4346
392.6335
392.6609
392.7771
392.8104
392.8954
393.0445
393.3729
393.3876
393.4011
393.4502
393.4961
394.1571
394.2641
394.3612
394.6378
394.7093
394.9971
395.4866
395.6223
395.6529
395.7461
395.917
395.9771
396.0001
396.0327
396.1672
396.3041
396.323
396.3611
396.3849
396.4021
396.4173
396.4828
396.5246
397.3503
397.3522
397.3599
397.3668
397.4227
397.4336
397.4459
397.5063
397.6639
397.6714
397.693
397.716
397.753
397.7727
397.7992
397.8225
397.825
397.8322
397.8552
397.9592
398.049
398.1398
398.2003
398.2882
398.3897
398.8859
398.8888
399.0316
399.1016
399.3296
399.3374
399.3413
399.3711
399.3755
399.8528
400.1245
400.3686
400.3833
400.4002
400.4071
400.4111
400.4419
400.4832
400.551
400.6922
401.0833
401.1617
401.4034
401.4284
401.9001
402.1434
402.3039
402.3062
402.3272
402.3623
402.3751
402.3902
402.4032
402.6123
402.6179
402.9163
403.2687
403.3044
403.3109
403.3122
403.3136
403.3175
403.3395
403.5044
403.5847
403.5975
403.6139
403.6346
403.6409
403.6528
403.7077
403.7663
403.7794
403.8159
403.8253
403.8856
404.155
404.1583
404.2047
404.2167
404.2178
404.4448
404.4486
404.4953
404.5063
404.5867
404.6768
404.8289
405.2936
405.301
405.3091
405.3253
405.3437
405.3572
405.3801
405.3884
405.4032
405.4265
405.459
405.6099
405.7484
405.8186
405.877
406.1338
406.694
406.7251
406.7638
406.7822
407.188
407.2351
407.2593
407.3074
407.3591
408.2997
408.3169
408.3498
408.4259
408.4397
408.6572
408.9113
409.2671
409.2729
409.2757
409.2886
409.3159
409.3562
409.4138
409.6368
409.6635
409.7497
409.7618
409.9106
410.0456
410.119
410.2684
410.3066
410.3875
410.6421
410.7471
410.7794
410.8892
411.1675
411.1911
411.2467
411.2501
411.2615
411.2775
411.2937
411.3105
411.3607
411.375
411.6148
411.6321
411.6612
411.9899
412.3557
412.3731
412.5657
412.8166
412.9371
412.9566
412.9879
413.0423
413.316
413.3614
413.4973
413.6483
413.8128
413.8445
414.0299
414.0334
414.2339
414.2392
414.2638
414.2759
414.277
414.2892
414.2907
414.3027
414.3148
414.317
414.4041
415.2236
415.2256
415.2292
415.2316
415.2424
415.2495
415.289
415.3094
415.3181
415.3354
415.3761
415.4219
415.5853
415.6042
415.6104
415.6125
415.6252
415.6404
415.6557
415.7228
415.7326
415.828
415.9745
416.3408
416.5207
416.7559
416.8479
416.8804
417.217
417.24
417.2468
417.2523
417.4107
417.4333
417.8835
417.9798
418.0096
418.0661
418.1935
418.2219
418.2327
418.4436
418.5823
418.627
418.6593
418.7867
419.0294
419.0511
