2.545
4.2059
5.5289
6.0321
8.940799999999999
9.5999
12.1234
12.2304
13.1198
13.1521
13.1794
14.1018
14.2695
15.0691
15.1002
15.1031
15.1095
15.1527
15.1609
15.1646
15.215
15.2742
15.2963
15.3349
15.3993
15.4324
15.514
15.5269
15.7322
15.7969
15.8167
15.9807
16.1749
16.1842
16.2192
16.2959
16.7632
17.9808
18.099
18.1204
19.1556
21.0375
21.0456
21.0818
21.104
21.1283
21.1372
21.1501
21.155
21.1573
21.1822
21.2245
21.3679
21.3936
21.442
21.5498
21.5619
21.6329
21.6796
21.7197
21.8375
21.852
21.9149
21.9219
22.016
22.0187
22.0227
22.0283
22.0421
22.7477
24.2784
24.3084
25.0688
26.9894
27.0014
27.0151
27.033
27.0715
27.0896
27.0955
27.1006
27.1105
27.114
27.1501
27.1764
27.1879
27.1949
27.2763
27.3006
27.3857
27.5107
27.5288
27.5536
27.5701
27.6942
27.7345
27.8173
27.861
27.8747
27.8898
27.9056
28.0311
28.3556
28.388
28.5546
28.8162
29.2107
29.2812
30.0737
32.21
32.9379
32.9509
33.0072
33.0264
33.0406
33.0592
33.0648
33.1036
33.1182
33.1405
33.1821
33.1942
33.2066
33.2236
33.2432
33.296
33.4749
33.495
33.6709
33.7259
33.7553
33.8392
33.9379
34.0688
34.0993
34.192
34.4645
35.2827
35.9758
36.0538
36.0597
36.9585
36.9802
36.9932
37.0276
38.4615
38.9009
38.9114
38.9188
38.922
38.9848
39.0193
39.0241
39.0548
39.0744
39.0933
39.107
39.1579
39.4651
39.4984
39.5879
39.6141
39.629
39.6806
39.7339
39.8322
39.8972
39.907
40.0208
40.5461
40.5636
42.044
42.0673
42.0983
42.915
43.0146
44.8604
44.8987
44.9188
44.9695
44.9862
44.9999
45.0047
45.0399
45.0755
45.1865
45.2307
45.2668
45.3286
45.4277
45.4489
45.4751
45.5317
45.5509
45.8937
45.9
46.3015
46.3323
46.9885
47.745
48.0286
48.8787
48.9125
48.9458
49.0287
49.1744
50.7871
50.8101
50.8499
50.8634
50.902
50.9085
50.9346
50.9491
50.9781
50.9951
51.1118
51.152
51.1753
51.2013
51.2662
51.28
51.3557
51.3689
51.5457
51.675
51.6928
51.8077
51.8225
52.267
52.4885
53.9853
54.823
54.8469
54.8984
55.3905
56.0052
56.3558
56.7799
56.8224
56.8401
56.868
56.8838
56.9028
56.9199
56.9385
56.9966
57.0121
57.0359
57.0539
57.1841
57.2261
57.2664
57.2762
57.3767
57.4025
57.485
57.5091
57.5224
57.8781
58.067
58.0901
58.1949
58.5511
60.7812
60.8187
60.8744
60.8966
62.7466
62.7864
62.8243
62.9005
62.9315
62.9544
62.968
63.0187
63.0232
63.032
63.0643
63.2054
63.2981
63.3293
63.3442
63.3663
63.5107
63.6795
63.7132
63.7412
63.7575
63.8809
63.9231
63.9755
64.089
65.88200000000001
66.72580000000001
66.7794
66.84229999999999
68.6892
68.7227
68.7311
68.75620000000001
68.7633
68.8184
68.8377
68.90989999999999
68.9222
69.0087
69.1352
69.24890000000001
69.3527
69.42100000000001
69.4409
69.51949999999999
69.5582
69.6827
69.70010000000001
70.02930000000001
70.1183
70.5677
72.7136
72.7321
72.7654
72.8308
74.6563
74.6938
74.7319
74.7696
74.80200000000001
74.82210000000001
74.8518
74.9038
75.0412
75.1272
75.1499
75.1833
75.20610000000001
75.2392
75.2971
75.4422
75.6459
75.6999
75.8336
78.71420000000001
80.61960000000001
80.6397
80.6553
80.6743
80.6917
80.7578
80.8403
80.8967
80.9074
80.9195
80.99630000000001
81.1878
81.37990000000001
81.50920000000001
81.59220000000001
81.6152
81.6332
84.6232
84.8738
86.5586
86.5724
86.5887
86.6153
86.65170000000001
86.6584
86.6972
86.70950000000001
86.7255
86.80880000000001
86.8797
86.9714
87.07470000000001
87.1251
87.1639
87.2355
87.401
87.54900000000001
87.55240000000001
87.5673
87.6061
87.6092
87.67310000000001
87.9958
88.15860000000001
89.60250000000001
90.569
92.52379999999999
92.5384
92.55240000000001
92.5645
92.5778
92.5865
92.65770000000001
92.69110000000001
92.6952
92.71259999999999
92.76000000000001
92.95959999999999
92.97110000000001
93.134
93.1486
93.3811
93.4712
93.5151
93.5365
93.6255
93.655
93.9451
93.98260000000001
94.1339
95.2771
95.50239999999999
95.5757
96.56059999999999
96.5958
96.6776
98.4766
98.4889
98.5029
98.5134
98.5324
98.54389999999999
98.5549
98.5801
98.58410000000001
98.5984
98.669
98.72199999999999
98.7304
98.85769999999999
99.0401
99.0528
99.06359999999999
99.1078
99.2127
99.2641
99.4893
99.5513
99.8194
101.5514
102.5229
103.6895
104.434
104.4407
104.5123
104.5635
104.5725
104.6271
104.6879
104.716
104.7729
105.1074
105.182
105.3493
105.3707
105.3825
105.4414
105.6963
106.1084
107.6804
108.4398
108.5275
110.3986
110.4058
110.4437
110.4504
110.4829
110.4857
110.5026
110.5318
110.7196
110.7626
110.7952
110.9394
111.3783
111.5449
113.5073
114.4057
116.0815
116.3394
116.3517
116.3544
116.3572
116.3661
116.3737
116.3879
116.3986
116.4275
116.451
116.6004
116.6055
116.6577
116.7423
116.8213
116.8289
116.8382
116.8999
116.944
116.9801
117.0141
117.0669
117.2901
117.5649
117.933
118.2304
120.8544
121.2452
122.3124
122.3533
122.3742
122.398
122.4416
122.443
122.478
122.6212
122.6703
122.6821
122.7929
122.8243
122.8677
122.8881
122.9007
123.0066
123.1521
123.1974
123.299
123.3668
123.4641
123.6912
124.7652
125.3694
126.3481
127.6471
128.263
128.2735
128.2774
128.2845
128.2912
128.2998
128.3052
128.3244
128.3289
128.3921
128.404
128.5888
128.6271
128.7567
128.7672
128.9923
129.2221
129.2457
129.2577
129.2799
129.3234
130.4817
132.1137
132.3066
132.7079
134.2233
134.228
134.2391
134.2604
134.2663
134.3065
134.4052
134.4403
134.4587
134.5337
134.5601
134.5744
134.5915
134.6071
134.6493
134.8091
134.9447
135.0008
135.1748
135.2129
135.2173
135.2322
135.3687
136.1261
137.6064
138.2914
140.1849
140.2052
140.2163
140.2214
140.2268
140.2524
140.2582
140.2995
140.3274
140.4248
140.6554
140.6762
140.7334
140.7506
140.7758
140.8862
140.923
141.1195
141.1728
141.1852
141.1882
141.8661
143.0461
143.2225
143.867
144.1949
144.2379
144.2581
145.0992
145.3177
145.7825
146.1458
146.1501
146.1563
146.1645
146.1905
146.1974
146.2191
146.2442
146.3051
146.3362
146.4012
146.8665
146.8821
147.13
147.1353
147.1983
147.2393
147.2551
147.549
148.189
149.4819
150.2133
150.79
151.7384
152.1047
152.1106
152.1177
152.1326
152.1551
152.1595
152.1812
152.1937
152.2208
152.3062
152.3312
152.4619
152.558
152.5787
152.6196
152.6692
152.7886
152.8127
152.8446
152.8929
152.9235
152.9248
153.0203
153.033
153.0856
153.1303
153.1352
153.1465
154.5194
155.5605
156.0993
156.1582
156.1951
158.0544
158.0566
158.0667
158.0763
158.0811
158.1204
158.1288
158.1379
158.1533
158.1579
158.2308
158.2717
158.4
158.4562
158.497
158.6396
158.7043
158.924
158.9599
158.9939
159.0415
159.1629
159.203
159.2233
160.0666
161.1635
162.0874
162.117
164.0296
164.047
164.0602
164.0671
164.0732
164.0879
164.0976
164.11
164.1328
164.1449
164.1566
164.1758
164.1869
164.2052
164.2444
164.2627
164.3348
164.3621
164.3951
164.4148
164.5217
164.5487
164.6484
164.6879
164.862
164.8722
165.03
165.1411
165.2264
165.4187
165.7242
165.73
167.075
167.1195
168.0444
169.2617
169.9604
169.9823
169.9928
169.9979
170.006
170.0476
170.0668
170.0813
170.0835
170.3676
170.3865
170.4124
170.4225
170.5133
170.5647
170.5818
170.6169
170.6589
170.7252
170.7403
170.7671
170.775
170.8671
170.9612
171.0243
171.9027
172.7883
173.9836
174.0168
174.6233
175.922
175.9461
175.9502
175.967
176.0117
176.0136
176.0159
176.0265
176.0299
176.0579
176.085
176.1028
176.1584
176.1682
176.1821
176.1927
176.2278
176.3159
176.3784
176.3981
176.4264
176.4664
176.5022
176.5894
176.6033
176.7813
176.7896
176.8765
176.9396
177.0973
177.5842
178.0133
178.179
178.9311
178.9328
178.971
179.9497
179.9526
179.9872
181.8866
181.9025
181.9782
181.9828
182.1229
182.1741
182.1837
182.1989
182.2143
182.2462
182.2545
182.2988
182.3203
182.4087
182.4192
182.472
182.5206
182.5443
182.6932
182.7531
182.8027
183.0048
183.1375
185.0189
185.91
185.9409
186.0246
186.2421
187.8446
187.8612
187.8746
187.9068
187.9119
187.9177
188.026
188.1213
188.2155
188.2838
188.3129
188.4041
188.437
188.5518
188.7447
188.8569
188.9756
189.5495
189.6078
190.0831
191.8437
191.8803
191.9097
191.9948
193.7927
193.8107
193.8653
193.8718
193.918
193.9373
194.0257
194.047
194.1167
194.1345
194.1904
194.2486
194.3413
194.4226
194.5507
194.635
194.6931
194.7137
194.7298
194.7377
194.8071
194.8697
194.933
194.975
195.4148
195.5222
195.5668
196.0162
196.1049
197.3579
197.8187
198.8971
199.7533
199.7705
199.7772
199.8019
199.8657
199.8877
199.8988
199.9976
200.108
200.2474
200.4001
200.4234
200.5452
200.5961
200.6302
200.7517
200.7644
200.8502
200.9723
201.2647
203.7833
203.7996
203.8577
203.8901
204.8174
205.7122
205.7248
205.7273
205.7327
205.7431
205.753
205.7815
205.7912
205.8361
205.8598
205.934
205.9806
206.0263
206.0741
206.083
206.1631
206.5404
206.5905
209.7656
209.8131
211.6773
211.6874
211.6973
211.7385
211.7734
211.7832
211.8652
211.8752
211.8827
211.9064
211.9091
211.9107
212.0374
212.0491
212.1266
212.2191
212.2304
212.3381
212.4058
212.4519
212.6543
212.6706
213.0827
213.1419
213.1555
213.2051
214.7642
214.797
215.6506
215.7093
215.7269
217.4142
217.6289
217.639
217.6494
217.6598
217.6623
217.6658
217.6716
217.687
217.7073
217.7251
217.7266
217.7509
217.7548
217.7579
217.7791
217.8078
217.8368
217.8531
217.9401
218.0158
218.1543
218.4196
218.6236
220.7487
223.5976
223.6105
223.6216
223.6672
223.6916
223.7267
223.73
223.8054
223.8218
223.9034
223.9169
223.9789
224.0324
224.0452
224.0689
224.078
224.3241
224.3529
224.4112
225.9817
226.5912
226.6442
226.8206
227.3954
227.6374
227.7004
228.4348
229.5426
229.5599
229.5705
229.5808
229.5861
229.6082
229.6227
229.6244
229.6695
229.7106
229.7233
229.8578
229.8955
229.9078
230.1213
230.1616
230.2474
230.4389
230.4569
230.4914
230.5002
230.5458
230.9421
232.1546
232.7168
233.5891
233.6487
233.7561
234.0601
234.7942
235.5158
235.5244
235.5265
235.5762
235.6097
235.6112
235.6241
235.8006
235.8298
235.8847
235.9367
235.9756
236.0783
236.1138
236.1184
236.3139
236.4714
236.4824
236.712
236.9584
236.9741
237.3462
238.6168
239.5242
239.6669
240.6889
241.4714
241.4792
241.4823
241.499
241.5069
241.5097
241.5287
241.5402
241.5737
241.5862
241.5976
241.7423
241.7585
241.9275
241.9739
242.277
242.9576
245.3077
245.4759
245.5039
245.5316
245.7677
246.2104
246.3333
247.4233
247.4367
247.4393
247.4433
247.4571
247.4599
247.4741
247.4941
247.5485
247.5638
247.6191
247.626
247.629
247.9059
247.9283
247.9763
248.0523
248.1786
248.3415
248.4152
248.4836
249.2829
249.5606
251.1095
251.4383
251.4682
252.6356
253.3777
253.3854
253.3879
253.4053
253.4116
253.4148
253.4376
253.4624
253.5614
253.5719
253.6273
253.8196
254.1007
254.1174
254.162
254.1867
254.3908
254.5217
254.5673
254.6523
255.3067
256.3358
256.4664
256.494
257.0356
257.3925
257.4092
257.4356
257.4674
259.3388
259.352
259.3639
259.389
259.4013
259.4038
259.4053
259.4761
259.4933
259.5067
259.5765
259.5882
259.61
259.7978
260.0083
260.0201
260.2343
260.2705
260.413
260.8666
260.8826
261.3209
262.1125
262.1395
263.3691
265.2916
265.2972
265.2994
265.316
265.3808
265.4441
265.469
265.4962
265.5534
265.576
265.6575
265.8122
265.8536
265.9921
266.0497
266.0984
266.3299
267.3594
268.2026
268.4266
268.687
268.8929
269.062
271.054
271.2502
271.2597
271.2624
271.2686
271.2768
271.2846
271.3073
271.3154
271.3566
271.3761
271.3933
271.4285
271.5318
271.5809
271.7091
271.7377
272.108
272.1687
272.1962
272.4615
275.0442
275.2857
275.3174
275.4289
277.1985
277.2077
277.2185
277.2265
277.2325
277.2352
277.2521
277.274
277.3139
277.3233
277.3333
277.3378
277.3473
277.3685
277.4119
277.4601
277.811
277.8411
277.8608
277.8921
278.0537
278.2109
278.4746
278.5535
280.3144
281.0812
281.3199
282.9038
283.172
283.1871
283.1941
283.2078
283.2301
283.2574
283.3131
283.3844
283.4715
283.6039
283.6081
283.6939
283.7593
283.7884
283.8437
283.9497
284.1555
284.163
284.6178
287.1845
287.2126
287.3585
289.1163
289.1344
289.1412
289.1657
289.169
289.2159
289.2334
289.2833
289.288
289.2923
289.3162
289.4247
289.4555
289.5048
289.551
289.6341
289.7566
289.7931
289.9338
290.184
290.3025
290.3794
290.3959
290.4075
291.1387
291.3205
292.22
292.9831
293.0519
293.1416
293.1658
293.4978
294.4234
295.0733
295.0956
295.1113
295.1172
295.1238
295.1303
295.1447
295.16
295.1685
295.1769
295.1831
295.1975
295.2049
295.3032
295.3435
295.3501
295.4325
295.5
295.5612
295.6161
295.6394
295.6975
295.8
295.8236
295.8576
296.8343
297.8438
299.1442
301.034
301.0383
301.0429
301.0525
301.0621
301.0741
301.0993
301.1303
301.1619
301.1956
301.2013
301.2088
301.2631
301.2677
301.2935
301.3283
301.6364
301.7511
301.8878
302.0344
302.0481
302.0518
302.2325
302.4852
302.6843
302.9556
304.1835
305.0502
305.0664
307.0235
307.0486
307.0546
307.0595
307.0659
307.082
307.0858
307.1038
307.1162
307.1739
307.1974
307.2277
307.2414
307.3058
307.3416
307.3848
307.4309
307.5209
307.6297
307.6502
307.663
307.6757
307.694
307.8088
307.9849
307.9861
308.0562
308.1432
308.6932
309.3809
310.1299
311.036
311.0491
312.9593
312.9652
312.9697
312.9745
312.9795
312.9831
312.9918
312.9974
313.0007
313.0117
313.0834
313.0866
313.1076
313.2877
313.3681
313.4218
313.4385
313.6005
313.6878
313.7199
313.7315
313.8404
313.8727
313.8789
313.9527
314.0342
314.1162
314.4463
316.6443
316.9813
316.9951
317.0511
317.3032
318.9139
318.9236
318.9444
318.9509
318.9563
318.9611
318.9675
319.0588
319.0795
319.0869
319.1792
319.2087
319.2203
319.3144
319.4201
319.4494
319.5143
319.5235
319.5681
319.6915
319.7048
319.7446
320.3425
321.7952
322.9381
322.9701
324.5958
324.8196
324.8618
324.8828
324.8867
324.888
324.891
324.9025
324.9172
324.9784
325.0014
325.0373
325.0635
325.0811
325.109
325.1206
325.1311
325.1604
325.3609
325.456
325.5642
325.5784
325.6189
325.6378
325.6692
325.6926
326.0502
327.9925
330.8162
330.8246
330.8347
330.8372
330.8433
330.8563
330.9155
330.9251
330.9398
331.026
331.0329
331.2223
331.3289
331.4142
331.4493
331.5663
331.8129
331.8238
332.6193
332.7652
332.7682
333.4403
334.8532
335.0853
336.7723
336.7797
336.7855
336.8054
336.8229
336.8712
336.9047
336.9077
336.9324
336.9576
336.9589
336.9737
337.0741
337.1592
337.2092
337.2272
337.2729
337.3488
337.4079
337.452
337.5751
337.6279
337.7757
337.7789
338.48
339.9166
340.2444
340.8057
342.0857
342.7311
342.7442
342.7555
342.7642
342.7759
342.7889
342.8108
342.8489
342.8741
342.9467
343.0175
343.0655
343.1621
343.1914
343.2727
343.3917
343.6602
343.7262
343.8102
344.0545
346.5658
346.7567
346.7876
346.9074
348.7046
348.7136
348.7169
348.7224
348.7322
348.7383
348.7453
348.7633
348.7663
348.7681
348.779
348.7956
348.8019
348.8335
348.9215
348.9517
349.0746
349.2332
349.3378
349.4752
349.5029
349.7116
349.798
350.6881
351.1353
351.8054
352.7202
352.7858
354.6677
354.6884
354.7108
354.7186
354.734
354.8321
354.8417
354.8834
354.9245
354.966
355.1206
355.2251
355.2443
355.373
355.5322
355.7968
356.1656
357.7557
357.7656
357.9228
358.6528
359.5658
360.2884
360.6073
360.6275
360.6319
360.6553
360.6617
360.6974
360.7384
360.7625
360.7876
360.8463
360.8518
360.9873
361.0737
361.1363
361.2231
361.2973
361.3469
361.4402
361.5653
363.6485
364.7332
366.5702
366.5752
366.5818
366.584
366.6047
366.6089
366.6171
366.6264
366.6307
366.642
366.6604
366.6646
366.6964
366.7006
366.722
366.7283
366.8325
366.9016
366.9092
366.9365
366.9424
367.1391
367.1631
367.197
367.3266
367.3328
367.4686
367.4762
368.4265
370.5784
370.6184
370.6285
371.8825
372.0375
372.5352
372.5425
372.5452
372.58
372.5849
372.6395
372.6606
372.6647
372.7473
372.7554
372.7787
372.8024
372.8355
372.8557
373.0757
373.0934
373.1324
373.2276
373.2865
373.3908
373.4001
373.4679
373.8936
374.1454
375.661
376.3235
376.5888
376.6049
376.6269
378.4655
378.476
378.4816
378.4849
378.4899
378.499
378.5029
378.5084
378.513
378.5243
378.5386
378.5603
378.5752
378.6048
378.6075
378.6276
378.6664
378.6726
378.6899
378.7826
378.7948
378.93
378.9603
379.1104
379.1435
379.1751
379.1822
379.3374
379.3609
379.5004
379.5032
381.9654
382.5085
382.5335
382.5455
383.3156
384.4422
384.4715
384.4991
384.5299
384.5566
384.5647
384.5826
384.6926
384.7025
384.8696
384.9138
384.9301
385.0043
385.0872
385.1226
385.163
385.3411
385.4333
385.4525
385.482
385.6013
386.5327
387.4961
388.46
388.5237
388.5351
390.4
390.4168
390.4193
390.4257
390.4352
390.4514
390.464
390.5283
390.5676
390.6046
390.6095
390.6975
390.7426
390.8219
390.9992
391.1134
391.1844
391.2054
391.2218
391.2577
391.5366
391.5494
391.6754
391.9124
392.1684
392.3686
394.4698
394.5091
394.5744
396.3582
396.3718
396.378
396.3811
396.3898
396.4025
396.4143
396.4477
396.4966
396.5079
396.5973
396.72
396.7437
396.7653
396.783
397.0432
397.086
397.0957
397.1038
397.267
397.4006
398.7325
398.8386
400.3711
400.3978
400.4221
400.4783
400.6962
401.8019
402.3136
402.3242
402.3419
402.4037
402.4219
402.4455
402.4551
402.4891
402.5107
402.5746
402.6602
402.6696
402.7738
402.8344
402.8665
403.0584
403.1106
403.4001
403.5009
403.7585
404.1814
406.3369
406.3535
406.9919
408.1307
408.2709
408.2818
408.2851
408.2932
408.3006
408.302
408.3059
408.3099
408.3535
408.3642
408.384
408.4074
408.4283
408.5232
408.5258
408.6186
408.7244
408.7855
408.8845
408.9193
408.9966
409.0552
409.066
409.0889
409.1692
409.2023
409.2596
409.8489
410.2705
410.4666
410.6238
411.0691
411.3853
412.2991
412.3228
412.34
412.3944
413.1813
413.3469
414.2287
414.2352
414.2477
414.2613
414.2662
414.2687
414.2887
414.31
414.4049
414.4129
414.4202
414.4342
414.6563
414.664
414.7159
414.7645
414.7763
414.8252
414.873
414.9207
414.9735
415.0005
415.0217
415.0924
415.2417
415.3348
415.4575
417.1427
418.2935
418.5676
