0.1421
0.1939
0.5834
0.6428
0.6922
0.7389
0.8698
0.9577
1.2894
1.4362
1.4973
1.9128
2.0068
2.0765
2.0952
2.102
2.1971
2.3714
2.498
2.789
2.8279
3.0275
3.0625
3.127
3.4079
3.5426
3.5826
3.6529
3.7052
3.7121
3.9127
3.9607
4.0372
4.0682
4.0805
4.0896
4.4259
4.4392
4.4449
4.4545
4.4622
4.5145
4.5586
4.6131
4.6645
4.6937
4.7154
4.7434
4.7776
4.8705
4.8829
5.0641
5.081
5.1106
5.1321
5.2222
5.2505
5.3174
5.5238
5.5568
5.7335
5.7697
5.9533
6.0057
6.0116
6.2128
6.2658
6.4225
6.66
6.8379
6.8822
6.9341
6.9686
7.0451
7.1486
7.3514
7.3625
7.5212
7.5316
7.6242
7.7561
7.7791
7.9814
8.242800000000001
8.4956
8.5212
8.6356
8.695
8.712199999999999
8.7707
8.8901
8.908099999999999
8.948499999999999
9.0578
9.3752
9.5038
9.6225
9.7742
9.8071
9.9382
9.9541
9.963900000000001
10.0178
10.394
10.4542
10.4742
10.5398
10.6958
10.7483
10.7597
10.7667
10.7754
10.8191
11.0243
11.1205
11.1631
11.1747
11.1832
11.185
11.1898
11.1975
11.1986
11.2369
11.4255
11.5295
11.6811
11.689
11.6979
11.71
12.0193
12.0225
12.0339
12.0886
12.0953
12.0974
12.1119
12.1446
12.1665
12.1992
12.2131
12.2488
12.4136
12.4423
12.602
12.6205
12.6783
12.8792
13.0159
13.0679
13.0778
13.0803
13.0946
13.1433
13.147
13.1771
13.1846
13.1973
13.2002
13.2173
13.2216
13.274
13.2956
13.322
13.3954
13.4541
13.4917
13.5311
13.6233
13.8473
13.9144
13.9612
13.9714
13.9754
14.0182
14.1484
14.1539
14.17
14.3047
14.4721
14.6284
14.7146
14.9389
14.9488
15.0538
15.0617
15.0757
15.0944
15.0955
15.0997
15.1018
15.112
15.1334
15.1357
15.1383
15.1495
15.1518
15.1586
15.1649
15.1764
15.1852
15.1873
15.1921
15.2181
15.223
15.2471
15.2509
15.2619
15.2701
15.2777
15.2854
15.294
15.3099
15.3402
15.3487
15.3643
15.4037
15.5103
15.5223
15.5479
15.5719
15.5788
15.5965
15.6122
15.6153
15.6494
15.6824
15.7097
15.7344
15.7792
15.7807
15.7984
15.8082
15.8422
15.8506
15.8871
15.8887
16.0404
16.0724
16.0917
16.1364
16.1583
16.209
16.2159
16.2943
16.297
16.3248
16.3918
16.4228
16.4527
16.5144
16.6057
16.6247
16.7848
16.8914
17.0387
17.1109
17.1358
17.2217
17.2479
17.3109
17.4392
17.4459
17.4599
17.4625
17.4688
17.4887
17.4984
17.5078
17.6314
17.9588
18.0616
18.1477
18.2599
18.2892
18.3513
18.4154
18.6574
18.8097
18.9474
18.9868
19.0293
19.0488
19.0654
19.0732
19.082
19.0852
19.1043
19.1074
19.1132
19.1147
19.1255
19.1351
19.1494
19.1686
19.2027
19.3388
19.4308
19.4774
19.4788
19.5083
19.5809
19.6374
19.6837
19.6975
19.7354
19.7683
19.7752
20.011
20.056
20.1567
20.4296
20.5166
20.5196
20.533
20.5343
20.5825
20.7264
20.7714
20.797
20.8094
20.9795
21.026
21.0357
21.0488
21.0579
21.0607
21.0694
21.0803
21.1024
21.1179
21.1506
21.163
21.168
21.1691
21.1745
21.2174
21.2269
21.2336
21.241
21.2462
21.2557
21.2651
21.2677
21.2884
21.2914
21.3124
21.3231
21.382
21.3934
21.3989
21.4405
21.5268
21.5306
21.5529
21.5923
21.633
21.657
21.6604
21.6953
21.7543
21.7671
21.7701
21.8217
21.83
21.8432
21.8796
21.9921
22.0235
22.1219
22.2211
22.24
22.2947
22.4026
22.4192
22.4281
22.5447
22.5545
22.5652
22.5707
22.6128
22.6643
22.7149
22.7178
22.7656
22.8072
22.9307
23.0016
23.0835
23.1105
23.114
23.1269
23.1355
23.1429
23.1556
23.1613
23.3297
23.5735
23.5796
23.6003
23.6057
23.6186
23.6636
23.6726
23.7028
23.7528
23.7793
23.7932
23.809
23.8226
23.8828
23.9545
23.957
23.9918
24.0007
24.06
24.0927
24.2789
24.4258
24.5198
24.5427
24.9644
24.9883
25.0094
25.0547
25.0574
25.0689
25.0797
25.0854
25.0892
25.0925
25.1048
25.1276
25.1373
25.1539
25.1713
25.1727
25.1826
25.1839
25.1965
25.208
25.2402
25.2653
25.2763
25.2846
25.3583
25.3819
25.4572
25.483
25.5138
25.5645
25.592
25.6355
25.6525
25.7321
25.7537
25.8055
25.8234
25.8958
25.9192
25.9341
25.9636
26.0646
26.145
26.2155
26.2228
26.2363
26.2413
26.2474
26.3017
26.3818
26.4374
26.5081
26.5945
26.6284
26.7367
26.7674
26.8944
26.9273
27.0001
27.0042
27.0085
27.016
27.0214
27.0244
27.034
27.0381
27.0712
27.0723
27.0901
27.0945
27.0973
27.099
27.1037
27.1125
27.1252
27.1342
27.136
27.1409
27.1604
27.1816
27.2139
27.266
27.2719
27.2901
27.3038
27.3253
27.3345
27.3451
27.4108
27.4629
27.4815
27.5161
27.5475
27.5944
27.648
27.6581
27.6905
27.7132
27.7586
27.8435
27.9191
27.9328
27.9427
28.0174
28.0556
28.0717
28.1138
28.2732
28.2967
28.3014
28.3086
28.3236
28.3447
28.3486
28.3518
28.3626
28.3658
28.3688
28.5793
28.6161
28.666
28.7398
28.7431
28.7996
28.8728
28.9111
28.9292
28.964
28.9892
29.0191
29.0495
29.0795
29.1078
29.1549
29.296
29.4087
29.444
29.4586
29.4727
29.4877
29.509
29.6
29.6391
29.6579
29.809
29.856
29.9287
29.9549
30.0112
30.0721
30.0949
30.2012
30.381
30.3823
30.4506
30.4842
30.5099
30.6571
30.7171
30.76
30.853
30.9424
30.9686
30.97
30.9872
31.0129
31.0175
31.025
31.0445
31.0466
31.063
31.073
31.085
31.0952
31.101
31.111
31.1128
31.1275
31.2034
31.22
31.2328
31.2347
31.2468
31.263
31.2825
31.3014
31.3618
31.4908
31.5146
31.5535
31.6485
31.6539
31.6621
31.6722
31.6733
31.6863
31.6908
31.7026
31.7042
31.751
31.8823
31.8974
32.0627
32.121
32.2707
32.3532
32.3658
32.4151
32.4192
32.4866
32.6276
32.6315
32.7031
32.7261
32.8183
32.8547
32.8736
32.905
32.936
32.9425
32.9629
32.9776
32.9817
32.9901
32.9961
33.0119
33.0145
33.0251
33.0406
33.0822
33.0916
33.0933
33.1125
33.1144
33.1161
33.1202
33.1239
33.1372
33.1389
33.1436
33.1529
33.1883
33.2058
33.3031
33.3279
33.3958
33.4032
33.4234
33.4576
33.4685
33.5265
33.5843
33.6385
33.6864
33.7371
33.7428
33.7525
33.813
33.8406
33.8591
33.8858
33.8965
33.9411
33.9492
33.9537
33.957
34.0609
34.1875
34.1928
34.2435
34.2993
34.3093
34.32
34.3566
34.4183
34.445
34.506
34.6256
34.7154
34.7544
34.789
34.8048
34.998
35.1188
35.157
35.1791
35.212
35.301
35.313
35.3664
35.4632
35.5125
35.562
35.5844
35.74
35.7426
35.7534
35.7898
35.8088
35.8476
36.0078
36.0487
36.066
36.153
36.2938
36.3721
36.4723
36.7883
36.8586
36.879
36.9042
36.9143
36.9611
36.9948
36.9997
37.0121
37.0294
37.0391
37.0744
37.1607
37.1779
37.1799
37.1985
37.1997
37.2522
37.2698
37.3134
37.4147
37.4261
37.5103
37.5184
37.6173
37.6418
37.8699
37.9372
38.1932
38.2513
38.344
38.4376
38.5561
38.5921
38.6995
38.7243
38.7272
38.7908
38.7973
38.813
38.8462
38.8589
38.8716
38.8728
38.8812
38.8904
38.9217
38.9255
38.9351
38.9511
38.9695
38.985
39.0244
39.0309
39.0472
39.0487
39.0553
39.0608
39.0797
39.0857
39.1006
39.1049
39.1082
39.1138
39.1216
39.1234
39.1313
39.1724
39.1979
39.2248
39.2369
39.2681
39.2977
39.3102
39.3233
39.3545
39.4057
39.4102
39.4219
39.4291
39.4694
39.5159
39.5347
39.5641
39.569
39.5729
39.6932
39.7495
39.7773
39.8457
39.8933
39.9126
39.9242
39.9286
39.9504
39.9553
39.9598
39.9892
39.9964
40.0157
40.0831
40.102
40.1141
40.1169
40.2181
40.2235
40.235
40.2545
40.3103
40.3291
40.3415
40.3758
40.3811
40.4003
40.5359
40.5828
40.6168
40.6413
40.6462
40.6498
40.6605
40.7105
40.8199
40.9231
40.9321
40.974
41.1518
41.201
41.434
41.4593
41.6145
41.653
41.6713
41.6741
41.7137
41.7471
41.7518
41.8683
41.9204
42.008
42.1016
42.1362
42.1753
42.1958
42.2247
42.3816
42.5171
42.7557
42.7612
42.8292
42.8624
42.87
42.873
42.8859
42.8958
42.9338
42.974
42.9783
43.0281
43.1438
43.286
43.288
43.3139
43.3288
43.3505
43.3704
43.4567
43.4724
43.4942
43.529
43.5823
43.6605
43.7014
43.7161
43.9266
43.9301
43.9785
44.0222
44.0611
44.1366
44.1478
44.5579
44.5853
44.6095
44.6132
44.6158
44.6235
44.6268
44.6528
44.6601
44.6673
44.6752
44.6884
44.7034
44.7368
44.822
44.8353
44.8663
44.8988
44.9045
44.9117
44.9234
44.9323
44.9443
44.951
44.9588
44.9642
44.9855
44.9866
44.9893
45.0028
45.0112
45.0346
45.0806
45.1192
45.1547
45.1827
45.1866
45.2258
45.2425
45.2684
45.2745
45.2841
45.3046
45.3148
45.3374
45.3832
45.403
45.4678
45.4957
45.5135
45.5475
45.5927
45.6278
45.7214
45.7369
45.742
45.7523
45.9152
46.0014
46.0948
46.1122
46.2661
46.2946
46.2982
46.3275
46.3714
46.448
46.4819
46.5174
46.5313
46.6052
46.6551
46.7234
46.7877
46.838
46.9269
46.9713
47.0339
47.1425
47.1975
47.3923
47.3954
47.5174
47.5259
47.6173
47.6766
47.6976
47.7444
47.7753
47.7859
47.812
47.8596
47.8749
47.9925
48.0473
48.0802
48.2699
48.3644
48.3742
48.6187
48.7071
48.7775
48.8067
48.8233
48.8252
48.8326
48.8612
48.8623
48.8721
48.8755
48.881
48.888
48.9124
48.9245
49.0054
49.0396
49.0427
49.0683
49.0815
49.0981
49.125
49.1981
49.2175
49.2435
49.2472
49.265
49.3157
49.3459
49.4048
49.4285
49.5399
49.5679
49.5796
49.5941
49.5963
49.6092
49.6295
49.6733
49.6875
49.7632
49.7701
49.7769
49.7894
49.8033
50.0344
50.0709
50.0861
50.1057
50.1073
50.1442
50.1658
50.3105
50.3196
50.391
50.6309
50.6354
50.6896
50.7483
50.7785
50.7975
50.8294
50.8416
50.8551
50.8591
50.8942
50.9133
50.9269
50.9291
50.9484
50.9586
50.9665
50.9811
50.9866
50.9911
50.9955
51.0162
51.046
51.0748
51.1182
51.127
51.1348
51.1466
51.1904
51.2012
51.277
51.2814
51.3094
51.4649
51.4846
51.5058
51.5135
51.6302
51.7002
51.7156
51.7373
51.7471
51.8152
51.8751
52.0345
52.1496
52.1622
52.1682
52.1868
52.2483
52.3393
52.4574
52.513
52.575
52.5875
52.5928
52.6027
52.6175
52.7006
52.7236
52.8182
52.8407
52.8812
52.9341
52.9769
52.9988
53.1112
53.1356
53.183
53.1874
53.243
53.3028
53.3331
53.4934
53.5274
53.6353
53.6443
53.6614
53.8082
53.8352
53.8502
53.8917
53.9
53.9191
53.9231
53.9426
53.9713
54.1563
54.2144
54.331
54.4438
54.5286
54.5908
54.5994
54.7284
54.7669
54.7954
54.8017
54.8049
54.8181
54.8215
54.8291
54.8401
54.8575
54.8742
54.8772
54.8845
54.9054
54.9308
55.0035
55.031
55.05
55.0679
55.1869
55.2141
55.2238
55.3479
55.3909
55.4124
55.4541
55.4971
55.5278
55.5644
55.5883
55.7011
55.8251
55.8556
55.869
55.8945
55.9323
55.9706
56.021
56.0847
56.1521
56.192
56.3254
56.3326
56.3525
56.4834
56.5566
56.6286
56.6759
56.688
56.7142
56.7236
56.7594
56.8052
56.8115
56.8195
56.8399
56.8625
56.8637
56.8661
56.8851
56.8974
56.9154
56.9445
56.9603
56.9708
56.9744
56.9849
56.9958
56.9988
57.0017
57.0255
57.0348
57.0609
57.0758
57.0959
57.2387
57.3115
57.3303
57.3916
57.4292
57.4627
57.5015
57.5283
57.5993
57.6286
57.7059
57.7184
57.7762
57.7853
57.8232
57.8483
58.0159
58.03
58.0321
58.0504
58.0748
58.2831
58.3001
58.3023
58.3079
58.3106
58.3302
58.3375
58.4711
58.4871
58.5542
58.6578
58.7105
58.7276
58.9048
59.0962
59.1797
59.2596
59.2747
59.311
59.3329
59.3766
59.3854
59.4115
59.4329
59.4552
59.4799
59.4846
59.5053
59.5127
59.6543
59.7284
59.7547
59.8165
59.8237
59.885
59.9696
60.09
60.2063
60.3529
60.4665
60.5207
60.7673
60.7965
60.806
60.8388
60.8729
60.9082
60.9722
61.0222
61.2099
61.3053
61.3576
61.4058
61.4163
61.4733
61.482
61.4843
61.5346
61.5826
61.6051
61.8415
61.8503
61.8559
61.883
61.8842
61.9583
62.0074
62.0812
62.1215
62.2902
62.4315
62.5249
62.611
62.6343
62.644
62.6853
62.7252
62.7379
62.7721
62.7967
62.7991
62.8077
62.8163
62.832
62.8335
62.839
62.845
62.8571
62.8682
62.8728
62.8776
62.8956
62.8967
62.9264
62.9436
62.9519
63.0051
63.0151
63.0167
63.1406
63.244
63.2578
63.2769
63.3062
63.3464
63.4403
63.4623
63.745
64.01430000000001
64.12730000000001
64.1504
64.1583
64.1708
64.1827
64.18819999999999
64.1904
64.227
64.23560000000001
64.23869999999999
64.24550000000001
64.259
64.26000000000001
64.50709999999999
64.5226
64.535
64.60299999999999
64.6874
64.7295
64.77209999999999
64.9495
65.1691
65.18380000000001
65.19410000000001
65.23220000000001
65.2402
65.24720000000001
65.2779
65.3862
65.5697
65.6357
65.7948
66.2101
66.2632
66.30119999999999
66.3676
66.4173
66.5775
66.73099999999999
66.74209999999999
66.7508
66.75709999999999
66.75879999999999
66.77930000000001
66.7895
66.8022
66.8068
66.8352
66.8454
66.8764
66.93640000000001
66.9447
67.02589999999999
67.1298
67.1323
67.17019999999999
67.2007
67.2942
67.5694
67.59439999999999
67.6052
67.6339
67.9171
67.9781
68.09739999999999
68.1373
68.25539999999999
68.3647
68.4117
68.476
68.486
68.56959999999999
68.625
68.6953
68.71129999999999
68.7153
68.721
68.72539999999999
68.7291
68.76349999999999
68.779
68.7924
68.8001
68.80289999999999
68.8053
68.8365
68.86
68.87269999999999
68.89960000000001
68.9285
68.9676
69.0078
69.0177
69.1005
69.1538
69.16970000000001
69.2069
69.2641
69.38330000000001
69.53489999999999
69.5483
69.592
69.6018
69.6146
69.8395
69.8831
69.9177
69.9187
69.9713
70.0033
70.0089
70.0125
70.0181
70.29640000000001
70.31399999999999
70.3262
70.36799999999999
70.3944
70.4019
70.477
70.5605
70.5697
70.6799
70.732
70.7424
70.74939999999999
70.7633
70.79470000000001
71.1952
71.2765
71.3877
71.4768
71.5189
71.55159999999999
71.60890000000001
71.6682
71.83499999999999
72.0245
72.1262
72.21429999999999
72.23390000000001
72.2401
72.26900000000001
72.33799999999999
72.65349999999999
72.66160000000001
72.684
72.6914
72.69289999999999
72.6995
72.7055
72.73009999999999
72.8403
72.85850000000001
72.958
72.9669
73.0658
73.0941
73.10039999999999
73.13330000000001
73.2282
73.2393
73.4747
73.508
73.5814
73.7762
73.8415
73.9418
74.0175
74.25060000000001
74.264
74.5844
74.62860000000001
74.6315
74.6511
74.6585
74.6653
74.67359999999999
74.70650000000001
74.72369999999999
74.7255
74.7454
74.76519999999999
74.7667
74.7736
74.7816
74.7924
74.79770000000001
74.8129
74.81399999999999
74.8227
74.8421
74.8522
74.8548
74.9079
74.92010000000001
74.9329
74.9575
75.0001
75.01479999999999
75.0278
75.07729999999999
75.15170000000001
75.17019999999999
75.1819
75.2099
75.2807
75.3066
75.3334
75.3609
75.3865
75.4104
75.45
75.4695
75.54689999999999
75.5673
75.5844
75.5932
75.6366
75.6395
75.6592
75.8976
75.9344
75.95569999999999
75.9713
76.001
76.0702
76.0973
76.1183
76.1374
76.1422
76.1455
76.2492
76.333
76.6544
76.84269999999999
76.86709999999999
76.8693
76.9036
76.9263
76.9276
76.9811
76.988
77.06829999999999
77.279
77.3394
77.5153
77.6279
77.6858
77.70569999999999
77.70699999999999
77.80759999999999
77.8771
78.54900000000001
78.6367
78.6405
78.6491
78.6729
78.8604
78.92100000000001
78.9885
79.0047
79.3716
79.43600000000001
79.4748
79.5682
79.5946
79.651
79.6671
79.687
79.7148
79.71980000000001
79.73309999999999
79.7496
79.8068
79.8421
79.84739999999999
79.9974
80.0667
80.3409
80.3436
80.4434
80.4688
80.4704
80.61839999999999
80.6234
80.6353
80.64109999999999
80.64409999999999
80.66540000000001
80.6896
80.69110000000001
80.69710000000001
80.7016
80.7285
80.7302
80.7347
80.74930000000001
80.76009999999999
80.7629
80.8227
80.8329
80.8801
80.8978
80.93729999999999
80.9838
81.0175
81.0312
81.08150000000001
81.086
81.11360000000001
81.1361
81.3476
81.3623
81.4312
81.5967
81.60299999999999
81.61660000000001
81.8265
81.9055
81.9372
81.94889999999999
81.9743
82.01909999999999
82.08
82.08369999999999
82.0925
82.1604
82.3156
82.3511
82.36409999999999
82.39530000000001
82.4319
82.4686
82.50449999999999
82.6353
82.7546
82.80710000000001
82.8194
83.2492
83.3175
83.5301
83.691
83.7186
83.7724
83.7953
83.81829999999999
83.9311
83.9939
84.06480000000001
84.44070000000001
84.46040000000001
84.5536
84.5749
84.58199999999999
84.5911
84.6276
84.6387
84.68940000000001
84.7488
84.7689
84.81019999999999
84.88339999999999
84.9766
84.9979
85.1349
85.1999
85.38639999999999
85.4084
85.44750000000001
85.51909999999999
85.604
85.6713
85.84399999999999
85.87
85.8789
86.1048
86.1279
86.1674
86.2418
86.5364
86.5692
86.57989999999999
86.6073
86.6186
86.61960000000001
86.6232
86.6331
86.64109999999999
86.64570000000001
86.6602
86.6908
86.6965
86.7358
86.7544
86.7668
86.7693
86.8111
86.8214
86.8574
86.97499999999999
87.017
87.0698
87.2495
87.3754
87.4333
87.556
87.7069
87.7923
87.88979999999999
87.94929999999999
87.99039999999999
88.0017
88.0504
88.2803
88.28570000000001
88.5256
88.5659
88.87130000000001
89.1113
89.13249999999999
89.18049999999999
89.30289999999999
89.39749999999999
89.4538
89.547
89.5552
89.5617
89.57089999999999
89.6425
89.7907
89.91800000000001
89.95359999999999
90.3629
90.36409999999999
90.4615
90.4678
90.4954
90.5194
90.52800000000001
90.5497
90.55759999999999
90.5705
90.6026
90.6082
90.6335
90.6387
90.6403
90.66800000000001
90.6703
90.6872
90.7852
90.9709
91.23009999999999
91.2702
91.4175
91.464
91.47799999999999
91.59910000000001
91.6392
91.77679999999999
91.8198
91.84139999999999
92.0903
92.12260000000001
92.14319999999999
92.1992
92.26390000000001
92.4397
92.48480000000001
92.5051
92.5523
92.5685
92.5887
92.6203
92.6298
92.6379
92.68259999999999
92.7088
92.7734
92.8485
92.91330000000001
92.9331
92.95820000000001
93.02370000000001
93.038
93.0669
93.1296
93.2089
93.23139999999999
93.2466
93.3049
93.3182
93.3583
93.4084
93.4151
93.47190000000001
93.5091
93.5154
93.5175
93.5227
93.6718
93.8134
93.8586
93.87560000000001
93.8836
93.9324
93.94499999999999
93.9588
93.992
94.0819
94.2599
94.3643
94.37309999999999
94.4842
94.494
94.5942
94.7835
94.78579999999999
94.7914
94.8278
94.92100000000001
94.9341
95.0966
95.16249999999999
95.2092
95.38500000000001
95.4722
95.5132
95.55970000000001
95.92
96.14409999999999
96.2123
96.2324
96.3394
96.4504
96.4967
96.4979
96.5013
96.5073
96.5166
96.52330000000001
96.5321
96.5342
96.55370000000001
96.5551
96.5635
96.5797
96.6046
96.69580000000001
97.1045
97.2544
97.346
97.4421
97.759
97.8503
97.90779999999999
98.2098
98.3104
98.3879
98.45659999999999
98.48269999999999
98.4875
98.50360000000001
98.5094
98.5545
98.5791
98.5839
98.5937
98.59820000000001
98.6117
98.61409999999999
98.6169
98.6208
98.623
98.6365
98.6568
98.6666
98.67
98.684
98.6889
98.7107
98.71939999999999
98.7235
98.7342
98.74299999999999
98.7587
98.7727
98.7808
98.8473
98.8676
98.86920000000001
98.8896
98.8947
98.9192
98.9794
99.01009999999999
99.0151
99.0291
99.0444
99.0825
99.247
99.2911
99.2974
99.3434
99.411
99.4684
99.56059999999999
99.6373
99.7054
99.80070000000001
99.8262
99.8319
99.8424
99.88290000000001
100.1731
100.2702
100.3252
100.3369
100.5123
100.5619
100.582
100.6887
100.7783
101.2723
101.4515
101.4565
101.5356
101.5555
101.5773
101.5875
101.7391
101.8017
101.9722
102.4522
102.465
102.4783
102.4821
102.508
102.5246
102.5486
102.5861
102.5999
102.6208
102.6352
102.8586
103.0774
103.1385
103.4327
103.5087
103.7504
103.8156
103.9108
103.9636
104.1211
104.1578
104.1948
104.2232
104.4023
104.4108
104.4165
104.4186
104.4199
104.4385
104.4456
104.4713
104.4922
104.4965
104.5163
104.5298
104.5363
104.5483
104.5721
104.6042
104.6137
104.6474
104.6544
104.7085
104.731
104.7361
104.7465
104.7487
104.8116
104.8232
104.857
104.8806
104.8935
104.9138
104.9931
105.0222
105.0902
105.1572
105.1886
105.2448
105.2713
105.2892
105.3253
105.3284
105.3444
105.3803
105.4398
105.4439
105.4702
105.5154
105.7418
105.8112
105.8216
105.8279
105.8474
105.8692
105.8786
105.9015
105.9745
105.9959
106.2196
106.3046
106.4036
106.5801
106.6093
106.6604
106.7957
106.9103
107.0747
107.252
107.4576
107.5225
108.0597
108.2778
108.3874
108.4316
108.437
108.4402
108.4439
108.4458
108.4504
108.458
108.4687
108.4946
108.6291
108.6659
108.8702
108.8808
108.8939
108.9577
108.9896
109.0418
109.0576
109.1221
109.1535
109.2812
109.4268
109.4515
109.4742
109.5045
109.6602
109.8503
109.8623
110.019
110.0359
110.2678
110.3847
110.3982
110.4056
110.4295
110.4443
110.449
110.4738
110.4754
110.4882
110.4949
110.5033
110.5049
110.5105
110.5259
110.5446
110.5733
110.5815
110.5964
110.6168
110.6651
110.6686
110.7233
110.753
110.7665
110.835
110.8365
110.8942
110.9085
110.9966
111.0972
111.1446
111.1867
111.2672
111.2851
111.3256
111.3294
111.3883
111.393
111.5531
111.606
111.6921
111.7638
111.8285
111.9806
112.0024
112.0259
112.0831
112.2181
112.3174
112.3802
112.7985
112.8941
112.9678
113.2797
113.2812
113.2998
113.3068
113.324
113.3748
113.4104
113.5572
114.0643
114.0802
114.2091
114.3821
114.3866
114.3908
114.4029
114.4118
114.4147
114.4906
114.5139
114.5218
114.5445
114.546
114.5492
114.5888
114.7939
114.8364
114.9254
114.9702
115.0592
115.1267
115.5117
115.5424
115.6639
115.7935
115.9955
115.9995
116.0584
116.0875
116.1167
116.1243
116.1962
116.324
116.3417
116.3586
116.3653
116.3889
116.3907
116.3925
116.4022
116.4073
116.4587
116.4759
116.5283
116.5383
116.5594
116.5726
116.5927
116.5978
116.655
116.6889
116.6964
116.6984
116.6999
116.7425
116.7573
116.9263
116.9649
117.1031
117.1556
117.2428
117.3305
117.3944
117.4694
117.5536
117.5821
117.638
117.6645
117.6795
117.6908
117.696
117.6974
117.7103
117.7127
117.7222
117.8825
117.926
117.9369
118.1767
118.1949
118.2481
118.3582
118.5849
118.6086
118.7873
118.9807
118.9834
119.0125
119.1358
119.1715
119.2753
119.2893
119.4097
119.5261
119.5359
119.5564
119.5978
119.7711
120.1865
120.2154
120.3015
120.3278
120.3426
120.3647
120.3688
120.3761
120.4398
120.4522
120.6531
120.7696
120.8407
120.8667
120.8813
120.8924
120.9803
121.0631
121.082
121.2155
121.2244
121.2322
121.2441
121.2988
121.3167
121.4504
121.4615
121.47
121.4886
121.5117
121.5305
121.5516
121.5676
121.6525
121.6943
121.9508
121.9693
122.0276
122.0667
122.124
122.1808
122.2915
122.3161
122.3208
122.3257
122.3275
122.3439
122.3546
122.3568
122.3615
122.377
122.3832
122.3901
122.4001
122.4046
122.4201
122.4244
122.4562
122.4597
122.4623
122.4869
122.4898
122.5222
122.5685
122.604
122.6198
122.6255
122.6387
122.6561
122.6684
122.7953
122.8157
122.8505
122.8613
122.8899
122.8997
122.9147
122.9855
123.0382
123.0738
123.0862
123.0907
123.1601
123.1887
123.2631
123.2777
123.2928
123.2958
123.4204
123.4777
123.5228
123.5636
123.6733
123.6886
123.6958
123.709
123.7328
123.7741
123.8451
123.8647
123.9216
123.9401
123.9459
123.9469
123.9574
123.9711
123.9727
124.0404
124.1841
124.2673
124.2953
124.3229
124.4955
124.5171
124.587
124.7847
124.8331
124.8429
124.8968
124.9381
124.959
125.2607
125.3058
125.3605
125.3711
125.4303
125.4431
125.5502
126.0238
126.1831
126.266
126.2947
126.3321
126.3403
126.3631
126.3782
126.3813
126.3891
126.3983
126.4164
126.4181
126.4267
126.4362
126.4462
126.494
126.5275
126.575
126.5761
126.6359
126.6543
126.6675
126.8643
126.9362
127.0136
127.0442
127.1078
127.1211
127.1404
127.1579
127.241
127.2486
127.2669
127.293
127.3121
127.5212
127.5444
127.5921
127.6175
127.7592
127.765
127.8352
127.928
128.0699
128.1662
128.1673
128.1887
128.2409
128.2835
128.2901
128.3304
128.3335
128.3465
128.3478
128.3577
128.373
128.3861
128.3878
128.3976
128.4042
128.4148
128.4293
128.4371
128.4568
128.4676
128.4762
128.4844
128.4855
128.4979
128.5131
128.5258
128.5398
128.5896
128.6204
128.6407
128.7038
128.7287
128.763
128.7662
128.7957
128.8193
128.8578
128.9315
128.9473
129.0488
129.0601
129.0999
129.1512
129.1797
129.236
129.2555
129.2612
129.2745
129.3415
129.3465
129.4187
129.4296
129.4735
129.4996
129.5143
129.5955
129.5971
129.601
129.6055
129.6725
129.6738
129.692
129.7276
129.7889
129.8218
129.908
129.9787
130.0916
130.1446
130.1683
130.1845
130.2107
130.2271
130.2576
130.2662
130.2849
130.3138
130.3487
130.4563
130.5191
130.629
130.7295
130.8124
130.8808
130.8872
130.9308
131.1467
131.2044
131.2426
131.3113
131.3539
131.365
131.8234
131.8822
131.9213
132.096
132.1796
132.1947
132.2452
132.2524
132.2567
132.2609
132.2699
132.276
132.2802
132.2919
132.3157
132.3219
132.3824
132.388
132.406
132.4114
132.4222
132.5354
132.5383
132.5733
132.6409
132.8215
132.9364
132.9845
133.001
133.0954
133.1245
133.2355
133.2885
133.3294
133.3666
133.3982
133.4382
133.565
133.5773
133.6085
134.0102
134.0144
134.0332
134.0497
134.1313
134.1416
134.1728
134.1912
134.202
134.2139
134.2428
134.2597
134.2766
134.2986
134.2996
134.3253
134.3605
134.3639
134.3651
134.3678
134.3836
134.3935
134.4156
134.4438
134.4533
134.4714
134.4824
134.4933
134.5468
134.5516
134.5616
134.578
134.5851
134.6015
134.6145
134.6248
134.6423
134.6863
134.6962
134.6972
134.7322
134.7863
134.8277
134.8476
134.86
134.9863
134.9947
135.0272
135.0387
135.063
135.0756
135.0911
135.0957
135.1173
135.1353
135.2257
135.4286
135.4898
135.5341
135.5462
135.5498
135.5658
135.6896
135.6985
135.7052
135.7143
135.7251
135.7539
135.7945
135.9662
136.0404
136.2129
136.2227
136.2301
136.3514
136.4076
136.5508
136.5869
136.6784
136.7566
136.8149
136.8472
136.9306
136.9542
137.1373
137.161
137.1908
137.2244
137.3425
137.4008
137.4442
137.5193
137.5747
137.6711
137.7225
137.7475
137.7676
137.9375
137.963
138.2079
138.2321
138.2344
138.2524
138.2573
138.2604
138.2857
138.3129
138.3334
138.3435
138.3523
138.4083
138.4941
138.5161
138.5296
138.5425
138.5682
138.9388
139.0376
139.0403
139.109
139.3203
139.5293
139.7723
139.8115
140.0081
140.1534
140.1647
140.1779
140.1909
140.1961
140.2067
140.2077
140.2217
140.2263
140.2534
140.2747
140.2824
140.2887
140.2981
140.3151
140.3272
140.3348
140.3384
140.3868
140.3926
140.396
140.3989
140.4129
140.4174
140.4253
140.427
140.4446
140.5202
140.5807
140.5834
140.5856
140.5921
140.6138
140.6244
140.6941
140.7069
140.7214
140.7333
140.7712
140.8503
140.8889
140.9019
140.9658
140.9714
140.9837
141.0302
141.0823
141.1305
141.1744
141.1786
141.2728
141.3827
141.4348
141.5126
141.5258
141.5269
141.5285
141.538
141.5552
141.6709
141.6764
141.684
141.696
141.7058
141.7078
141.7256
141.7333
141.7351
141.7481
142.0319
142.0668
142.1087
142.1104
142.1182
142.5961
142.6012
142.6048
142.6086
142.6128
142.6238
142.6522
142.689
142.7414
142.823
142.8381
143.0739
143.092
143.128
143.2344
143.24
143.2597
143.3105
143.3159
143.5277
143.6211
143.9155
143.9475
143.9986
144.1373
144.1619
144.181
144.187
144.2012
144.2374
144.2576
144.261
144.2737
144.2901
144.3544
144.3678
144.4086
144.4398
144.5886
144.6227
144.6566
144.6863
145.0082
145.0403
145.0536
145.0648
145.3646
145.3907
145.4578
145.5203
145.6371
145.6629
145.7859
146.096
146.1176
146.1199
146.1236
146.1389
146.142
146.1473
146.1665
146.2104
146.2296
146.2485
146.2537
146.2601
146.2637
146.2666
146.3161
146.3352
146.3508
146.3528
146.361
146.3721
146.3764
146.3865
146.3938
146.397
146.4066
146.4149
146.4164
146.4253
146.4541
146.4635
146.4646
146.4761
146.5126
146.5215
146.5401
146.5578
146.5773
146.5849
146.5999
146.671
146.6753
146.6944
146.7461
146.7593
146.7693
146.9633
146.9741
146.981
146.9959
147.0242
147.0263
147.0336
147.0394
147.1474
147.1587
147.2272
147.2341
147.3133
147.408
147.4579
147.4718
147.4855
147.5156
147.5514
147.5899
147.6714
147.6858
147.6879
147.6964
147.7885
147.8043
147.8206
147.9777
147.9916
148.0232
148.0943
148.1331
148.3012
148.3049
148.3261
148.4475
148.6642
148.8313
148.8329
148.9085
148.9822
148.9894
149.0032
149.2472
149.2576
149.3255
149.5964
149.6928
149.7667
149.9651
150.1014
150.1054
150.1116
150.1176
150.1272
150.1364
150.1604
150.168
150.1927
150.1964
150.213
150.2193
150.2265
150.2434
150.4418
150.4746
150.5463
150.5884
150.6472
150.759
150.8032
150.8393
150.914
151.039
151.2386
151.59
151.6234
151.758
151.827
151.928
152.0353
152.091
152.097
152.1023
152.1071
152.1081
152.12
152.1509
152.161
152.1683
152.175
152.1857
152.2039
152.2335
152.2406
152.2605
152.269
152.2764
152.2817
152.2937
152.302
152.3248
152.3286
152.3605
152.3723
152.3863
152.394
152.3956
152.4118
152.4429
152.4463
152.4883
152.4898
152.5227
152.546
152.5484
152.5615
152.5711
152.583
152.5863
152.6551
152.6721
152.6853
152.7161
152.7971
152.8093
152.8128
152.8412
152.8506
152.8834
152.9216
152.9341
153.0034
153.0053
153.0331
153.048
153.0703
153.1602
153.183
153.2176
153.302
153.3491
153.5175
153.6086
153.6145
153.6176
153.6195
153.6317
153.6943
153.8016
154.2345
154.2665
154.4817
154.4939
154.512
154.5565
154.5871
154.7181
154.7606
155.0773
155.1873
155.1889
155.2161
155.3531
155.3944
155.5127
155.5569
156.0692
156.0792
156.0815
156.1009
156.1131
156.1305
156.1369
156.2231
156.2539
156.2709
156.2942
156.3206
156.4407
156.5303
156.605
156.6243
156.743
156.8019
156.8239
156.8894
157.2181
157.3129
157.4147
157.4219
157.5275
157.5488
157.6616
157.7115
157.7311
157.7897
157.9275
158.0587
158.0628
158.0688
158.0711
158.0839
158.089
158.1049
158.1222
158.1324
158.139
158.1485
158.1542
158.166
158.1753
158.1788
158.2003
158.218
158.2338
158.2619
158.2687
158.2718
158.2779
158.2793
158.2815
158.2838
158.3005
158.4025
158.4258
158.4465
158.4582
158.4756
158.4838
158.5091
158.5162
158.5473
158.5774
158.5878
158.614
158.6561
158.7288
158.7576
158.7773
158.7866
158.8239
158.9393
158.9986
159.0127
159.0416
159.0737
159.1492
159.1772
159.2224
159.2748
159.4032
159.424
159.445
159.5408
159.5687
159.6382
159.6864
159.704
159.7151
159.7352
159.738
159.8537
159.8571
160.0097
160.042
160.1403
160.2011
160.2023
160.2818
160.5152
160.6724
160.7915
160.9023
161.0256
161.043
161.2626
161.2817
161.4017
161.5532
161.6024
161.6708
161.7256
161.8004
162.023
162.062
162.0716
162.0835
162.0996
162.1246
162.1304
162.1404
162.2756
162.411
162.4806
162.5558
162.56
162.6574
162.6894
162.7091
162.7207
162.743
162.7543
162.7554
162.7591
162.7764
162.7822
162.7868
162.7964
162.9229
163.0973
163.2289
163.24
163.2936
163.3776
163.409
163.4435
163.5368
163.5656
163.6093
163.6404
163.6759
163.7442
163.781
163.8562
163.8696
163.8774
163.8793
163.893
163.9021
163.9871
163.9935
164.0159
164.0289
164.0324
164.0365
164.0616
164.0682
164.0845
164.0864
164.0965
164.1043
164.1176
164.1212
164.125
164.1419
164.1537
164.1551
164.1636
164.1757
164.1808
164.1846
164.1897
164.1971
164.207
164.2236
164.2307
164.2904
164.3
164.3059
164.3078
164.3154
164.3287
164.3611
164.3634
164.3915
164.3947
164.3968
164.4246
164.4336
164.4535
164.4653
164.5158
164.5332
164.5453
164.5595
164.5816
164.5952
164.5971
164.6057
164.6193
164.6314
164.6414
164.6563
164.6702
164.6917
164.7443
164.7862
164.7985
164.8108
164.8586
164.8626
164.9521
164.9591
164.9722
165.0055
165.0109
165.0169
165.0919
165.1631
165.1655
165.1731
165.1902
165.2041
165.214
165.2881
165.2975
165.3339
165.3517
165.3564
165.3606
165.4403
165.4701
165.5063
165.5077
165.5091
165.5213
165.5803
165.6824
165.8051
165.8636
165.889
165.9038
165.9549
166.0215
166.1402
166.2701
166.282
166.3015
166.5332
166.7472
166.7846
167.0053
167.1768
167.205
167.2084
167.228
167.296
167.3266
167.3278
167.4777
167.6287
167.9819
167.9845
167.988
168.0139
168.0167
168.0216
168.0408
168.0458
168.0549
168.1502
168.1785
168.3907
168.6034
168.65
168.7452
168.903
169.0105
169.0418
169.1374
169.1708
169.2182
169.2331
169.3028
169.3688
169.5906
169.6575
169.6794
169.6966
169.9491
169.9855
170.002
170.0035
170.0224
170.0485
170.0585
170.0598
170.0671
170.094
170.1103
170.1362
170.1479
170.1627
170.1737
170.1854
170.1917
170.1951
170.2077
170.2548
170.2716
170.3781
170.3876
170.389
170.3999
170.4186
170.4748
170.5941
170.6045
170.6319
170.6475
170.656
170.679
170.6825
170.6989
170.7164
170.7711
170.8575
170.8974
170.9013
170.9211
171.0868
171.1295
171.1389
171.1775
171.1968
171.248
171.264
171.2946
171.3071
171.3395
171.3547
171.392
171.3958
171.4421
171.4489
171.4598
171.5732
171.8773
171.9
172.0039
172.1146
172.116
172.1205
172.1278
172.1324
172.1453
172.1831
172.4208
172.6603
172.6789
172.695
172.8915
172.9581
172.9604
173.0468
173.0728
173.089
173.1318
173.1332
173.1584
173.33
173.4974
173.5113
173.8023
173.9429
173.9441
173.9521
173.9551
173.9597
173.971
174.0035
174.0085
174.0121
174.0626
174.0823
174.0995
174.1017
174.1407
174.1966
174.348
174.5261
174.5829
174.6384
174.6601
174.8276
174.9103
174.9647
175.0893
175.1997
175.3122
175.3289
175.4383
175.827
175.868
175.9183
175.9248
175.9327
175.9423
175.9438
175.9475
175.9526
175.9695
175.9737
175.9765
175.9841
176.0305
176.0333
176.0382
176.0441
176.0539
176.0549
176.0566
176.0829
176.0877
176.0979
176.1154
176.1368
176.1507
176.1573
176.1752
176.1806
176.1855
176.1928
176.2019
176.2137
176.2515
176.2594
176.2612
176.2815
176.2905
176.3008
176.3329
176.3526
176.3715
176.393
176.4232
176.429
176.448
176.5065
176.5194
176.5332
176.5811
176.64
176.6563
176.6784
176.7704
176.827
176.8527
176.9188
176.9296
176.9328
177.0995
177.1455
177.1851
177.1912
177.2412
177.2617
177.3482
177.3731
177.381
177.4041
177.4395
177.4697
177.4978
177.5013
177.5026
177.5048
177.5097
177.5142
177.528
177.5305
177.7091
177.8108
177.8497
177.8937
178.0171
178.1564
178.3403
178.3541
178.3823
178.5708
178.6832
178.8773
178.9697
178.9878
179.1588
179.1833
179.2907
179.3826
179.5866
179.723
179.8944
179.9278
179.9306
179.9339
179.9528
179.9661
179.9806
179.9936
179.9981
180.004
180.0746
180.2177
180.2517
180.5076
180.8565
180.8895
181.2439
181.3521
181.4083
181.4619
181.5863
181.7278
181.7489
181.8837
181.8923
181.8966
181.8987
181.9201
181.9372
181.9651
181.9707
181.9768
182.0101
182.0414
182.0511
182.0576
182.0667
182.0963
182.1427
182.1666
182.177
182.1992
182.2782
182.331
182.3372
182.4179
182.4822
182.6213
182.7078
183.0016
183.0411
183.0695
183.1548
183.1656
183.2008
183.2062
183.2113
183.2252
183.2396
183.2694
183.3442
183.3612
183.373
183.3986
183.5138
183.7237
183.7954
183.7986
183.8015
183.8147
183.8321
183.8433
183.8552
183.9284
183.9648
184.3282
184.6613
184.6658
184.6669
184.6758
184.677
184.9255
184.9287
184.9472
184.9626
185.117
185.4656
185.5082
185.5523
185.814
185.8559
185.8577
185.8734
185.8762
185.8868
185.9032
185.9059
185.915
185.9231
185.9307
185.9335
185.9519
185.9566
185.9703
185.9891
186.035
186.0458
186.0632
186.6514
186.7172
186.771
186.8425
187.019
187.7118
187.8148
187.8222
187.8401
187.8579
187.8799
187.8918
187.9285
187.9575
187.9617
187.9852
187.9908
188.0147
188.0221
188.0443
188.0663
188.0885
188.0917
188.1391
188.1877
188.2339
188.2661
188.3085
188.3385
188.3778
188.3811
188.4361
188.4473
188.5207
188.5253
188.6293
188.7661
188.7974
188.8366
188.8917
188.9379
189.0492
189.0967
189.1603
189.1796
189.1995
189.2161
189.2436
189.2716
189.2836
189.3447
189.3491
189.352
189.3551
189.3676
189.3762
189.3819
189.3969
189.5409
189.6702
189.6895
189.7326
189.9009
189.9092
189.9204
189.9388
190.0793
190.107
190.1198
190.4663
190.6209
190.6457
190.6502
190.6546
190.6595
190.6627
190.8262
190.9774
191.4518
191.6346
191.8249
191.84
191.8464
191.8699
191.8766
191.8991
191.9165
191.9714
192.019
192.1176
192.249
192.5218
192.5508
192.6197
192.6876
192.9198
192.9993
193.0759
193.1052
193.1484
193.2038
193.2648
193.2842
193.289
193.2962
193.3012
193.4541
193.5811
193.59
193.5925
193.7656
193.8281
193.8366
193.8406
193.8461
193.8475
193.8883
193.8962
193.9036
193.9422
193.9682
194.0208
194.0284
194.0424
194.092
194.1542
194.1722
194.2209
194.2346
194.2721
194.4168
194.5862
194.6555
194.6764
194.7217
194.7916
194.8778
194.9387
194.9784
194.9994
195.054
195.1382
195.1444
195.1881
195.2198
195.2879
195.332
195.3755
195.4001
195.4129
195.45
195.4535
195.4586
195.463
195.474
195.4829
195.5444
195.5677
195.5965
195.8501
196.2567
196.2747
196.554
196.6508
196.664
196.703
196.8325
196.8572
196.9623
197.0804
197.3656
197.6626
197.6798
197.7153
197.7319
197.7444
197.7869
197.7886
197.7898
197.7933
197.7972
197.8167
197.8311
197.8424
197.8528
197.8757
197.8956
197.9029
197.9232
197.9408
197.9423
197.9694
198.0693
198.1618
198.2402
198.41
198.5734
198.5979
198.8599
198.8863
198.9062
199.2158
199.235
199.401
199.4574
199.5512
199.5812
199.7626
199.7661
199.7734
199.7756
199.781
199.7909
199.7967
199.812
199.8174
199.8434
199.8461
199.8652
199.8679
199.8841
199.8914
199.9026
199.9227
199.9656
199.9731
199.9831
199.9931
200.011
200.0249
200.0429
200.0451
200.0552
200.0764
200.1218
200.1272
200.1476
200.1789
200.2352
200.3048
200.3647
200.491
200.5189
200.5326
200.5813
200.5871
200.6025
200.6159
200.6177
200.6499
200.7159
200.7732
200.8065
200.8766
200.9809
201.0387
201.1725
201.2062
201.2212
201.4219
201.4686
201.4827
201.5041
201.5707
201.6975
201.7416
201.7467
201.7801
201.85
201.8594
202.0081
202.0616
202.4206
202.6755
202.948
203.0592
203.1918
203.4773
203.6679
203.7618
203.7663
203.7762
203.7852
203.8172
203.8296
203.8733
203.8828
203.957
203.9609
204.0318
204.1542
204.1606
204.1742
204.282
204.4903
204.6578
204.7369
204.807
204.8677
204.9133
205.1899
205.3551
205.4491
205.4754
205.5539
205.6528
205.6919
205.7083
205.715
205.7163
205.7186
205.7408
205.7892
205.808
205.8097
205.8268
205.8627
205.8845
205.8991
205.9289
205.9443
205.9807
205.9873
205.9918
206.0183
206.0455
206.0596
206.0846
206.1248
206.1551
206.1951
206.1991
206.3184
206.3309
206.344
206.3899
206.4301
206.5286
206.6373
206.6555
206.705
206.728
206.7331
206.7578
206.8753
206.9428
206.9722
207.0083
207.0797
207.0847
207.1163
207.1305
207.1849
207.2118
207.2961
207.3324
207.3483
207.3804
207.4731
208.0073
208.0203
208.0276
208.033
208.1363
208.2008
208.2806
208.5422
208.568
208.67
208.6908
208.7797
208.8076
208.8245
208.9877
209.3646
209.7006
209.7064
209.7091
209.7172
209.7259
209.7331
209.7459
209.7714
209.8178
209.8999
209.9202
209.9455
209.9588
209.9746
210.0361
210.1762
210.3407
210.3422
210.3951
210.4252
210.5021
210.7703
210.7755
210.7882
211.0063
211.0226
211.1725
211.208
211.2492
211.2751
211.3022
211.5161
211.5347
211.6837
211.6858
211.693
211.6993
211.7083
211.7204
211.7588
211.7756
211.7897
211.8045
211.8181
211.8275
211.8885
211.8955
211.9272
211.9449
212.0059
212.0476
212.0727
212.0846
212.2271
212.2352
212.2554
212.2709
212.2859
212.2929
212.3197
212.361
212.3724
212.4139
212.4485
212.4634
212.4718
212.5655
212.6054
212.8661
212.9285
212.9626
212.9645
212.9883
213.0192
213.0945
213.1419
213.1664
213.1706
213.397
213.5202
213.7775
213.7815
214.0733
214.1157
214.1225
214.1317
214.2593
214.2985
214.3679
214.3744
214.4068
214.4193
214.4434
215.0715
215.1527
215.5637
215.5771
215.6157
215.6197
215.6243
215.6293
215.6354
215.6427
215.6961
215.7432
215.7725
215.9508
216.0256
216.2586
216.3251
216.3933
216.5867
216.5915
216.5998
216.6084
216.6125
216.6194
216.6743
216.8663
216.9466
217.1115
217.1502
217.2351
217.3352
217.4347
217.6204
217.6219
217.633
217.6369
217.6429
217.6451
217.649
217.653
217.6542
217.6569
217.6628
217.6662
217.6756
217.6871
217.7045
217.7059
217.7259
217.7367
217.7616
217.7658
217.7704
217.7979
217.831
217.8505
217.8793
217.9247
217.9337
217.9388
217.9449
217.9799
218.1453
218.1947
218.2561
218.2576
218.2837
218.2914
218.3174
218.3313
218.3443
218.3504
218.358
218.4459
218.4702
218.6249
218.85
218.8818
218.9347
218.9592
219.0003
219.4239
219.5358
219.6875
219.7419
219.7569
219.7672
219.7758
219.8099
220.2026
220.2525
220.3819
220.4978
220.503
220.6444
220.6478
220.6623
220.707
220.8681
220.9703
221.1397
221.4428
221.5142
221.5974
221.6311
221.6351
221.6379
221.68
221.7057
221.7272
221.7787
221.83
222.1507
222.1783
222.1904
222.2053
222.2125
222.2519
222.3949
222.4892
222.7281
222.7641
222.768
222.7841
222.9725
223.5578
223.5747
223.5957
223.6014
223.6026
223.6252
223.6563
223.6639
223.6662
223.6719
223.6773
223.679
223.697
223.6999
223.7121
223.7192
223.734
223.7628
223.7772
223.7822
223.8238
223.8687
223.8879
223.9061
223.9143
223.9925
224.0498
224.1129
224.1415
224.1763
224.2589
224.3174
224.3665
224.3845
224.3999
224.4114
224.4884
224.5629
224.586
224.6277
224.7633
224.8987
224.907
224.9738
224.9957
225
225.0031
225.0238
225.0527
225.2325
225.3132
225.3908
225.6066
225.6432
225.8062
225.9525
225.958
225.9639
225.9685
225.9737
225.9758
226.1545
226.4523
226.4594
226.4705
226.599
226.634
226.6523
226.7753
226.8664
227.0385
227.2181
227.2337
227.315
227.3484
227.4264
227.5458
227.5482
227.5522
227.5989
227.6069
227.6094
227.6196
227.6216
227.6352
227.6626
227.6726
227.6936
227.7647
227.8938
227.9714
228.0501
228.0882
228.1425
228.1561
228.1969
228.2613
228.3171
228.4524
228.5538
228.7614
228.7747
228.9886
229.1027
229.2029
229.5144
229.5188
229.5251
229.5315
229.5338
229.5388
229.5437
229.5527
229.5591
229.5737
229.5805
229.5924
229.6038
229.6616
229.6661
229.6749
229.7301
229.7631
229.8723
230.0125
230.02
230.0926
230.1116
230.1802
230.3356
230.47
230.5438
230.5448
230.5567
230.566
230.7139
230.7441
230.8176
230.8661
231.0284
231.0379
231.1163
231.1646
231.1849
231.2227
231.2549
231.328
231.3878
231.7352
231.8781
231.9224
231.9702
232.0685
232.112
232.1292
232.4706
232.4989
232.5644
232.6896
233.05
233.1738
233.5181
233.5278
233.5309
233.5404
233.5482
233.5768
233.6071
233.635
233.6441
233.708
233.7215
233.7981
233.8459
233.9529
234.0608
234.1132
234.3544
234.4531
234.4853
234.571
234.7368
234.7437
234.8247
234.9959
235.0413
235.2379
235.2745
235.3391
235.4451
235.5095
235.5127
235.5214
235.5313
235.5386
235.5673
235.579
235.5871
235.6137
235.6284
235.6683
235.7141
235.7325
235.7485
235.7744
235.7807
235.8042
235.9114
235.9365
235.9469
235.9758
235.9884
235.9991
236.0116
236.036
236.0562
236.1258
236.2248
236.2653
236.3348
236.3509
236.4279
236.5303
236.6864
236.7247
236.7861
236.8232
236.872
236.901
236.9071
236.9087
236.9368
237.0368
237.1302
237.2037
237.413
237.4258
237.4723
237.4906
237.4997
237.5473
237.5828
237.7757
237.7925
237.821
238.1559
238.277
238.3981
238.6996
238.7387
238.8663
238.9066
238.9108
239.0738
239.4747
239.4935
239.4994
239.5068
239.5124
239.5418
239.5434
239.5516
239.5647
239.6866
239.8287
239.85
239.9969
240.2324
240.253
240.3102
240.5394
240.5549
240.5835
240.6266
240.7234
240.729
240.7322
240.7375
240.766
240.9105
240.9867
241.2045
241.2437
241.4708
241.4725
241.4917
241.5158
241.552
241.5556
241.5628
241.5682
241.5768
241.5899
241.599
241.6511
241.704
241.7163
241.7761
241.7988
241.8502
241.8559
241.8748
241.9173
241.9187
241.9541
242.0982
242.1325
242.1483
242.2078
242.3703
242.3816
242.4042
242.4277
242.4525
242.4659
242.5464
242.6176
242.6524
242.6636
242.803
242.8153
242.8211
242.8447
242.8514
242.9231
242.9462
243.0326
243.0387
243.0461
243.062
243.1062
243.1811
243.2295
243.2346
243.2541
243.2879
243.3034
243.4587
243.7449
243.7512
243.7853
243.9144
244.0193
244.2279
244.5213
244.6054
244.791
245.0256
245.1094
245.1782
245.216
245.2773
245.307
245.4156
245.43
245.4513
245.4679
245.4704
245.4743
245.5152
245.5826
245.6048
245.6639
245.9216
245.9703
245.9898
246.1311
246.1565
246.238
246.339
246.3615
246.4201
246.9484
247.0605
247.0793
247.098
247.255
247.3582
247.3981
247.4055
247.4072
247.4152
247.4295
247.4328
247.4527
247.5151
247.5722
247.606
247.6157
247.6326
247.6432
247.6702
247.6731
247.6816
247.7008
247.7197
247.8081
247.8206
247.831
247.8507
247.9877
248.0376
248.0994
248.1498
248.2862
248.413
248.4147
248.5697
248.5749
248.6063
248.6105
248.7224
248.7257
248.7306
248.7498
248.7947
248.8435
248.8506
248.974
249.003
249.2489
249.465
249.5751
249.5975
249.7106
249.7645
249.8766
250.0464
250.1058
250.2026
250.2467
250.2508
250.4036
250.4741
250.4916
251.0978
251.265
251.3751
251.3767
251.3835
251.394
251.4082
251.431
251.438
251.4633
251.4681
251.4841
251.5078
251.5212
251.5346
251.5648
251.581
251.6014
251.6025
251.7021
251.7802
251.7891
251.9367
251.9615
252.1722
252.278
252.6906
252.7082
252.96
253.1074
253.1687
253.2058
253.2777
253.2844
253.3749
253.3849
253.3923
253.3985
253.4002
253.4029
253.4044
253.4096
253.4207
253.4363
253.4433
253.4558
253.4663
253.4695
253.4759
253.5204
253.5288
253.5321
253.5355
253.6095
253.6648
253.6719
253.6806
253.6837
253.8095
253.8417
253.8438
253.8707
253.8788
253.8904
253.9398
253.9729
253.9892
254.0621
254.143
254.1941
254.2534
254.2745
254.3352
254.4858
254.4997
254.5407
254.5648
254.6588
254.674
254.7072
254.7239
254.7942
254.7962
254.8002
254.8045
254.8099
254.8182
254.8348
254.9064
254.91
254.9153
255.0044
255.1331
255.1578
255.1624
255.3922
255.6039
255.6347
255.7307
255.9109
255.9858
256.1716
256.1787
256.1869
256.1914
256.2237
256.2413
256.2763
256.3529
256.4486
256.6308
256.8048
257.0536
257.1312
257.3328
257.3486
257.3758
257.4055
257.4071
257.4225
257.4439
257.4533
257.4959
257.5334
257.7721
257.8842
258.0368
258.0865
258.4236
258.4649
258.5035
258.6042
258.8415
259.0865
259.0982
259.1129
259.2552
259.3047
259.3253
259.338
259.3691
259.3758
259.3869
259.4054
259.4139
259.4226
259.4338
259.4473
259.4568
259.4862
259.5096
259.5326
259.5486
259.6073
259.6779
259.6963
259.7027
259.7355
259.758
259.7958
259.803
259.8466
259.8946
259.9093
259.917
259.9635
260.0107
260.0687
260.0845
260.2052
260.3234
260.3306
260.3391
260.497
260.4983
260.6159
260.6266
260.6324
260.6426
260.6827
260.6844
260.7612
260.8038
260.8767
260.89
260.9026
261.095
261.1342
261.1607
261.1746
261.2255
261.5765
261.6259
261.6345
261.645
261.9316
262.082
262.228
262.5004
262.5687
262.67
262.6817
262.8938
262.9451
262.9632
263.227
263.284
263.3161
263.3345
263.3755
263.3813
263.5195
263.5921
263.7337
263.7964
263.8209
263.8446
264.002
264.2284
264.2632
264.4715
264.754
264.8886
264.9874
265.0968
265.2958
265.3086
265.3125
265.3196
265.3787
265.4023
265.4153
265.4214
265.4301
265.4314
265.4487
265.4653
265.4694
265.5067
265.5078
265.5271
265.53
265.5397
265.614
265.7265
265.7558
265.8022
265.9224
266.1364
266.1625
266.1673
266.1827
266.1934
266.233
266.3008
266.3656
266.4623
266.5174
266.5589
266.6412
266.6532
266.7182
266.7438
266.765
266.8034
267.0734
267.0995
267.115
267.2557
267.4675
267.4904
267.9172
267.953
267.9619
268.029
268.0937
268.2771
268.2885
268.3104
268.3219
268.3464
268.4452
268.5527
268.7428
268.9346
268.9456
269.0284
269.258
269.2728
269.3048
269.3249
269.337
269.3406
269.346
269.3504
269.369
269.4234
269.5236
269.562
269.6542
269.6836
269.7608
269.7724
269.8548
269.8642
269.9245
269.9468
269.9519
270.1458
270.1894
270.261
270.4682
270.6017
270.7688
270.7758
270.7782
270.7821
270.8004
270.8016
271.2307
271.2448
271.2461
271.2518
271.2911
271.3003
271.3558
271.3824
271.3889
271.4007
271.4213
271.4403
271.4447
271.4722
271.4906
271.5018
271.5198
271.5322
271.5359
271.552
271.5683
271.6005
271.6343
271.6454
271.815
271.8541
271.8994
271.9491
272.0087
272.086
272.1024
272.1708
272.1848
272.2468
272.2716
272.2876
272.4428
272.495
272.4989
272.5364
272.5693
272.6142
272.6478
272.6512
272.6644
272.6743
272.7434
273.0181
273.2082
273.2116
273.2167
273.2295
273.2316
273.5355
273.7008
273.72
273.7401
273.8085
273.8605
273.8792
273.8873
274.2311
274.2351
274.2803
274.3734
275.1544
275.2239
275.3485
275.3739
275.4312
275.5236
275.5815
275.6531
276.0021
276.0437
276.1704
276.2323
276.4291
276.6983
277.1131
277.1737
277.2314
277.2603
277.2656
277.3036
277.3213
277.3273
277.3754
277.407
277.4437
277.5127
277.5501
277.5664
277.576
277.6987
277.7636
277.7751
277.7927
277.9398
277.9675
278.065
278.1481
278.2063
278.2183
278.4597
278.62
278.6578
278.8079
278.8104
278.8293
278.8726
279.0091
279.0543
279.1253
279.1711
279.3401
279.3943
279.7001
279.7748
279.8067
280.0569
280.1032
280.1061
280.1562
280.1639
280.207
280.2553
280.6339
280.6415
280.9231
281.105
281.1558
281.1675
281.1686
281.1728
281.1831
281.1926
281.2098
281.2137
281.2149
281.2411
281.2455
281.2511
281.2711
281.3364
281.5897
281.6378
281.6896
281.834
281.9867
282.0246
282.0485
282.0944
282.1487
282.2143
282.2248
282.2464
282.2478
282.25
282.2549
282.3218
282.6355
282.7111
282.7347
282.7506
283.0614
283.0773
283.0951
283.1346
283.1547
283.1775
283.2045
283.2158
283.2172
283.2673
283.2683
283.3427
283.3477
283.4088
283.4363
283.4507
283.4786
283.5182
283.5283
283.5469
283.5909
283.6974
283.7325
283.7635
283.7718
283.8984
284.025
284.0496
284.0515
284.0787
284.154
284.1722
284.1939
284.3385
284.4119
284.5125
284.5531
284.6333
284.6467
284.6577
284.6688
284.6708
284.6751
284.6864
284.6898
284.732
284.7333
284.7626
284.7673
284.8217
284.8345
284.9364
285.1296
285.4269
285.6431
285.7842
285.8211
286.1091
286.4268
286.5396
286.5989
287.1488
287.1571
287.1682
287.1769
287.1806
287.1853
287.2055
287.2255
287.2708
287.2763
287.3256
287.376
287.3843
287.4237
287.4294
287.5775
287.6592
287.6829
287.9698
288.0078
288.013
288.0145
288.0455
288.0633
288.167
288.2816
288.3238
288.6495
288.8301
289.0282
289.1093
289.1243
289.1257
289.1749
289.2008
289.2176
289.2204
289.2363
289.2462
289.2502
289.2633
289.2975
289.3383
289.3557
289.3818
289.4608
289.4622
289.5083
289.5151
289.641
289.7108
289.7182
289.7379
289.7666
289.8149
289.8932
289.9318
289.9943
290.0114
290.0237
290.2635
290.402
290.4542
290.4718
290.4845
290.5178
290.5391
290.5438
290.5661
290.58
290.5816
290.585
290.5864
290.7044
290.7472
290.7605
290.828
291.0111
291.0356
291.3505
291.3651
291.3665
291.4625
291.547
291.5679
291.58
291.8775
292.0433
292.1013
292.2154
292.2528
292.7863
292.9939
293.0905
293.1012
293.1042
293.1071
293.1281
293.1313
293.1362
293.3762
293.3943
293.4542
293.5045
293.5073
293.5353
293.8947
293.9134
294.003
294.037
294.0538
294.0662
294.0761
294.081
294.1305
294.1687
294.2811
294.4693
294.5232
294.5451
294.6204
294.6638
294.9829
295.0602
295.0671
295.0799
295.083
295.0866
295.099
295.117
295.1314
295.1329
295.1621
295.1636
295.1667
295.2097
295.2218
295.2397
295.2602
295.2742
295.443
295.6074
295.6109
295.6915
295.747
295.8335
295.8894
296.0659
296.0774
296.3172
296.3394
296.4018
296.4133
296.4536
296.5762
296.5855
296.5938
296.6011
296.687
296.7417
296.8994
297.0263
297.1174
297.1224
297.1632
297.1711
297.2018
297.3655
297.5556
297.6518
297.9772
297.9921
298.0359
298.2437
298.4227
298.6511
298.6593
298.7408
298.8015
298.8596
299.0496
299.0693
299.0722
299.0863
299.0886
299.1011
299.1023
299.1104
299.1226
299.1421
299.2637
299.2805
299.2819
299.2958
299.3113
299.3571
299.5377
299.5803
299.7517
299.8392
300.0319
300.0381
300.2266
300.3043
300.3232
300.3339
300.3498
300.5591
300.6659
300.7721
300.7895
300.8622
300.9759
301.0097
301.0435
301.0703
301.0716
301.0747
301.0793
301.1134
301.1208
301.1325
301.137
301.1553
301.1774
301.1951
301.2013
301.217
301.2336
301.2711
301.3037
301.3386
301.3581
301.3634
301.3794
301.3877
301.4001
301.4066
301.409
301.4329
301.4904
301.5489
301.5558
301.5948
301.6309
301.6456
301.6699
301.7557
301.7678
301.807
301.839
301.8609
301.9128
301.9352
301.9498
302.0291
302.223
302.2412
302.3764
302.4245
302.428
302.456
302.4616
302.5322
302.5528
302.6749
302.8551
302.9806
303.1705
303.2503
303.5287
303.8609
303.8955
303.9242
303.9594
303.962
304.2468
304.2601
304.2853
304.3042
304.3991
304.7262
304.7351
304.9995
305.0169
305.0202
305.0408
305.0456
305.0472
305.067
305.0956
305.1235
305.1419
305.1533
305.6869
305.7331
305.7438
305.7763
305.9418
305.9939
306.1731
306.2587
306.3441
306.4656
306.4889
306.6178
306.6259
306.9411
306.9621
306.9634
306.9675
306.9694
306.9946
307.0027
307.0131
307.0251
307.0285
307.0584
307.0731
307.0961
307.102
307.1272
307.1504
307.1569
307.1881
307.2218
307.2554
307.3017
307.3179
307.3319
307.3531
307.403
307.4491
307.4612
307.479
307.7017
307.7575
307.8023
307.8608
307.9499
307.9879
308.0553
308.0681
308.075
308.3765
308.4221
308.5288
308.572
308.5845
308.6182
309.037
309.1253
309.2335
309.2671
309.4747
309.7212
309.8188
309.8541
309.9619
310.0617
310.1461
310.4211
310.6151
310.8435
310.9989
311.0098
311.0217
311.0421
311.053
311.0599
311.1061
311.128
311.4654
311.4891
311.5037
311.6371
311.7107
311.7331
312.1408
312.2865
312.4516
312.5632
312.7138
312.7867
312.8478
312.9203
312.9585
312.9637
312.9655
312.9689
312.9924
312.9977
313.0213
313.0274
313.0475
313.1029
313.1109
313.1126
313.118
313.1451
313.1696
313.1977
313.2187
313.2197
313.2442
313.3157
313.3432
313.3885
313.475
313.6597
313.6649
313.6814
313.7256
313.7524
313.766
313.8876
313.8959
313.9513
313.9937
314.0336
314.1288
314.1935
314.2766
314.3009
314.357
314.3721
314.3754
314.3851
314.3896
314.3919
314.3967
314.4347
314.4489
314.5703
314.5848
314.6348
314.706
314.7167
314.783
314.8042
314.8196
314.8642
314.8896
314.9004
315.1147
315.1842
315.195
315.2333
315.2661
315.5422
315.5564
315.7108
315.7602
315.7832
315.9804
316.0277
316.1412
316.2925
316.4727
316.6629
316.8686
316.9196
316.9451
316.9491
316.9714
316.9744
316.9804
316.9876
316.9923
317.0023
317.0276
317.0447
317.0516
317.219
317.2493
317.2514
317.2738
317.2955
317.3077
317.4046
317.4201
317.429
317.4521
317.5123
317.5549
317.7148
318.036
318.0804
318.6564
318.7368
318.9033
318.9045
318.9191
318.9393
318.9537
318.9569
318.9695
319.0431
319.0449
319.0635
319.0806
319.0866
319.088
319.1085
319.112
319.1243
319.176
319.2291
319.2374
319.2593
319.3817
319.4376
319.4489
319.536
319.6333
319.6554
319.6924
319.7363
319.7718
319.901
320.0766
320.1207
320.2107
320.2397
320.2563
320.2684
320.2841
320.3014
320.4159
320.505
320.5711
320.6469
321.0631
321.2125
321.3311
321.3434
321.3564
321.3762
321.5988
321.6449
321.6725
321.7953
321.8849
322.6991
322.7755
322.8629
322.8678
322.8965
322.916
322.9223
322.929
322.9301
322.9376
322.9453
322.9767
322.99
323.0296
323.0455
323.0862
323.1499
323.196
323.6224
323.6657
323.6848
323.7368
323.7975
324.1465
324.1477
324.3912
324.5116
324.8619
324.8651
324.9104
324.9157
324.9344
324.9449
324.9638
324.9758
324.9921
325.0221
325.0382
325.0922
325.1175
325.135
325.2105
325.2572
325.2781
325.3104
325.4537
325.5449
325.5872
326.0825
326.1946
326.2928
326.5362
326.5814
326.6066
326.6638
326.7184
326.7421
326.7661
326.7846
327.0315
327.1429
327.1795
327.3224
327.5417
327.5668
327.846
327.9143
328.1179
328.208
328.2468
328.4468
328.533
328.6819
328.8445
328.8562
328.8629
328.9059
328.921
328.9776
329.0158
329.0223
329.072
329.0925
329.2793
329.3187
329.3397
329.3521
329.5536
329.6019
329.7574
329.7748
329.924
329.9277
330.008
330.044
330.1602
330.2809
330.467
330.6791
330.749
330.759
330.7864
330.7966
330.798
330.8457
330.8519
330.8755
330.8768
330.8911
330.9048
330.9071
330.9357
330.9404
330.9442
330.9569
330.9637
331.0099
331.0186
331.0332
331.0346
331.043
331.0456
331.0533
331.0658
331.1012
331.1112
331.129
331.1603
331.1688
331.2158
331.2931
331.3381
331.3435
331.3989
331.4696
331.4998
331.5263
331.6248
331.7085
331.8109
331.8151
331.8167
331.8376
331.9644
332.0415
332.0929
332.1249
332.169
332.179
332.2021
332.208
332.261
332.3574
332.3616
332.4992
332.5758
332.5991
332.6293
332.6957
333.1247
333.2287
333.2325
333.3229
333.3659
333.4917
333.5203
333.522
333.8561
333.9394
333.9856
334.1449
334.2693
334.6683
334.7271
334.786
334.8018
334.8129
334.8211
334.8356
334.8578
334.8637
334.8648
334.8712
334.8806
334.9117
334.9439
334.9656
335.0097
335.1639
335.3937
335.4122
335.5195
335.5728
335.6262
335.7372
335.9459
335.949
336.0701
336.1799
336.3877
336.4218
336.475
336.506
336.7527
336.7551
336.7563
336.7595
336.7606
336.7708
336.7727
336.7824
336.7924
336.7996
336.8071
336.8368
336.8723
336.9211
336.9744
336.983
336.9968
337.0093
337.0316
337.1037
337.1578
337.2326
337.2423
337.2965
337.3952
337.4116
337.4693
337.4921
337.5168
337.6195
337.7062
337.7676
337.7814
337.9056
338.0222
338.0851
338.1041
338.1118
338.1419
338.178
338.2731
338.2859
338.2914
338.3354
338.3915
338.4255
338.4446
338.5305
338.7184
338.8524
338.869
338.9657
339.0351
339.2545
339.3981
339.418
339.4216
339.4281
339.988
340.0185
340.1216
340.1661
340.4241
340.5669
340.6915
340.7574
340.7608
340.7672
340.7708
340.7755
340.7991
340.8042
340.813
340.8542
340.8777
340.8969
341.074
341.2139
341.2254
341.2268
341.2306
341.2347
341.2463
341.2544
341.2735
341.3018
341.3713
341.4047
341.481
341.5502
341.5874
341.8619
341.9146
341.9632
342.0649
342.2916
342.4137
342.4173
342.4228
342.4464
342.4484
342.453
342.4918
342.6825
342.7228
342.7255
342.7289
342.7399
342.7421
342.7577
342.7606
342.778
342.7798
342.7989
342.8451
342.9118
342.9224
342.9993
343.0489
343.0609
343.0824
343.1351
343.1471
343.1728
343.1775
343.2162
343.2755
343.299
343.3594
343.4225
343.4447
343.4627
343.5737
343.6961
343.7333
343.7567
343.828
343.9135
343.9295
343.945
343.949
344.0194
344.0618
344.1149
344.1288
344.1431
344.1506
344.1789
344.2009
344.3248
344.3439
344.3797
344.4769
344.4888
344.5158
344.5654
344.5905
344.7972
344.8824
344.9298
344.954
345.3047
345.4263
345.7406
345.79
345.8708
346.4278
346.721
346.7265
346.7411
346.757
346.7845
346.816
346.8205
346.8612
346.9374
346.9951
347.1684
347.4087
347.4848
347.5919
347.6714
347.7131
347.9564
347.9802
348.0616
348.0825
348.3875
348.4487
348.6712
348.6741
348.7018
348.7078
348.7212
348.7279
348.7538
348.7663
348.7679
348.7792
348.8207
348.8545
348.8684
348.8802
348.8978
348.9154
348.9431
349.0003
349.0176
349.0266
349.0731
349.084
349.111
349.1574
349.1678
349.1824
349.2389
349.274
349.3399
349.3988
349.4105
349.4422
349.4531
349.6915
349.7099
349.7741
349.9527
349.999
350.0682
350.1352
350.1648
350.2219
350.2578
350.5165
350.5238
350.5272
350.5302
350.5431
350.5917
350.5933
350.6279
350.6804
350.7642
351.1599
351.2192
351.2289
351.2711
351.2916
351.4511
351.5968
351.8163
351.836
351.8553
351.8873
351.8904
351.9695
352.1797
352.3224
352.6541
352.6854
352.6953
352.7178
352.7388
352.744
352.7474
352.7803
352.7846
352.8615
352.9303
352.9805
353.0815
353.204
353.2072
353.2513
353.3786
353.5276
353.5656
353.8167
354.1189
354.1438
354.3984
354.4116
354.4232
354.4341
354.4899
354.6622
354.6658
354.6715
354.6893
354.7083
354.7237
354.7713
354.7772
354.7846
354.7918
354.8013
354.8294
354.845
354.9021
354.9341
354.9516
354.9571
354.968
354.9746
354.9895
355.0336
355.1188
355.1824
355.1908
355.2521
355.2587
355.3057
355.314
355.3327
355.3589
355.3682
355.3834
355.4333
355.4869
355.5412
355.9076
355.9529
355.9987
356.0236
356.0374
356.0544
356.1014
356.1042
356.1313
356.2184
356.2788
356.3363
356.3852
356.4428
356.4813
356.5607
356.5678
356.588
356.6153
357.2564
357.2769
357.5411
357.5421
357.5528
357.557
357.5732
357.5775
357.5904
357.5973
357.7019
357.981
358.643
358.6489
358.6625
358.6789
358.6853
358.7091
358.7432
358.7573
358.7654
358.8035
358.9869
358.9971
359.2097
359.3659
359.5752
359.5923
359.653
359.814
360.0834
360.2921
360.2979
360.3949
360.558
360.5851
360.5902
360.6018
360.6042
360.6269
360.6296
360.6555
360.6638
360.6696
360.6714
360.6776
360.6993
360.7086
360.7208
360.7225
360.7612
360.7805
360.7951
360.8094
360.8178
360.8602
360.9354
360.9444
360.9878
361.0818
361.1052
361.1249
361.2065
361.2127
361.2769
361.3006
361.3429
361.399
361.5268
361.6235
361.6272
361.6374
361.9082
361.9459
361.9578
361.9922
361.9961
362.0287
362.0635
362.1032
362.1286
362.1482
362.1528
362.1843
362.1992
362.2121
362.2592
362.2856
362.4091
362.4322
362.4373
362.4473
362.5241
362.542
362.6088
362.6166
362.6989
362.9147
363.1022
363.1263
363.1321
363.1529
363.1643
363.1894
363.2829
363.3138
363.4528
363.5226
363.5408
363.6401
363.6598
363.6659
363.7197
363.8804
363.9952
364.0239
364.1326
364.1874
364.2168
364.2317
364.5732
364.61
364.614
364.6177
364.633
364.6496
364.6604
364.6681
364.7085
364.7125
364.7398
364.7621
364.7737
364.7768
364.7816
364.7889
364.8436
364.9069
364.9833
365.0724
365.1114
365.1394
365.1491
365.3161
365.3419
365.4796
365.5011
365.5244
365.5593
365.7942
365.954
365.9969
366.04
366.1117
366.1749
366.186
366.2058
366.3977
366.5521
366.5792
366.583
366.5875
366.6098
366.6614
366.6844
366.7171
366.7378
366.7421
366.7528
366.7694
366.7785
366.8001
366.8288
366.8422
366.8551
366.8784
366.9075
366.9197
366.9909
367.0178
367.068
367.1219
367.1334
367.1417
367.157
367.1832
367.217
367.2201
367.2711
367.2902
367.3196
367.3299
367.401
367.4106
367.5633
367.5651
367.5719
367.6172
367.6956
367.8075
367.8973
367.9353
367.9588
367.9901
368.0012
368.0282
368.0336
368.1246
368.1742
368.294
368.3121
368.3185
368.3259
368.3727
368.3826
368.3882
368.399
368.4023
368.4088
368.465
368.4881
368.5444
368.7015
368.7142
368.7234
368.7743
368.9235
368.9252
368.9329
368.9584
368.9824
369.1341
369.1803
369.2977
369.3293
369.6513
369.6815
369.6837
369.6851
370.0444
370.2396
370.2849
370.398
370.4119
370.5556
370.5583
370.5826
370.6037
370.6068
370.6368
370.6537
370.754
370.8121
370.8477
370.8599
370.8879
370.9379
370.9756
371.1042
371.1897
371.3607
371.4261
371.4686
371.5753
371.6415
371.6755
371.7823
371.8464
371.9856
372.081
372.4172
372.5295
372.5308
372.5353
372.542
372.5522
372.5536
372.5664
372.6033
372.6319
372.6467
372.6749
372.6842
372.71
372.7198
372.7431
372.7774
372.8271
372.8488
372.8529
372.8802
372.9206
372.952
372.9713
373.0048
373.0693
373.1204
373.1217
373.249
373.264
373.2769
373.3975
373.5139
373.5642
373.604
373.8057
373.8094
373.8357
373.849
373.8603
373.8888
373.9039
373.9076
373.9137
373.9466
373.9734
374.1793
374.1888
374.1999
374.22
374.3645
374.4941
374.5098
374.5438
374.639
374.6895
374.8861
374.8881
374.8915
374.9401
374.985
375.0913
375.525
375.5776
375.603
375.605
375.914
375.9181
375.9235
376.2173
376.2231
376.4036
376.4385
376.4884
376.5107
376.5135
376.5172
376.53
376.5401
376.5479
376.5502
376.6372
376.8007
376.9582
376.9986
377.1975
377.2363
377.3292
377.399
377.6535
377.7379
378.0958
378.3796
378.486
378.5086
378.5273
378.535
378.5457
378.5482
378.5674
378.5758
378.6036
378.6197
378.6459
378.647
378.651
378.6836
378.7365
378.7535
378.8058
378.8543
378.8596
378.8804
378.9045
378.9221
378.949
378.964
378.9663
379.0409
379.044
379.0522
379.0784
379.1012
379.1394
379.1644
379.2544
379.2672
379.2799
379.3173
379.3959
379.5099
379.5849
379.7809
379.7852
379.8265
379.8386
379.8451
379.8501
379.8973
379.9936
380.0019
380.0211
380.0824
380.1374
380.2397
380.2962
380.5143
380.6666
380.7094
380.7168
380.8138
380.9891
381.0989
381.3351
381.5621
381.7867
382.1617
382.4396
382.4577
382.4853
382.4936
382.5376
382.5482
382.5523
382.5619
382.5727
382.5838
382.6397
382.6696
382.6879
382.9155
382.9567
382.9999
383.1127
383.1984
383.2285
383.279
383.3186
383.3264
383.439
383.5929
383.7727
383.8215
383.8496
383.8832
383.908
383.9285
383.946
384.4554
384.4589
384.4618
384.4661
384.4721
384.4829
384.487
384.4953
384.4999
384.5073
384.513
384.5488
384.5529
384.5999
384.6182
384.6238
384.6755
384.6948
384.7373
384.7481
384.7688
384.8426
384.8821
384.8834
384.8892
384.9171
384.922
384.9399
384.9432
384.9859
385.0183
385.0306
385.0839
385.1029
385.131
385.1471
385.1677
385.2316
385.2619
385.3654
385.3771
385.6615
385.7331
385.7378
385.753
385.8021
385.8833
385.8946
385.9552
386.0317
386.0555
386.1057
386.1212
386.4181
386.4249
386.4652
386.6009
386.6406
386.7128
386.719
386.7206
386.7247
386.7356
386.7425
386.7468
386.9622
386.9876
387.3544
387.411
387.4701
387.5175
387.548
387.6335
387.6609
387.9251
387.9739
388.3283
388.4221
388.4286
388.4463
388.4499
388.4539
388.4616
388.4671
388.4897
388.5157
388.5197
388.5821
388.5835
388.5999
388.853
388.8601
388.951
389.0267
389.0292
389.0311
389.0778
389.1072
389.2324
389.268
389.3904
389.5691
389.9983
390.0254
390.0788
390.3419
390.3577
390.4026
390.4039
390.4091
390.4136
390.4168
390.4256
390.4337
390.4351
390.447
390.4567
390.4608
390.4749
390.5007
390.5107
390.5164
390.5469
390.5515
390.553
390.5912
390.5995
390.6108
390.6138
390.6585
390.665
390.6704
390.6736
390.7074
390.7595
390.7969
390.8016
390.8882
390.9496
390.9784
391.0011
391.0053
391.0424
391.0684
391.1128
391.1214
391.1531
391.2364
391.284
391.3312
391.3395
391.3701
391.3915
391.4632
391.5869
391.6706
391.6935
391.7107
391.7362
391.7596
391.7676
391.8021
391.8093
391.9471
391.9486
392.1297
392.1383
392.158
392.1632
392.1684
392.1778
392.1846
392.2527
392.3746
392.3781
392.6501
392.7698
392.7822
392.7916
392.9427
392.9911
393.0035
393.0302
393.0384
393.078
393.1491
393.18
393.1886
393.2277
393.4976
393.5002
393.7264
393.8952
393.9151
394.0088
394.037
394.0559
394.2079
394.3377
394.3837
394.385
394.3874
394.3904
394.3946
394.4057
394.4077
394.4101
394.4816
394.4959
394.5056
394.5315
394.6085
394.6124
394.6505
395.0106
395.0297
395.0986
395.1176
395.1681
395.2371
395.4676
395.5079
395.9341
396.0931
396.1714
396.3521
396.3617
396.3633
396.3725
396.3788
396.3912
396.3947
396.4012
396.4058
396.4544
396.4634
396.4699
396.4801
396.4853
396.4874
396.5295
396.5335
396.5407
396.5455
396.5594
396.5753
396.6113
396.6414
396.6525
396.6969
396.7626
396.7708
396.7796
396.8264
396.8279
396.8359
396.8485
396.8614
396.9043
396.9177
396.9771
397.0464
397.0779
397.0936
397.1171
397.1374
397.2003
397.2277
397.2938
397.3727
397.5662
397.637
397.6382
397.6517
397.6578
397.6632
397.6759
397.6957
397.7605
397.765
397.8629
397.8764
397.8878
397.9458
397.959
397.9642
397.9902
398.0272
398.0561
398.1344
398.2793
398.4018
398.4189
398.4973
398.5022
398.6785
398.8499
399.1097
399.1414
399.1583
399.1913
399.2271
399.2687
399.2721
399.2771
399.2859
399.7226
399.9307
400.1414
400.2629
400.3244
400.3289
400.3464
400.3531
400.3611
400.366
400.3722
400.3946
400.4253
400.4418
400.4601
400.4713
400.5577
400.7251
400.7402
400.9197
401.018
401.2483
401.3778
401.4027
402.0219
402.1895
402.3105
402.3236
402.3326
402.3366
402.3381
402.3394
402.3428
402.3465
402.3654
402.3699
402.3762
402.3793
402.3841
402.3911
402.4067
402.4085
402.435
402.4373
402.4636
402.4779
402.4806
402.5232
402.5363
402.5656
402.5695
402.5823
402.6123
402.637
402.7489
402.8068
402.8474
402.8901
402.9043
403.0489
403.089
403.1933
403.244
403.2706
403.3318
403.4578
403.5807
403.5845
403.5865
403.6302
403.641
403.6512
403.6793
403.7173
403.7727
404.1118
404.1726
404.1826
404.1994
404.2015
404.2074
404.2132
404.2569
404.5543
404.5612
404.6832
404.8213
404.8957
405.2364
405.254
405.3066
405.3508
405.418
405.5641
405.5936
405.8762
405.9768
406.0017
406.0086
406.2751
406.2885
406.2966
406.3109
406.3178
406.3189
406.3316
406.3432
406.3495
406.3976
406.4931
406.5314
406.5692
406.6481
406.7603
406.9627
407.017
407.0531
407.0602
407.0778
407.0916
407.1066
407.1488
407.2418
407.2817
407.4328
407.4707
407.6582
407.6992
407.7108
407.7152
407.719
407.7279
407.7406
407.7568
407.985
408.2562
408.27
408.2747
408.2765
408.2791
408.2861
408.2875
408.2894
408.2908
408.3024
408.3035
408.3269
408.3513
408.3537
408.3613
408.3691
408.3701
408.386
408.4009
408.4273
408.4335
408.4637
408.5551
408.569
408.5776
408.6112
408.6369
408.6723
408.674
408.6753
408.6818
408.7022
408.7414
408.7817
408.9036
408.9261
408.9997
409.0591
409.1909
409.232
409.2669
409.3186
409.3423
409.3926
409.5258
409.5387
409.5703
409.578
409.5921
409.6109
409.7751
409.7878
409.9003
410.0681
410.2332
410.2998
410.3625
410.479
410.5021
410.513
410.5841
410.6005
410.6072
410.6114
410.6156
410.6418
410.8762
410.9781
411.1426
411.1795
411.39
411.3947
411.4919
411.5657
411.8918
411.9116
412.0744
412.1462
412.2458
412.2726
412.2802
412.2857
412.2902
412.3007
412.3413
412.3667
412.3973
412.4249
412.4319
412.4411
412.5646
412.6484
412.719
412.7579
412.9318
412.9537
412.9963
413.052
413.1524
413.1715
413.3188
413.328
413.3711
413.47
413.6202
413.7047
413.7889
413.9146
413.9775
414.21
414.216
414.2276
414.2405
414.2574
414.2677
414.2705
414.2741
414.2781
414.2934
414.2977
414.3086
414.3128
414.3169
414.3486
414.3718
414.3828
414.4105
414.4121
414.4133
414.4465
414.4728
414.4762
414.4889
414.5118
414.529
414.5537
414.5854
414.6188
414.6892
414.7
414.7207
414.7662
414.7785
414.7928
414.8115
414.8241
414.8497
414.8633
414.8971
414.9211
414.9682
414.9793
415.0051
415.0645
415.1542
415.1626
415.2273
415.2504
415.458
415.5965
415.6007
415.6091
415.7013
415.7683
415.7719
415.846
415.8622
415.8686
415.8741
415.8956
416.1703
416.8126
416.8393
416.8464
416.8538
416.879
416.9108
416.9365
417.022
417.0402
417.1267
417.1858
417.2725
417.4811
417.6693
418.0991
418.1241
418.2148
418.2197
418.2369
418.2546
418.2609
418.2703
418.2725
418.3913
418.446
418.4536
418.5465
418.5593
418.6891
418.732
418.766
418.801
418.9792
419.0169
419.0214
419.023
419.0315
419.0786
419.1321
419.3112
419.3175
