0.1661
0.4216
0.5525
0.6999
1.4077
1.8822
2.4517
2.5103
2.78
2.8086
3.0454
3.2519
3.4774
3.7687
4.2037
4.2299
4.4419
4.5662
5.0003
5.1458
5.3864
5.4164
5.4252
5.6493
5.7137
6.013
6.0271
6.2708
6.5757
6.7376
7.0664
7.8511
7.9022
8.1859
8.3249
8.5716
8.5838
8.5931
8.603199999999999
8.6677
8.881500000000001
8.94
9.193899999999999
9.368499999999999
9.5915
9.613099999999999
9.936400000000001
10.1834
10.3542
10.3721
10.445
10.6593
10.8439
10.8547
11.0981
11.1223
11.2882
11.342
11.7332
11.7445
11.7563
11.7711
12.1793
12.2082
12.292
12.8276
13.0732
13.0781
13.0808
13.0866
13.0941
13.1005
13.1058
13.1103
13.119
13.1245
13.1322
13.1407
13.1498
13.1691
13.1764
13.1878
13.2266
13.2707
13.7621
14.7237
15.0499
15.0574
15.0634
15.0693
15.074
15.0786
15.0856
15.0904
15.1039
15.1139
15.1176
15.1281
15.1331
15.146
15.1499
15.1642
15.1742
15.1845
15.1985
15.2207
15.2309
15.2414
15.2521
15.2679
15.2749
15.2968
15.3052
15.3227
15.3404
15.3724
15.3884
15.4154
15.4296
15.4667
15.5867
15.7321
15.7766
15.8961
16.369
16.3736
16.3758
16.3851
16.3987
16.6021
16.662
16.8371
16.8526
16.8935
17.2709
17.291
17.3027
17.34
17.8192
17.839
17.9322
18.3945
18.5199
18.5639
18.6758
18.6907
19.0438
19.0506
19.0584
19.0641
19.0691
19.0718
19.0773
19.0816
19.0909
19.0968
19.1103
19.1217
19.1358
19.153
19.1684
19.1971
19.2297
19.3093
19.8288
20.1632
20.4118
20.8427
21.0072
21.0161
21.0211
21.024
21.0302
21.0364
21.0488
21.055
21.0629
21.0716
21.0873
21.0967
21.1065
21.1207
21.1302
21.1417
21.1603
21.1651
21.1793
21.1813
21.1926
21.2041
21.2345
21.2486
21.2672
21.2798
21.306
21.3232
21.3357
21.3617
21.3829
21.4153
21.4746
21.5332
21.6082
21.6763
21.8819
21.9713
22.3896
22.4039
22.4459
22.4727
22.4782
22.4905
22.5251
22.5324
22.9335
22.9599
23.3423
23.3867
23.6493
23.9907
24.0101
24.9911
24.9981
25.0053
25.0126
25.0192
25.0262
25.0317
25.0377
25.0475
25.0543
25.0637
25.073
25.0888
25.1206
25.1434
25.1606
25.1712
25.2945
25.4623
26.5019
26.6913
26.9518
26.9595
26.965
26.9683
26.9806
26.9861
26.9962
26.9996
27.0069
27.0119
27.0234
27.028
27.0398
27.0463
27.0599
27.0734
27.0791
27.0913
27.0962
27.1134
27.1328
27.1503
27.1565
27.1723
27.1809
27.1992
27.2269
27.2495
27.2579
27.2882
27.3354
27.3659
27.4041
27.4684
27.5184
27.5822
27.6926
27.8154
27.9753
28.1687
28.2923
28.3047
28.3111
28.4066
28.4515
28.7379
28.8616
29.2587
29.4765
29.599
29.7185
29.9046
29.9579
30.0503
30.2974
30.7134
30.9446
30.9493
30.9542
30.9611
30.966
30.9718
30.9785
30.9831
30.9948
31.0086
31.0177
31.0287
31.044
31.0579
31.0738
31.0886
31.1036
31.1396
31.221
31.8981
31.979
32.1405
32.3258
32.6753
32.9318
32.9389
32.9421
32.9476
32.9528
32.9574
32.9633
32.9745
32.9769
32.99
32.9938
33.0061
33.0101
33.0239
33.0295
33.0428
33.06
33.0671
33.0808
33.1021
33.1197
33.1456
33.1591
33.1806
33.1924
33.2032
33.2279
33.2479
33.2705
33.3109
33.3394
33.376
33.4568
33.5429
33.7851
33.9387
34.0531
34.2812
34.3193
34.3271
34.3314
34.3482
34.3544
34.3696
34.3769
34.3843
34.4088
34.769
34.9849
34.9989
35.1733
35.2743
35.4601
35.4714
35.4827
35.5084
35.6978
35.7552
36.0053
36.1253
36.7342
36.8979
36.902
36.9041
36.9082
36.9178
36.9293
36.936
36.945
36.9563
36.9668
36.975
36.9893
37.0056
37.0256
37.0477
37.094
37.1416
37.231
37.3638
37.6079
37.9636
38.7391
38.7649
38.8437
38.8525
38.8718
38.8771
38.8974
38.9072
38.9178
38.9226
38.9333
38.9366
38.9488
38.9513
38.9648
38.9684
38.9817
38.9983
39.0035
39.0187
39.0379
39.0591
39.0761
39.0823
39.0935
39.1077
39.1266
39.1421
39.1646
39.206
39.2183
39.2874
39.3123
39.3692
39.4528
39.5697
39.643
39.7094
39.8989
40.3068
40.3318
40.3385
40.3435
40.3495
40.3557
40.3592
40.3815
40.3902
40.4053
40.4197
40.4403
40.6142
40.7387
40.7631
40.833
40.8913
40.9758
41.0624
41.0732
41.1008
41.1152
41.5456
41.6205
41.6602
41.6959
41.7644
41.8038
41.8252
41.9574
42.8513
42.8582
42.8616
42.8662
42.8879
42.8995
42.9061
42.9107
42.9184
42.9284
42.9362
42.9488
42.9591
42.967
42.9896
43.0077
43.0688
43.0892
43.6565
43.7811
44.1741
44.4466
44.5412
44.6632
44.8344
44.8419
44.8558
44.8608
44.868
44.8726
44.8772
44.8841
44.8902
44.8992
44.9146
44.9196
44.9321
44.9486
44.966
44.9855
45.0037
45.0157
45.027
45.0426
45.0686
45.0846
45.1132
45.1246
45.1444
45.2137
45.272
45.3031
45.3854
45.4547
45.5301
45.5735
45.7581
45.856
45.9312
46.0183
46.1995
46.2265
46.27
46.2838
46.3071
46.3146
46.3296
46.3934
46.5648
46.5971
46.9181
47.0398
47.3932
47.4983
47.5166
47.524
47.528
47.5489
47.5631
47.5724
47.5913
47.6118
47.6279
47.9152
48.049
48.4449
48.7157
48.8181
48.8207
48.827
48.836
48.8439
48.8515
48.8609
48.8683
48.8805
48.8901
48.9019
48.9124
48.9339
48.9432
48.9677
49.1311
49.4588
49.6227
49.9209
49.945
50.1783
50.2306
50.2468
50.4805
50.5044
50.6135
50.7891
50.7953
50.8043
50.817
50.823
50.828
50.8391
50.8451
50.8569
50.8646
50.875
50.8914
50.8959
50.9105
50.9326
50.947
50.9648
50.9724
50.9921
51.0309
51.0583
51.0694
51.106
51.1484
51.1716
51.2222
51.2655
51.3831
51.4951
51.5944
51.7553
51.8855
51.9322
51.9638
52.2037
52.205
52.2169
52.2306
52.2505
52.2579
52.2863
52.3163
52.3191
52.3809
52.5299
52.6059
52.7145
52.8064
52.8299
52.9692
53.112
53.1375
53.179
53.1983
53.2846
53.3118
53.3263
53.3382
53.3574
53.38
53.3897
53.4802
53.5539
53.5897
54.7636
54.7733
54.7801
54.788
54.7976
54.8037
54.8103
54.8195
54.827
54.8314
54.8397
54.8498
54.8693
54.8836
54.9052
54.9308
54.9443
54.9569
55.0321
55.0819
55.347
55.4953
55.6649
55.9998
56.0537
56.1483
56.421
56.5225
56.5754
56.6538
56.7495
56.7552
56.76
56.7695
56.776
56.7852
56.7899
56.7988
56.8061
56.8142
56.8269
56.8432
56.8496
56.8632
56.891
56.9012
56.9204
56.9384
56.9584
56.9753
56.9982
57.0269
57.0642
57.1378
57.1598
57.1818
57.226
57.2908
57.3898
57.4911
57.8625
57.9515
57.9879
58.0022
58.1492
58.1644
58.227
58.2704
58.4171
58.4831
58.5459
58.6043
58.7353
58.8748
59.0746
59.1878
59.2538
59.2691
59.2763
59.2858
59.2994
59.3263
59.3628
59.4035
59.4311
59.4464
59.4871
59.501
59.5383
59.8801
60.7416
60.7502
60.7552
60.7611
60.7632
60.7678
60.7722
60.7803
60.7836
60.7899
60.7955
60.8024
60.8179
60.8273
60.8403
60.8698
60.9042
60.9174
61.2832
61.6348
62.0014
62.2053
62.3187
62.3898
62.5563
62.5804
62.5977
62.6159
62.7101
62.72
62.7274
62.7392
62.7447
62.749
62.7568
62.7619
62.7723
62.7888
62.8071
62.8256
62.831
62.8429
62.8563
62.8816
62.8893
62.903
62.9204
62.9369
62.955
62.9876
63.0529
63.1242
63.1654
63.2603
63.3824
63.6591
63.7634
63.8684
63.8847
63.9985
64.06699999999999
64.127
64.1645
64.17270000000001
64.1748
64.1808
64.2419
64.4109
64.5951
64.6639
64.8373
64.96899999999999
64.98009999999999
65.0444
65.07389999999999
65.0971
65.1223
65.1317
65.1631
65.1803
65.25109999999999
65.2684
65.3133
65.8317
65.8661
66.2897
66.5453
66.6981
66.709
66.714
66.7161
66.7226
66.7276
66.7336
66.7392
66.7435
66.7647
66.78060000000001
66.7932
66.80589999999999
66.8146
66.83199999999999
66.9054
66.946
67.07129999999999
67.2526
67.2953
67.5401
67.887
68.1288
68.3167
68.3565
68.6082
68.6591
68.6669
68.6711
68.6743
68.6859
68.6957
68.7043
68.71250000000001
68.7196
68.7317
68.745
68.7619
68.7803
68.7967
68.8017
68.8184
68.8352
68.8426
68.8583
68.86060000000001
68.87730000000001
68.89700000000001
68.9149
68.9388
68.9623
68.9922
69.03319999999999
69.0635
69.08459999999999
69.233
69.48390000000001
69.72880000000001
69.8507
70.02070000000001
70.0284
70.0352
70.0399
70.0445
70.0551
70.0672
70.5813
70.9508
71.0538
71.0806
71.09529999999999
71.105
71.2046
71.2718
71.2886
71.3689
71.3869
71.4423
71.4845
71.494
71.5147
71.5497
71.5729
71.59480000000001
72.64870000000001
72.65519999999999
72.6597
72.66930000000001
72.6728
72.67919999999999
72.6893
72.6936
72.6995
72.7071
72.7141
72.73090000000001
72.7426
72.7692
72.7796
72.7998
72.8142
72.9693
73.2122
73.3138
73.584
73.7484
74.2068
74.2282
74.431
74.5578
74.60420000000001
74.6258
74.631
74.6468
74.65560000000001
74.6677
74.6705
74.67829999999999
74.6828
74.69370000000001
74.7084
74.7269
74.73779999999999
74.74850000000001
74.7647
74.7876
74.815
74.8338
74.8505
74.8616
74.88630000000001
74.9171
74.9409
74.97790000000001
75.02719999999999
75.04649999999999
75.0912
75.1491
75.2282
75.3017
75.38800000000001
75.5305
75.7838
75.9755
75.98439999999999
76.0814
76.13849999999999
76.1664
76.3908
76.4115
76.88
77.1587
77.37139999999999
77.42749999999999
77.4367
77.4513
77.4597
77.46769999999999
77.5142
77.5309
77.5425
77.5724
77.7191
78.4263
78.5989
78.6069
78.61199999999999
78.62139999999999
78.6311
78.63590000000001
78.64400000000001
78.6507
78.65779999999999
78.66240000000001
78.67440000000001
78.6846
78.69970000000001
78.70829999999999
78.733
78.75709999999999
78.7739
78.9061
79.1315
79.14870000000001
79.5158
79.5714
79.652
79.6724
79.9427
79.9727
80.0429
80.5224
80.5735
80.5819
80.5883
80.5985
80.6074
80.6152
80.62520000000001
80.6311
80.6386
80.646
80.6558
80.6609
80.6729
80.6918
80.7081
80.7261
80.7332
80.744
80.749
80.7647
80.7864
80.79810000000001
80.80800000000001
80.82380000000001
80.83110000000001
80.8528
80.8699
80.91379999999999
80.93389999999999
80.9794
81.00109999999999
81.0621
81.1082
81.1699
81.4233
81.51600000000001
81.60120000000001
81.6396
81.6542
81.7105
81.7283
81.76600000000001
81.8793
81.9727
82.0581
82.07470000000001
82.22839999999999
82.2376
82.24509999999999
82.256
82.2688
82.4684
82.5009
82.6739
82.9235
83.2572
83.3498
83.38290000000001
83.4161
83.43519999999999
83.4576
83.51600000000001
83.5227
83.53270000000001
83.69029999999999
83.8015
84.152
84.1759
84.56489999999999
84.5692
84.5753
84.5868
84.59010000000001
84.59699999999999
84.60120000000001
84.6082
84.61620000000001
84.6221
84.6324
84.6407
84.6542
84.6735
84.6832
84.7042
84.7295
84.8608
84.90430000000001
85.19119999999999
85.63930000000001
85.8436
86.004
86.1644
86.3335
86.5133
86.5252
86.53149999999999
86.5394
86.5449
86.5549
86.5659
86.5737
86.57940000000001
86.5874
86.60420000000001
86.6082
86.6219
86.62569999999999
86.6558
86.6737
86.678
86.6936
86.71169999999999
86.7186
86.7347
86.75409999999999
86.76600000000001
86.7761
86.80370000000001
86.8223
86.8433
86.8634
86.8848
86.9058
86.9474
87.02630000000001
87.0874
87.1807
87.25020000000001
87.29689999999999
87.38509999999999
87.46120000000001
87.58110000000001
87.7199
87.9374
87.9414
87.94580000000001
87.9542
87.95910000000001
87.96720000000001
87.99460000000001
88.0676
88.1562
88.2304
88.35590000000001
88.37860000000001
88.5848
88.74250000000001
88.8524
88.9697
89.3048
89.32040000000001
89.3946
89.47069999999999
89.4881
89.62730000000001
90.5261
90.53440000000001
90.5399
90.5479
90.5504
90.5556
90.56059999999999
90.56740000000001
90.572
90.5857
90.592
90.61279999999999
90.6228
90.6511
90.6721
90.6858
90.72920000000001
90.9105
91.28449999999999
91.5724
91.7308
91.77
92.06570000000001
92.16589999999999
92.2637
92.3027
92.4961
92.5003
92.5065
92.51779999999999
92.5244
92.5283
92.53489999999999
92.54000000000001
92.54259999999999
92.56310000000001
92.5692
92.5813
92.5972
92.63209999999999
92.6429
92.6541
92.6942
92.72539999999999
92.73520000000001
92.7535
92.771
92.7983
92.8158
92.82899999999999
92.86409999999999
92.9161
92.95659999999999
93.00190000000001
93.0568
93.1045
93.1806
93.24160000000001
93.33620000000001
93.96420000000001
93.9768
93.9842
93.9924
94.0193
94.3588
94.6395
94.69499999999999
94.9474
95.2038
95.23399999999999
95.2512
95.2872
95.3026
95.3169
95.3246
95.3839
95.404
95.4284
95.50149999999999
95.6349
95.6773
95.8802
96.07599999999999
96.2741
96.48
96.4834
96.49169999999999
96.4974
96.5031
96.5106
96.5151
96.5218
96.5291
96.541
96.5493
96.5562
96.57680000000001
96.5941
96.6151
96.62820000000001
96.6451
96.68049999999999
96.6885
96.7723
97.1061
97.4691
97.547
97.7189
98.0705
98.086
98.1343
98.38809999999999
98.4541
98.4678
98.4755
98.47929999999999
98.48650000000001
98.4933
98.4987
98.50490000000001
98.5121
98.521
98.5286
98.5391
98.5457
98.5573
98.5767
98.5915
98.5947
98.61450000000001
98.6322
98.6421
98.6557
98.6708
98.6948
98.7127
98.7745
98.79510000000001
98.8138
98.8672
98.88
98.9855
99.00279999999999
99.04730000000001
99.29859999999999
99.37439999999999
99.4812
99.4914
99.6297
99.66679999999999
99.70189999999999
99.8194
99.8329
99.8428
99.8687
99.9034
99.93000000000001
99.9615
100.1265
100.3027
100.7098
100.867
101.0718
101.1013
101.2462
101.2662
101.3038
101.3284
101.3888
101.5379
101.6921
101.8891
101.9101
102.0025
102.3189
102.4362
102.4427
102.4443
102.4522
102.4603
102.4658
102.4714
102.477
102.4833
102.4903
102.4982
102.508
102.518
102.5338
102.5448
102.5711
102.5977
102.6079
102.7022
102.8038
103.0078
103.0425
103.1571
103.2084
103.4267
103.5148
103.9038
103.9971
104.4127
104.4178
104.4267
104.4321
104.439
104.4419
104.4445
104.4528
104.4565
104.4647
104.4698
104.4766
104.481
104.4882
104.4974
104.5168
104.5309
104.5485
104.5733
104.5884
104.604
104.6248
104.6318
104.6518
104.6672
104.7281
104.7459
104.7779
104.86
104.8898
104.9433
104.9746
104.9985
105.1274
105.2034
105.2381
105.5594
105.8072
105.8468
105.9362
106.0245
106.0399
106.1432
106.2338
106.6113
106.8765
106.9424
107.1026
107.2477
107.2829
107.3209
107.3316
107.6073
107.6806
108.1358
108.3878
108.3958
108.402
108.4103
108.4199
108.4274
108.4317
108.4407
108.4514
108.4624
108.4718
108.4896
108.4968
108.5056
108.5117
108.539
108.5647
108.5813
108.5964
108.64
108.7724
108.8303
108.9863
109.211
109.2582
109.5434
109.8793
110.2351
110.2518
110.3827
110.3885
110.3928
110.3966
110.4053
110.4079
110.4144
110.4219
110.4291
110.4361
110.4405
110.4509
110.467
110.4844
110.5041
110.5293
110.5467
110.5605
110.5689
110.6101
110.6267
110.6839
110.7112
110.7477
110.7707
110.8181
110.8714
110.881
110.9143
110.9841
111.0821
111.1386
111.1808
111.2834
111.4307
111.5686
111.8868
111.9211
111.9307
112.1198
112.4809
112.6215
112.8022
112.8646
113.1357
113.3724
113.4267
113.5278
113.7939
113.9759
114.356
114.363
114.3704
114.3757
114.3811
114.3841
114.3889
114.395
114.4014
114.4077
114.4168
114.4311
114.4648
114.4972
114.5852
114.6328
114.69
114.7077
114.7316
114.8112
114.866
114.934
114.9612
115.0766
115.4825
115.5572
115.7214
116.3269
116.3331
116.3409
116.3468
116.349
116.3558
116.3595
116.3654
116.3719
116.3769
116.3852
116.3898
116.4005
116.4174
116.4226
116.435
116.4516
116.4556
116.4707
116.4883
116.4996
116.5114
116.5311
116.5609
116.5721
116.5926
116.6076
116.6325
116.7071
116.7229
116.7384
116.7566
116.7807
116.8617
116.8754
116.9223
116.963
117.1752
117.3527
117.4028
117.4647
117.6152
117.697
117.779
117.7896
117.8435
117.8523
117.9564
118.0844
118.2263
118.3077
118.3995
118.5807
118.72
118.9982
119.0329
119.0792
119.5384
119.893
119.953
120.0583
120.3087
120.3171
120.3238
120.3281
120.3366
120.3437
120.3472
120.3566
120.3646
120.37
120.3777
120.389
120.4007
120.4092
120.4289
120.4619
120.6898
120.733
120.847
120.8561
120.8725
120.8872
120.8988
120.9045
120.9136
121.1583
121.2187
121.2554
121.5072
121.5475
121.6882
122.1096
122.125
122.1455
122.1851
122.2192
122.2467
122.2673
122.2778
122.2879
122.3066
122.3124
122.3199
122.3261
122.333
122.3401
122.3478
122.3549
122.3662
122.3831
122.3897
122.4175
122.4428
122.4954
122.5097
122.5365
122.5862
122.61
122.6394
122.6633
122.7347
122.7623
122.8155
122.9352
123.0044
123.083
123.1778
123.3027
123.3143
123.3834
123.4129
123.5475
123.5675
123.6469
123.6692
123.6839
123.6858
123.7157
123.7577
123.8054
123.81
124.0651
124.1696
124.2242
124.3426
124.3515
124.3685
124.6311
124.8354
125.2894
125.5542
125.5693
125.7946
126.263
126.2674
126.2704
126.273
126.281
126.2927
126.3028
126.3101
126.3152
126.3343
126.3415
126.3557
126.3719
126.3954
126.4405
126.8539
126.8921
126.908
126.9598
126.9724
126.9912
127.0105
127.0391
127.0559
127.0691
127.2491
127.4902
127.5584
127.5792
127.7408
127.897
127.9681
127.9835
127.9921
128.1361
128.2361
128.244
128.2529
128.265
128.271
128.2756
128.2863
128.2931
128.2989
128.3043
128.3141
128.3279
128.3319
128.3453
128.3613
128.3655
128.3856
128.4006
128.4199
128.4341
128.4352
128.4586
128.4908
128.5101
128.5311
128.546
128.5797
128.636
128.6633
128.7111
128.769
128.8224
128.9352
129.1725
129.4189
129.5644
129.6132
129.687
129.6937
129.7012
129.703
129.7217
129.8813
129.963
129.9837
130.3342
130.4873
130.666
130.6972
130.729
131.0633
131.144
131.2248
131.2831
131.3382
131.3999
131.4381
131.7373
132.0157
132.2189
132.2259
132.2276
132.2309
132.2345
132.2391
132.247
132.2515
132.2627
132.2707
132.2836
132.3085
132.3279
132.3356
132.3463
132.3581
132.3737
132.4463
132.5488
132.6479
132.6578
132.8001
133.1782
133.1987
133.2975
133.3088
133.3226
133.3427
133.3583
133.3718
133.3794
133.3967
133.4613
133.949
133.972
134.0025
134.153
134.1892
134.1965
134.2021
134.2174
134.2262
134.2323
134.2368
134.2446
134.2474
134.2573
134.261
134.2757
134.2881
134.2926
134.3109
134.3242
134.3602
134.3889
134.4064
134.4309
134.4501
134.4649
134.493
134.5222
134.5644
134.5939
134.6316
134.7073
134.8995
135.0468
135.355
135.7129
135.7593
135.8378
136.3153
136.4708
136.5418
136.7793
137.0894
137.2653
137.2857
137.6111
138.1066
138.1781
138.1841
138.1863
138.1922
138.2003
138.2096
138.2201
138.2274
138.2363
138.2425
138.2506
138.2567
138.2646
138.2749
138.2995
138.3202
139.5915
139.6124
139.6178
139.6597
140.0366
140.0548
140.1582
140.1608
140.1712
140.1793
140.1839
140.1875
140.1916
140.1956
140.203
140.207
140.2193
140.2283
140.2607
140.2784
140.2948
140.3011
140.3149
140.3207
140.3344
140.3399
140.357
140.3692
140.3921
140.4141
140.4326
140.4507
140.4819
140.5113
140.5342
140.5577
140.6036
140.6779
140.718
140.8138
140.8818
140.9329
141.0946
141.1689
141.3612
141.5138
141.5887
141.6016
141.6148
141.7302
141.7532
141.8331
142.2123
142.2373
142.41
142.6679
142.7709
143.1046
143.1339
143.2763
143.5207
144.0285
144.1339
144.1399
144.1417
144.1463
144.1582
144.1663
144.1716
144.182
144.1905
144.2012
144.2083
144.2214
144.2393
144.2501
144.2674
144.2974
144.3259
144.6599
144.8988
145.2824
145.2997
145.3546
145.5327
145.7774
145.8223
145.9386
146.0503
146.1136
146.1179
146.1232
146.1311
146.1333
146.1388
146.1442
146.149
146.1531
146.1573
146.1646
146.1753
146.1789
146.189
146.2051
146.2098
146.26
146.277
146.2885
146.3013
146.3082
146.3303
146.3424
146.3629
146.3743
146.392
146.3991
146.4243
146.4509
146.4667
146.5081
146.534
146.5975
146.6251
146.6779
146.7995
146.8665
146.8903
146.967
147.066
147.1554
147.1697
147.472
147.4788
147.4847
147.4869
147.5939
147.6163
147.6381
147.7513
148.0885
148.7405
148.8643
148.8751
148.9492
149.225
149.5684
150.0925
150.099
150.1052
150.1115
150.1212
150.1281
150.1335
150.1418
150.1488
150.1636
150.173
150.1798
150.2013
150.2201
150.2602
150.279
150.6163
150.79
151.4338
151.5773
151.6142
151.7976
151.8064
151.873
152.0489
152.0665
152.0688
152.0747
152.0806
152.0912
152.0993
152.1025
152.1107
152.1146
152.1223
152.1267
152.1342
152.1403
152.1498
152.1537
152.1653
152.1812
152.1888
152.2002
152.2103
152.2389
152.2638
152.2833
152.3063
152.3322
152.3807
152.4246
152.4501
152.4769
152.5192
152.5321
152.5683
152.5867
152.6283
152.6535
152.7433
152.7853
152.926
153.0208
153.1119
153.1353
153.1658
153.2153
153.2353
153.4038
153.4245
153.4798
153.5007
153.5283
153.5379
153.5444
153.5536
153.563
153.5761
153.5824
153.6742
153.9334
154.0711
154.1378
154.1843
154.2469
154.3165
154.3767
154.9395
154.9648
155.186
155.3461
155.7942
155.8142
156.0448
156.0539
156.0594
156.0626
156.0649
156.0711
156.082
156.0892
156.0959
156.1167
156.138
156.1482
156.1706
156.1888
156.2112
156.2741
156.5067
156.7522
157.3507
157.4017
157.6407
157.7946
157.8143
157.979
158.0268
158.0343
158.0423
158.0527
158.056
158.0631
158.0666
158.0729
158.0762
158.0813
158.0903
158.0993
158.1058
158.1113
158.1182
158.1355
158.1537
158.1577
158.172
158.1891
158.1957
158.2128
158.25
158.252
158.2659
158.2784
158.3128
158.3261
158.3366
158.3699
158.3865
158.4034
158.4302
158.4938
158.5189
158.5704
158.5991
158.6282
158.7387
158.8466
158.929
158.9769
158.9969
159.157
159.2103
159.248
159.4053
159.4206
159.458
159.4759
159.489
159.5171
159.5692
159.5883
159.6095
159.7793
159.7858
160.0932
160.127
160.1608
160.3465
160.6146
160.7348
160.7503
160.7599
160.7749
160.9073
160.9546
161.0124
161.6021
161.627
162.0048
162.0173
162.0231
162.0314
162.0359
162.0411
162.0466
162.0547
162.0659
162.073
162.0874
162.0946
162.1044
162.1193
162.1262
162.1469
162.169
162.5986
162.8727
163.0916
163.3587
163.4074
163.4142
163.4419
163.7769
163.9836
163.9919
163.9941
163.9992
164.0072
164.0108
164.0151
164.0202
164.0231
164.0284
164.0342
164.0391
164.044
164.0507
164.0716
164.0817
164.096
164.1021
164.1132
164.1311
164.1379
164.145
164.1547
164.1629
164.1712
164.1851
164.1914
164.2113
164.2255
164.2385
164.2562
164.2673
164.2833
164.3394
164.355
164.3682
164.3851
164.4354
164.4607
164.4928
164.5468
164.5768
164.6655
164.7331
164.8501
165.2519
165.3648
165.4427
165.4669
165.4747
165.5036
165.5203
165.5394
166.0211
166.3629
166.4457
166.4845
166.6806
167.0692
167.8945
167.9719
167.9872
167.9913
167.9982
168.0003
168.0062
168.0123
168.0191
168.0246
168.0333
168.0461
168.061
168.0712
168.0844
168.0958
168.1058
168.1583
168.215
168.2578
168.2895
168.5193
169.1441
169.171
169.2945
169.463
169.777
169.9249
169.9299
169.9426
169.9453
169.9498
169.9563
169.9629
169.9763
169.9794
169.9842
169.9897
169.993
169.9993
170.0038
170.0154
170.0204
170.0311
170.0347
170.0488
170.064
170.0682
170.0816
170.0868
170.1012
170.1176
170.1753
170.1873
170.2034
170.2176
170.2749
170.2925
170.3167
170.3414
170.364
170.4067
170.4388
170.4547
170.4851
170.5542
170.5986
170.6513
170.7529
170.8168
170.8495
170.8886
170.9605
171.0942
171.3139
171.3318
171.3403
171.3426
171.355
171.3601
171.3711
171.3791
171.5271
171.7448
171.7702
171.8839
171.9301
172.1138
172.1258
172.3245
172.3533
172.3848
172.6544
172.7926
173.5449
173.9207
173.9318
173.941
173.9473
173.9543
173.9587
173.9647
173.9767
173.981
173.991
173.9994
174.0094
174.0237
174.034
174.0578
174.0756
174.112
174.1688
174.3746
174.3867
174.3983
174.4064
175.0507
175.8041
175.8391
175.8594
175.9029
175.9067
175.9091
175.9192
175.9254
175.9317
175.9358
175.9389
175.9462
175.9507
175.956
175.9618
175.9663
175.9872
176.0072
176.0349
176.045
176.0806
176.0922
176.1029
176.1201
176.1311
176.1493
176.162
176.1816
176.2005
176.2447
176.2756
176.3017
176.3241
176.3487
176.3733
176.4732
176.5184
176.5888
176.6516
176.7161
176.7983
176.917
176.9996
177.0135
177.162
177.2218
177.224
177.3282
177.384
177.7259
177.986
178.3114
178.3321
178.4896
178.7894
178.8157
178.8982
179.4145
179.4273
179.5191
179.6257
179.7493
179.879
179.8815
179.8858
179.8889
179.8951
179.9003
179.9085
179.9163
179.9255
179.935
179.9397
179.9478
179.9545
179.9717
180.0017
180.0191
180.0346
180.0597
180.1051
180.3726
180.4293
180.5658
180.5768
180.899
180.976
181.134
181.2715
181.2926
181.3339
181.6042
181.8454
181.8534
181.8605
181.8624
181.8674
181.875
181.8786
181.887
181.8931
181.8976
181.902
181.9089
181.916
181.9192
181.9287
181.9326
181.9362
181.9416
181.9462
181.9616
181.9671
181.9787
181.9837
182.0012
182.0145
182.0492
182.067
182.0758
182.1363
182.161
182.2039
182.2232
182.2723
182.2849
182.3321
182.4075
182.48
182.5835
182.6896
182.7875
182.8189
182.9647
183.0535
183.1121
183.2056
183.2076
183.2233
183.2314
183.2881
183.3008
183.3129
183.3742
183.5479
183.5724
183.6809
184.0652
184.0846
184.1996
184.2134
184.4787
184.55
184.8167
184.9554
184.9604
185.1207
185.139
185.3405
185.485
185.8326
185.8413
185.8434
185.85
185.8641
185.8682
185.8711
185.8776
185.8875
185.8953
185.9036
185.9097
185.9219
185.9302
185.9494
185.9749
186.009
186.0591
186.0761
186.3627
186.4855
186.5262
186.5583
186.7828
186.8123
186.8361
186.9111
187.2759
187.5462
187.5603
187.7318
187.8182
187.8259
187.8332
187.8381
187.8414
187.847
187.8507
187.8562
187.8617
187.8646
187.8747
187.8773
187.8877
187.8916
187.9047
187.9086
187.9213
187.9247
187.9368
187.9535
187.9585
187.9737
187.9816
187.994
188.0171
188.0469
188.073
188.0848
188.1015
188.1312
188.1515
188.1605
188.218
188.2336
188.289
188.3264
188.411
188.4599
188.5321
188.6033
188.7426
188.7653
188.8784
189.1497
189.1813
189.2174
189.2306
189.2432
189.2662
189.3134
189.639
189.851
189.8673
189.8795
189.8872
189.8934
190.1233
190.2738
190.6502
190.6868
190.8288
190.9292
191.0072
191.3774
191.5023
191.5444
191.7993
191.8137
191.8183
191.823
191.8279
191.8372
191.841
191.845
191.8497
191.8564
191.8664
191.8745
191.882
191.8913
191.9003
191.9173
192.0522
192.3323
192.6211
192.7399
192.813
192.8146
193.1754
193.2116
193.2201
193.2269
193.5323
193.5646
193.6999
193.7618
193.7707
193.7757
193.78
193.7896
193.7954
193.8001
193.8108
193.8132
193.8198
193.8232
193.8292
193.8369
193.8404
193.8496
193.8529
193.8664
193.8693
193.8981
193.9041
193.9161
193.921
193.9406
193.9551
193.9758
193.987
194.0277
194.045
194.0662
194.077
194.1123
194.1382
194.157
194.1905
194.2217
194.2821
194.4381
194.4826
194.5224
194.5583
194.5879
194.7025
195.133
195.1799
195.2015
195.2226
195.3071
195.3182
195.3456
195.358
195.8906
195.9155
195.9486
195.9658
196.0007
196.1114
196.1792
196.4357
196.4771
196.6652
196.6823
196.7687
196.8626
197.3291
197.7603
197.7631
197.7687
197.7729
197.7764
197.7817
197.7861
197.7918
197.7992
197.8046
197.8106
197.8188
197.8235
197.8335
197.8384
197.8524
197.8704
197.8781
197.8978
198.0056
198.2467
198.5315
198.7821
198.9202
199.0799
199.1022
199.3116
199.7129
199.7186
199.7263
199.7318
199.7387
199.7412
199.7437
199.748
199.752
199.7557
199.7633
199.7672
199.7762
199.7806
199.7926
199.7987
199.8104
199.8267
199.8306
199.8431
199.8482
199.861
199.8648
199.8818
199.8923
199.9042
199.9352
199.9459
199.9742
199.9888
200.059
200.1029
200.1545
200.1896
200.2191
200.2809
200.3056
200.5192
200.5967
200.6373
200.8548
200.9565
201.1985
201.2217
201.2338
201.2497
201.2627
201.2734
201.2955
201.478
201.4967
201.5508
201.6551
201.7645
201.7941
201.8948
201.9106
201.9164
201.9708
202.3542
202.367
202.3835
202.5515
202.6854
202.7048
202.8785
203.2708
203.3074
203.3657
203.7087
203.7225
203.733
203.7412
203.7475
203.7511
203.7545
203.7608
203.7735
203.7798
203.7925
203.7966
203.8099
203.8204
203.8319
203.8707
203.8927
203.9122
204.1289
204.1464
204.3339
204.7779
204.8611
204.8744
204.97
205.2473
205.2865
205.3055
205.4039
205.6916
205.7054
205.7113
205.7171
205.7219
205.7261
205.7284
205.7321
205.7397
205.7433
205.747
205.7547
205.7571
205.7675
205.7708
205.7845
205.7877
205.8026
205.8058
205.8196
205.8235
205.8436
205.8559
205.8783
205.8911
205.9025
205.921
205.9343
205.9534
205.9703
205.9862
206.0242
206.0477
206.083
206.1063
206.1319
206.1825
206.2362
206.262
206.3464
206.4159
206.4848
206.5239
206.5784
206.6161
206.8293
206.9421
207.0262
207.0375
207.0497
207.0732
207.0861
207.1005
207.1463
207.2485
207.3499
207.8641
208.1018
208.1321
208.1564
208.2975
208.4162
208.458
208.7664
208.8215
209.1122
209.5461
209.6729
209.6751
209.6789
209.6807
209.6901
209.6984
209.7057
209.7144
209.7269
209.7334
209.7379
209.7505
209.7573
209.7709
209.7824
209.7969
209.8061
209.8299
209.8724
209.9597
209.9821
210.2974
210.3276
210.6335
210.637
210.9009
210.9412
210.9923
211.0085
211.0219
211.2758
211.296
211.3144
211.4523
211.4904
211.5525
211.6584
211.6621
211.6674
211.6703
211.6745
211.6805
211.6831
211.6889
211.6915
211.6958
211.7041
211.7174
211.7213
211.7325
211.7346
211.7482
211.7666
211.7711
211.7843
211.7887
211.8014
211.8076
211.8237
211.8412
211.8473
211.8612
211.8694
211.8915
211.9102
211.9215
211.9581
211.9815
211.9971
212.0313
212.0434
212.0864
212.1123
212.156
212.1931
212.2517
212.3126
212.45
212.5572
212.5954
212.724
212.7552
212.8352
213.0356
213.0764
213.0889
213.0977
213.2737
213.3196
213.3273
213.622
213.69
213.9346
213.9475
213.9676
214.3709
214.5778
214.7807
214.7995
215.0697
215.0831
215.1175
215.2129
215.5599
215.6183
215.6291
215.6311
215.6352
215.6485
215.654
215.658
215.6649
215.6725
215.6765
215.6864
215.6967
215.707
215.717
215.7417
215.7746
215.7849
215.8438
215.9504
216.0954
216.1924
216.2087
216.2192
216.2275
216.6389
216.6762
216.9129
216.9259
217.5257
217.6029
217.6167
217.6228
217.6274
217.63
217.633
217.6387
217.6444
217.6499
217.6552
217.6586
217.6642
217.6725
217.6782
217.6871
217.6911
217.7037
217.7066
217.7204
217.7374
217.7426
217.7568
217.7627
217.7931
217.8006
217.814
217.8291
217.8489
217.8723
217.9015
217.9231
217.9644
218.0019
218.0227
218.0334
218.0837
218.1701
218.2027
218.2955
218.3906
218.4601
218.5655
218.618
218.6462
218.7388
218.9245
218.9344
219.0365
219.0553
219.1586
219.1757
219.196
219.2045
219.3556
219.6036
219.6204
219.6313
219.6371
219.6584
219.886
219.9954
220.0529
220.2109
220.4819
220.5246
220.7434
221.0928
221.448
221.5819
221.5864
221.5882
221.599
221.606
221.6158
221.6244
221.6278
221.6349
221.6519
221.6573
221.6717
221.6812
221.7074
221.7388
221.7582
221.8469
222.0527
222.0645
222.088
222.2522
222.7173
222.7359
222.8662
222.9537
222.9688
222.9872
223.0102
223.1968
223.2094
223.2287
223.245
223.2605
223.2728
223.5665
223.5719
223.5762
223.5786
223.5836
223.5864
223.5893
223.5978
223.6027
223.6091
223.6127
223.6204
223.627
223.6328
223.6419
223.6539
223.6589
223.7067
223.7123
223.7259
223.7314
223.7642
223.7719
223.7886
223.8056
223.8243
223.8394
223.8521
223.8713
223.8833
223.9052
223.9324
223.9509
223.9875
224.0333
224.0708
224.1109
224.196
224.2971
224.3448
224.3821
224.6306
224.6684
224.7204
224.7582
224.9064
224.966
224.9746
224.9806
224.988
225.0085
225.0321
225.0623
225.3107
225.6472
225.7867
226.1203
226.1389
226.3252
226.3466
226.7057
227.1132
227.3861
227.4492
227.5392
227.5464
227.5486
227.5567
227.5632
227.5693
227.5752
227.5826
227.5903
227.6025
227.611
227.6169
227.6278
227.6388
227.6474
227.6585
227.677
227.6928
227.7111
227.7324
227.7534
228.1506
228.261
228.3154
228.3733
228.7445
228.8325
229.0032
229.0121
229.1383
229.2295
229.3409
229.4638
229.5157
229.5208
229.5264
229.5322
229.5382
229.5432
229.5469
229.5543
229.5604
229.563
229.5727
229.5755
229.5882
229.5998
229.6154
229.6182
229.6312
229.6359
229.6495
229.6531
229.6696
229.6735
229.6893
229.6942
229.7103
229.746
229.7626
229.7813
229.7919
229.8057
229.8349
229.8781
229.8947
229.9236
229.9428
229.9566
230.0037
230.0145
230.0775
230.1853
230.2371
230.3364
230.3876
230.4467
230.5793
230.7539
230.9494
230.9906
231.0149
231.0192
231.0249
231.0495
231.4412
231.4602
231.6906
231.8676
231.8841
232.302
232.3184
232.3231
232.3894
232.4173
232.4334
232.4422
232.5124
232.6499
232.6702
233.2471
233.5012
233.5159
233.5221
233.5258
233.5337
233.5411
233.5464
233.5527
233.5562
233.5594
233.5671
233.5768
233.585
233.5934
233.6081
233.6181
233.6381
233.6803
233.8883
234.0971
234.1216
234.1964
234.2847
234.3022
234.4765
234.6999
234.735
234.7754
234.9578
235.2096
235.2578
235.4118
235.4827
235.4925
235.4964
235.5014
235.504
235.5077
235.5113
235.515
235.5174
235.5228
235.5275
235.53
235.5359
235.5574
235.5733
235.5772
235.59
235.5929
235.6069
235.6117
235.6254
235.6471
235.6587
235.666
235.6786
235.6906
235.7061
235.7185
235.7381
235.8195
235.8407
235.8651
235.8789
235.911
235.9218
235.9524
235.9856
236.0677
236.0942
236.1523
236.21
236.3025
236.3736
236.4185
236.5368
236.6345
236.7452
236.7787
236.8051
236.8152
236.9116
236.9182
236.9235
236.9324
236.9661
237.2803
237.2886
237.5162
237.6362
237.6643
238.1139
238.191
238.2507
238.2748
238.5121
238.7691
238.9293
238.952
238.9964
239.0385
239.2559
239.4586
239.4737
239.4782
239.4831
239.4852
239.4934
239.4994
239.5023
239.5084
239.5128
239.5222
239.5269
239.5361
239.545
239.5546
239.5688
239.578
239.6115
239.667
239.7026
240.0947
240.15
240.1717
240.2191
240.3367
240.4058
240.4487
240.4761
240.7265
240.762
240.8085
240.9382
241.0813
241.3206
241.3496
241.4249
241.4322
241.4354
241.4386
241.4469
241.4543
241.4576
241.4644
241.4772
241.4834
241.4878
241.4959
241.5509
241.5547
241.5672
241.5866
241.6045
241.6097
241.6247
241.6538
241.6698
241.6802
241.7088
241.7445
241.77
241.8016
241.8499
241.8978
241.9282
241.9519
241.9893
242.093
242.2653
242.3232
242.4505
242.4578
242.745
242.8003
242.8512
242.8869
242.8925
242.904
242.9296
243.094
243.1446
243.1478
243.4884
243.4976
243.5417
243.6086
243.9285
243.9431
243.9686
244.2451
244.2635
244.6849
245.4162
245.4224
245.4242
245.4303
245.4401
245.4472
245.4529
245.4567
245.4633
245.4709
245.4828
245.4887
245.5101
245.521
245.5294
245.5584
245.6177
245.7507
245.8362
246.1839
246.3264
246.3497
246.716
247.1722
247.3831
247.3884
247.3933
247.3968
247.4109
247.4149
247.4183
247.4253
247.4285
247.4346
247.4386
247.4421
247.4489
247.4511
247.4613
247.4651
247.48
247.4936
247.5113
247.515
247.5284
247.5329
247.5473
247.5526
247.5671
247.5746
247.6253
247.6398
247.6461
247.6551
247.6735
247.6871
247.7065
247.7158
247.7482
247.8077
247.8172
247.8994
247.9403
248.0899
248.1013
248.1672
248.2527
248.2893
248.3531
248.4553
248.7516
248.7645
248.7738
248.7749
248.8006
248.8171
248.8213
248.877
249.0179
249.5754
249.8863
249.9348
249.9428
250.2751
250.3636
250.581
250.8813
251.0622
251.3644
251.3689
251.371
251.3767
251.3802
251.3852
251.3905
251.3987
251.4045
251.4131
251.423
251.4376
251.4442
251.4989
251.5209
251.5481
251.6212
251.8478
251.8728
251.8963
252.2575
252.2733
252.2848
252.5198
252.5387
252.5765
252.7676
252.7884
253.0693
253.2116
253.2568
253.3493
253.3545
253.3675
253.373
253.3776
253.3849
253.3887
253.3962
253.3987
253.4106
253.4202
253.4243
253.4273
253.4363
253.4412
253.4527
253.4683
253.4865
253.5044
253.5245
253.5355
253.5474
253.5592
253.569
253.607
253.6237
253.6497
253.6651
253.6795
253.7121
253.7233
253.8086
253.8382
253.9362
253.9589
254.1554
254.198
254.2355
254.2591
254.2909
254.5102
254.6124
254.7532
254.764
254.7747
254.7831
254.799
254.8073
254.8206
254.8445
255.1528
255.1997
255.2297
255.2552
255.3772
255.5567
255.7422
256.2568
256.2945
256.3067
256.5125
256.8904
257.1811
257.3229
257.3307
257.3337
257.3357
257.3403
257.3436
257.353
257.3584
257.3631
257.3701
257.382
257.3939
257.4025
257.4134
257.4254
257.458
257.4906
257.5105
257.9159
258.087
258.0985
258.1133
258.1208
258.1446
258.4359
258.5848
258.6948
258.7176
258.8548
258.9306
258.9327
258.9689
258.9753
258.9991
259.1447
259.1565
259.3092
259.3113
259.3171
259.3199
259.3223
259.3289
259.3319
259.3361
259.342
259.3466
259.3521
259.3567
259.3605
259.3682
259.383
259.3854
259.3988
259.4018
259.416
259.4186
259.4322
259.4358
259.451
259.4561
259.4747
259.4962
259.5277
259.5442
259.5573
259.5851
259.6191
259.6273
259.6447
259.6826
259.718
259.7464
259.7863
259.8209
259.9222
259.9837
260.0314
260.0621
260.1346
260.4427
260.5536
260.6849
260.6977
260.7084
260.7197
260.7233
260.7307
260.7415
260.7662
260.778
260.9989
261.2999
261.3748
261.3964
261.6708
261.8097
261.9778
262.0397
262.1732
262.4382
262.4441
262.4945
262.637
262.6894
262.7147
262.8621
263.1859
263.2799
263.2876
263.2926
263.2946
263.2982
263.3093
263.3221
263.3273
263.3373
263.3477
263.3538
263.3714
263.3802
263.3938
263.406
263.4211
263.4425
263.7731
263.905
263.9515
264.0133
264.0972
264.2516
264.2698
264.2832
264.4651
264.803
264.9372
265.1693
265.2095
265.2609
265.2668
265.2718
265.2768
265.2847
265.2876
265.2906
265.2961
265.3021
265.3138
265.3185
265.3282
265.3322
265.3413
265.3447
265.3579
265.3612
265.3781
265.4264
265.4481
265.4803
265.4944
265.5141
265.5325
265.5484
265.5634
265.5963
265.6093
265.6425
265.6721
265.7042
265.7407
265.7575
265.8721
265.8958
266.0635
266.1053
266.1467
266.2319
266.3629
266.3784
266.5575
266.6131
266.636
266.6461
266.6822
266.6916
266.7189
266.7275
266.7508
266.8141
266.9069
266.9208
266.9263
267.3151
267.3502
267.4212
267.6127
267.6256
267.6333
268.1124
268.5574
268.6407
269.2448
269.2571
269.2635
269.2677
269.275
269.283
269.2886
269.2945
269.2994
269.3027
269.3136
269.3214
269.3372
269.3433
269.358
269.3674
269.3797
269.396
269.4264
269.8332
269.8835
270.2489
270.3602
270.3935
270.6192
270.8671
270.9019
271.1917
271.2105
271.2156
271.2214
271.2264
271.2349
271.2473
271.2524
271.2591
271.2651
271.2718
271.2765
271.2879
271.2981
271.3027
271.3169
271.3201
271.3344
271.3566
271.3746
271.3881
271.4303
271.4407
271.4523
271.4675
271.492
271.5202
271.545
271.5546
271.5795
271.5992
271.6353
271.6879
271.706
271.7648
271.7972
271.8544
271.8822
271.9591
272.0225
272.0595
272.0956
272.3878
272.5025
272.5191
272.6505
272.6794
272.6859
272.6897
272.6962
272.7044
272.7096
272.7164
273.0303
273.0756
273.1828
273.2261
273.2437
273.4244
273.519
273.6127
273.6237
273.6474
273.6791
273.7327
273.8585
274.5767
275.0065
275.1458
275.2084
275.2178
275.2277
275.234
275.2362
275.243
275.2521
275.2567
275.2603
275.2672
275.2775
275.2858
275.2929
275.305
275.3116
275.3332
275.3461
275.3606
275.382
275.6846
276.1892
276.2076
276.3023
276.4281
276.6033
276.6281
276.9127
277.1494
277.1821
277.1896
277.1932
277.2
277.2057
277.2079
277.2126
277.2156
277.2205
277.2253
277.2332
277.239
277.2494
277.2532
277.2569
277.2647
277.2798
277.3011
277.3181
277.3377
277.3496
277.3576
277.3715
277.3782
277.3922
277.4026
277.4173
277.4428
277.4469
277.4717
277.4832
277.5342
277.5665
277.5887
277.6204
277.6611
277.6887
277.7556
277.8479
277.9204
277.9394
277.9598
277.989
278.1961
278.3098
278.3776
278.5264
278.5312
278.5355
278.5625
278.5666
278.58
278.5825
278.5919
278.5991
278.6096
278.6498
278.6591
278.8404
278.8677
279.2101
279.2741
279.377
279.3959
279.5823
279.7302
279.744
279.9722
280.0043
280.2425
280.3645
280.4236
280.81
280.9579
281.0217
281.1234
281.1619
281.1692
281.1772
281.1826
281.1845
281.1928
281.1959
281.2027
281.2168
281.221
281.2277
281.236
281.2499
281.2583
281.2726
281.2877
281.3021
281.3154
281.3403
281.5425
281.568
281.5963
281.847
281.9289
282.3901
282.645
282.7922
282.9551
283.0035
283.1427
283.1465
283.1521
283.1592
283.1644
283.167
283.1725
283.1775
283.1832
283.1874
283.1922
283.1993
283.2031
283.2125
283.2158
283.228
283.2325
283.2444
283.2482
283.2606
283.2652
283.2802
283.283
283.2978
283.3141
283.3208
283.3337
283.3603
283.3792
283.4005
283.4125
283.4612
283.4873
283.4914
283.5071
283.5243
283.5366
283.5667
283.6064
283.6625
283.738
283.8548
283.8946
283.9419
284.2807
284.4726
284.4995
284.5019
284.5341
284.5989
284.6057
284.6184
284.6364
284.7719
284.9638
285.0056
285.0593
285.1392
285.1453
285.3285
285.4792
285.5771
285.5805
285.7815
286.0309
286.6248
286.7049
287.0237
287.1063
287.1155
287.1178
287.1222
287.1275
287.1298
287.142
287.1482
287.1573
287.1681
287.1796
287.1888
287.1963
287.2093
287.2175
287.2451
287.2625
287.2871
287.4054
287.4852
287.6792
287.703
287.7212
287.8763
288.2668
288.2801
288.2916
288.3061
288.3261
288.6498
288.7156
289.03
289.061
289.0938
289.1004
289.1047
289.1148
289.1204
289.1269
289.1337
289.138
289.1484
289.1576
289.1641
289.1792
289.1819
289.1944
289.1974
289.2119
289.2166
289.2282
289.2342
289.2471
289.2512
289.2656
289.2839
289.2916
289.3145
289.3361
289.3501
289.3669
289.383
289.4102
289.4563
289.4795
289.5032
289.5479
289.574
289.5898
289.6155
289.6493
289.7222
289.7733
289.8674
289.9029
289.9762
290.0362
290.1114
290.3194
290.3311
290.3996
290.4056
290.4376
290.628
290.6363
290.6523
290.6587
290.6777
290.7002
291.0542
291.0734
291.0797
291.089
291.1125
291.3526
291.6173
291.9059
291.9232
291.9461
292.0701
292.1431
292.2778
292.693
292.7449
293.0077
293.0802
293.0827
293.0869
293.0903
293.1008
293.1041
293.1095
293.1165
293.1221
293.1307
293.1367
293.1457
293.1612
293.1698
293.1793
293.1921
293.2177
293.229
293.2499
293.4508
293.5787
293.5998
293.6169
293.862
293.9065
293.9283
293.9902
294.1356
294.3556
294.5196
294.6435
294.6636
294.7206
294.7509
295.0452
295.0503
295.0549
295.062
295.0716
295.0765
295.0836
295.0886
295.0919
295.0984
295.1024
295.1131
295.1275
295.1299
295.1444
295.1471
295.163
295.1774
295.1819
295.1835
295.1957
295.2
295.2195
295.2393
295.2607
295.2713
295.2863
295.3108
295.3255
295.3571
295.3719
295.4005
295.4373
295.5126
295.5344
295.5766
295.6143
295.6893
295.759
295.8627
295.9201
295.9654
296.1148
296.2672
296.4026
296.4167
296.4293
296.5113
296.5327
296.5382
296.5525
296.5891
296.5914
296.7563
296.7629
296.8174
296.9259
297.3919
297.4521
297.7893
297.8373
297.865
297.9174
298.0487
298.4228
298.6635
298.7458
299.0379
299.0446
299.0465
299.0546
299.0599
299.0626
299.0688
299.0767
299.0822
299.0892
299.0929
299.0981
299.1093
299.1176
299.1269
299.1437
299.1581
299.1808
299.2071
299.2276
299.4318
299.4884
299.4983
299.5502
299.8069
299.8301
299.833
299.849
300.1487
300.3629
300.3773
300.4315
300.6516
300.6733
300.6965
300.9127
301.0014
301.006
301.0093
301.0123
301.0207
301.0277
301.0365
301.0408
301.0455
301.0517
301.0597
301.0638
301.0736
301.0781
301.0886
301.1074
301.1109
301.1239
301.1396
301.1473
301.1602
301.1746
301.1975
301.2102
301.2359
301.2533
301.2692
301.3046
301.3434
301.3628
301.38
301.4025
301.4179
301.5351
301.662
301.734
301.7715
301.8041
301.8843
301.925
302.0229
302.0245
302.128
302.1463
302.1817
302.2191
302.3565
302.4152
302.4469
302.4516
302.4652
302.4841
302.5058
302.518
302.5243
302.6021
302.633
302.7139
302.768
303.1063
303.1934
303.3179
303.3306
303.3516
303.7051
303.7823
303.8137
303.8279
303.9105
304.0858
304.1486
304.2277
304.3052
304.8869
304.9884
304.9952
304.9974
305.0032
305.0124
305.0207
305.0278
305.034
305.0389
305.0439
305.0583
305.0661
305.0892
305.1018
305.1118
305.1268
305.1504
305.1904
305.2148
305.51
305.5204
305.7167
305.9243
306.2001
306.4877
306.5465
306.6305
306.7287
306.7437
306.7597
306.9684
306.974
306.9758
306.9783
306.9859
306.9906
306.996
306.999
307.0025
307.0091
307.0125
307.0197
307.0247
307.0325
307.0486
307.0515
307.0643
307.0679
307.082
307.0867
307.1009
307.1161
307.1209
307.1338
307.1544
307.1755
307.194
307.2031
307.2197
307.3107
307.3491
307.3848
307.4129
307.4596
307.5082
307.5629
307.5936
307.6287
307.7627
307.811
307.8304
307.8517
307.9386
307.9943
308.0097
308.0861
308.1412
308.3302
308.3454
308.3473
308.3643
308.3757
308.3949
308.4494
308.5343
308.5448
308.6132
308.7042
309.0356
309.0437
309.1045
309.2137
309.5159
309.5316
309.6451
309.7824
309.8695
310.0262
310.1032
310.1857
310.3078
310.3474
310.6694
310.9454
310.9512
310.9562
310.9615
310.9651
310.9693
310.9728
310.9767
310.9808
310.9913
310.9972
311.0073
311.0209
311.03
311.0521
311.067
311.0777
311.0965
311.1123
311.1222
311.1571
311.3423
311.3591
311.3756
311.3854
311.4112
311.526
311.5372
311.9961
312.0836
312.4658
312.5115
312.5734
312.6028
312.7336
312.7679
312.832
312.9429
312.9527
312.9546
312.9587
312.9616
312.9691
312.9796
312.9819
312.9947
312.9963
313.0098
313.0118
313.0147
313.0264
313.0292
313.0427
313.0462
313.0607
313.0785
313.087
313.0933
313.0975
313.1016
313.1032
313.1174
313.1279
313.1495
313.1659
313.2046
313.2169
313.2296
313.2463
313.2883
313.329
313.36
313.3895
313.4157
313.4379
313.4585
313.4872
313.5765
313.6031
313.716
313.7805
313.8665
314.0354
314.0662
314.3091
314.4046
314.4163
314.4227
314.4903
314.5046
314.5234
315.3232
315.3674
315.4389
315.7113
315.7947
315.883
316.1694
316.3043
316.9077
316.9159
316.9183
316.9279
316.9321
316.9383
316.9436
316.9468
316.9505
316.9565
316.964
316.9672
316.9786
316.9864
316.9981
317.0058
317.0192
317.0454
317.0896
317.1216
317.1364
317.4487
317.6954
317.7133
317.811
318.3037
318.4065
318.7814
318.7962
318.8146
318.8814
318.8894
318.8954
318.904
318.908
318.9125
318.9184
318.9219
318.9265
318.9316
318.9356
318.9421
318.9444
318.9459
318.9583
318.97
318.976
318.9872
319.0022
319.006
319.037
319.0414
319.0567
319.0681
319.0795
319.0943
319.1017
319.1161
319.1322
319.1439
319.1582
319.1763
319.2032
319.2167
319.2359
319.2576
319.2922
319.3175
319.3372
319.3516
319.4463
319.503
319.6186
319.6498
319.7319
319.7884
319.9585
320.0866
320.2561
320.306
320.3361
320.3392
320.3455
320.3605
320.3689
320.3873
320.4023
320.4695
320.7498
320.9872
320.995
321.0005
321.0163
321.0468
321.1132
321.3681
321.4161
321.6196
322.0793
322.2174
322.8652
322.8723
322.8787
322.8848
322.8911
322.896
322.9039
322.9076
322.9134
322.9178
322.9219
322.9299
322.9382
322.9422
322.9501
322.9666
322.9847
323.0056
323.0578
323.078
323.1886
323.1999
323.2182
323.5664
323.7302
323.7674
324.042
324.1917
324.2057
324.284
324.6782
324.7119
324.739
324.8383
324.8428
324.8564
324.8603
324.8663
324.8704
324.8736
324.878
324.883
324.8862
324.8881
324.8895
324.8975
324.9011
324.9129
324.9163
324.9287
324.9323
324.9448
324.9475
324.9622
324.966
324.9813
324.9856
325.0009
325.0065
325.0208
325.0353
325.0478
325.0588
325.0888
325.1037
325.1139
325.1527
325.1604
325.199
325.231
325.2499
325.2709
325.3895
325.5626
325.608
325.6251
325.6382
325.7007
325.7337
326.0912
326.2006
326.2023
326.2115
326.215
326.2234
326.2337
326.2561
326.2655
326.2984
326.3637
326.6865
327.1095
327.1302
327.1411
327.4748
327.4896
327.511
327.6847
328.2712
328.4077
328.5745
328.771
328.8276
328.8335
328.8456
328.8505
328.8567
328.8633
328.8679
328.8736
328.8806
328.8876
328.8977
328.902
328.9135
328.9301
328.9408
329.2197
329.2556
329.2806
329.3224
329.6697
329.6767
329.7008
329.7118
329.7309
330.0705
330.0836
330.094
330.1026
330.1103
330.2858
330.4908
330.571
330.8004
330.8071
330.8145
330.8191
330.8217
330.8281
330.8329
330.8352
330.8391
330.8443
330.8482
330.8554
330.8702
330.8861
330.8894
330.9015
330.9042
330.9223
330.9359
330.9534
330.959
330.9782
330.9954
331.0104
331.0212
331.0518
331.0622
331.1126
331.1354
331.1809
331.2096
331.2378
331.2705
331.2857
331.3078
331.3336
331.3711
331.4633
331.4998
331.6006
331.6322
331.6691
331.7622
331.8798
332.0284
332.1638
332.1737
332.2691
332.2765
332.2827
332.3063
332.4059
332.8841
332.9216
333.019
333.1211
333.3497
333.487
334.3563
334.5588
334.5987
334.7144
334.7546
334.7557
334.7867
334.8021
334.8078
334.8149
334.8182
334.8249
334.8303
334.8337
334.8387
334.8444
334.8521
334.8587
334.8629
334.8651
334.8745
334.8871
334.8989
334.9154
334.9328
334.9616
335.0728
335.3517
335.3836
335.4105
335.627
335.6361
335.6538
335.809
336.1226
336.1475
336.3192
336.563
336.7432
336.7521
336.754
336.7575
336.7608
336.7707
336.7759
336.7824
336.785
336.7956
336.7995
336.8103
336.8179
336.8222
336.8311
336.8484
336.8512
336.8651
336.8682
336.8813
336.8854
336.8993
336.9036
336.9189
336.925
336.938
336.945
336.9579
336.965
336.9928
337.0128
337.021
337.0348
337.074
337.0927
337.1051
337.1309
337.1539
337.1741
337.1906
337.216
337.2591
337.304
337.3376
337.4088
337.4698
337.4976
337.5684
337.6246
337.7883
337.8224
338.0775
338.1002
338.1171
338.1333
338.1395
338.1667
338.2079
338.4851
338.532
338.5442
338.5503
338.5692
338.7713
338.8721
339.128
339.1423
339.159
339.3076
340.0292
340.2051
340.5969
340.7511
340.7565
340.7585
340.7616
340.7674
340.7737
340.7772
340.784
340.7911
340.797
340.8038
340.8115
340.8183
340.831
340.8438
340.8525
340.8668
340.8771
340.8915
340.9063
340.9525
340.9736
341.2257
341.2505
341.4217
341.6049
341.6176
341.638
341.7173
341.7558
341.9811
342.0898
342.1055
342.2087
342.5854
342.6044
342.6199
342.6256
342.637
342.6527
342.6692
342.7206
342.7298
342.7382
342.7429
342.7465
342.7532
342.7555
342.7612
342.7642
342.7682
342.7753
342.7888
342.8051
342.8078
342.858
342.8617
342.876
342.8805
342.8982
342.9132
342.9157
342.9223
342.9393
342.9557
342.9949
343.0201
343.035
343.0928
343.1326
343.1599
343.1912
343.2716
343.3553
343.4746
343.5256
343.5492
343.6063
343.8369
343.8744
344.0544
344.0733
344.083
344.0924
344.1279
344.1509
344.2909
344.5674
344.5801
344.5947
344.6031
344.7828
344.9032
345.0904
345.0962
345.2573
345.3105
345.5206
345.5517
345.7957
346.7007
346.7097
346.7179
346.7232
346.7289
346.7344
346.7378
346.742
346.7471
346.7591
346.7679
346.7896
346.8054
346.8218
346.8361
346.8455
346.8741
347.0065
347.0685
347.1515
347.2894
347.5263
347.5952
347.7916
347.8722
347.9561
348.1618
348.2067
348.2211
348.4773
348.5943
348.6723
348.6793
348.6877
348.6951
348.6984
348.7022
348.7076
348.7113
348.7189
348.7211
348.7314
348.7341
348.7368
348.7471
348.7495
348.7632
348.7655
348.7793
348.7825
348.7851
348.7971
348.8156
348.8209
348.8335
348.8386
348.8561
348.862
348.8882
348.9076
348.9228
348.9387
348.9557
348.9987
349.0283
349.0419
349.078
349.0992
349.147
349.2025
349.3022
349.3465
349.4043
349.5182
349.5734
349.6339
349.689
350.0334
350.0492
350.06
350.0886
350.1179
350.1329
350.1409
350.1483
350.1675
350.2145
350.7358
350.7533
350.7778
350.7815
350.824
351.0613
351.072
351.4438
351.5384
352.3133
352.3338
352.3714
352.4705
352.578
352.6494
352.6544
352.6607
352.6667
352.6736
352.6791
352.6845
352.6892
352.6964
352.7027
352.708
352.7145
352.7215
352.7275
352.7384
352.7647
352.7782
352.8014
352.822
352.8456
352.8657
352.9994
353.1778
353.5587
353.7374
353.7668
353.9278
354.0709
354.2562
354.2737
354.448
354.4656
354.6226
354.6287
354.6327
354.638
354.6521
354.6585
354.6619
354.6676
354.6724
354.6769
354.681
354.6892
354.693
354.7038
354.706
354.7182
354.7211
354.7345
354.7378
354.7526
354.7564
354.77
354.7739
354.7889
354.7942
354.8078
354.8157
354.8358
354.8446
354.8725
354.8918
354.9057
354.9294
354.9522
355.0008
355.082
355.0961
355.1536
355.1837
355.2742
355.3373
355.4558
355.5064
355.6799
355.9354
355.9684
355.9751
355.9934
355.9956
356.0642
356.0755
356.1201
356.4292
356.4455
356.6183
356.6943
356.9177
357.0237
357.1835
357.1985
357.2071
357.218
358.2027
358.2626
358.2938
358.369
358.596
358.6042
358.6063
358.6131
358.6221
358.6294
358.6365
358.644
358.6511
358.6602
358.665
358.6722
358.6833
358.6899
358.6973
358.7164
358.7274
358.7769
359.101
359.1317
359.1437
359.2866
359.3161
359.329
359.4423
359.6515
359.7933
359.8222
359.8462
359.8627
360.0766
360.2739
360.4514
360.4762
360.4954
360.5325
360.5865
360.5914
360.6024
360.613
360.6157
360.6208
360.6258
360.6355
360.6378
360.6416
360.6646
360.6801
360.6844
360.6981
360.7012
360.7159
360.7195
360.7353
360.7403
360.7766
360.7866
360.8199
360.8341
360.856
360.8853
360.9262
360.9413
360.9833
361.0175
361.0347
361.0643
361.0794
361.1552
361.3181
361.3404
361.377
361.4102
361.5286
361.6688
361.7555
361.8707
361.9048
361.9217
361.9474
361.9896
362.0099
362.0237
362.0445
362.1111
362.1752
362.2647
362.2849
362.3346
362.3726
362.3861
362.5379
362.571
362.8891
362.9113
363.0214
363.1423
363.1804
363.2029
363.2136
363.2291
363.4004
363.4165
363.4205
363.5632
363.6457
364.1339
364.1545
364.5294
364.5613
364.5685
364.5721
364.5739
364.5856
364.5905
364.5955
364.6019
364.6094
364.613
364.625
364.629
364.6448
364.6586
364.6742
364.6837
364.6989
364.7157
364.73
364.7606
364.9012
365.0718
365.1267
365.1473
365.4701
365.5877
365.6085
365.6304
365.7039
366.0466
366.1321
366.1454
366.1618
366.4534
366.5393
366.5443
366.5492
366.5537
366.5618
366.5665
366.5805
366.5841
366.5876
366.5955
366.5988
366.6122
366.6252
366.6283
366.6416
366.6592
366.6631
366.6799
366.6944
366.6984
366.7131
366.7195
366.7464
366.7528
366.7665
366.7738
366.7858
366.8165
366.8405
366.8847
366.9405
366.9669
366.9784
367.03
367.0545
367.0799
367.1465
367.2683
367.334
367.3616
367.4264
367.6329
367.6994
367.7134
367.9177
367.9347
367.9696
367.9967
368.0138
368.0729
368.1156
368.2719
368.6091
368.6601
368.6781
368.7925
368.9134
368.9342
368.9434
368.966
368.983
369.2659
369.3087
369.4388
369.4521
369.4568
369.5744
369.6194
370.4013
370.4101
370.5081
370.5206
370.5263
370.5295
370.5418
370.5502
370.5577
370.5623
370.5667
370.5778
370.5844
370.5877
370.5975
370.6024
370.6148
370.6248
370.6378
370.6652
370.7075
370.7812
370.9405
370.9488
370.9586
370.9749
371.0601
371.2717
371.284
371.5934
371.69
371.7179
371.7739
371.9059
372.0658
372.274
372.3055
372.4292
372.4994
372.5055
372.5172
372.523
372.5273
372.5328
372.5399
372.5421
372.5485
372.5531
372.5563
372.5636
372.5675
372.5738
372.58
372.5933
372.5986
372.6128
372.6311
372.6448
372.6647
372.6689
372.6844
372.7037
372.7156
372.7236
372.7501
372.7665
372.7882
372.8445
372.8677
372.8961
372.9189
373.0323
373.0758
373.1152
373.3446
373.4064
373.4399
373.4641
373.8343
373.8594
373.8826
373.9006
373.9097
373.9376
373.943
374.3039
374.3164
374.4801
374.4965
374.5435
374.8685
374.8866
375.2086
375.2882
375.3196
375.347
375.6597
376.1945
376.4806
376.4878
376.5035
376.5122
376.5188
376.5242
376.5278
376.5317
376.537
376.5422
376.5525
376.5598
376.567
376.579
376.586
376.5926
376.607
376.6206
376.6371
376.6483
376.7117
376.8583
377.0635
377.1173
377.2062
377.6723
377.7185
377.7495
377.9032
378.0721
378.1277
378.1361
378.2944
378.44
378.4448
378.4479
378.4558
378.4612
378.4666
378.4762
378.4816
378.4877
378.4944
378.5014
378.5068
378.5183
378.5232
378.536
378.5508
378.5715
378.588
378.5929
378.6064
378.6282
378.6412
378.6499
378.6678
378.6815
378.695
378.7058
378.7528
378.7722
378.8024
378.8133
378.8447
378.9059
379.0109
379.1076
379.1591
379.1886
379.2068
379.3892
379.7936
379.7951
379.8203
379.8444
379.8674
379.8948
379.9316
379.9701
380.063
380.0906
380.1009
380.2495
380.462
380.5521
380.5662
380.5864
380.6438
380.8809
380.9139
380.9576
380.9624
380.9753
381.3882
382.0181
382.1242
382.3158
382.4461
382.454
382.4603
382.4645
382.4685
382.474
382.4793
382.4834
382.4899
382.494
382.5023
382.5066
382.5162
382.5221
382.5403
382.5652
382.5815
382.5998
382.6197
382.6645
382.7045
382.7283
383.0108
383.0355
383.053
383.2873
383.3005
383.3161
383.3359
383.5847
384.0708
384.3439
384.3568
384.3659
384.3819
384.3956
384.4073
384.4139
384.4177
384.4382
384.4469
384.4517
384.4559
384.4617
384.466
384.4734
384.4789
384.4915
384.4944
384.507
384.5093
384.5279
384.541
384.5457
384.559
384.563
384.5768
384.5836
384.6161
384.6516
384.6723
384.7249
384.7502
384.7726
384.7809
384.8809
384.8957
384.973
385.1708
385.2344
385.2884
385.3346
385.365
385.4347
385.5439
385.5521
385.5959
385.6705
385.7267
385.7425
385.7585
385.8329
385.8517
385.9029
385.919
386.1033
386.152
386.3537
386.6151
386.6201
386.7131
386.9996
387.0282
387.3273
387.3549
387.8502
388.0056
388.1338
388.152
388.209
388.3018
388.3994
388.4024
388.4102
388.4165
388.4185
388.4259
388.4317
388.4376
388.4434
388.4513
388.4561
388.4635
388.4889
388.5021
388.5108
388.5446
388.5674
388.8202
388.9103
389.1901
389.2564
389.4702
389.594
389.6266
389.8587
389.9574
390.0253
390.1798
390.3528
390.3667
390.3749
390.3793
390.3895
390.3994
390.4036
390.4083
390.4135
390.4184
390.4316
390.4342
390.4366
390.4468
390.4502
390.4628
390.4669
390.4785
390.4817
390.498
390.5179
390.5323
390.5374
390.5536
390.5725
390.599
390.613
390.632
390.6402
390.6778
390.6901
390.719
390.7504
390.7698
390.8135
390.9531
390.987
391.1438
391.2054
391.2684
391.3881
391.6025
391.7308
391.7537
391.7784
391.7872
391.7993
391.8128
391.8381
391.8541
392.0284
392.1261
392.2544
392.2891
392.2974
392.3969
392.4178
392.6794
392.7086
392.7562
392.9295
392.9671
392.9766
393.1525
393.2671
393.2957
393.4141
393.5521
393.9505
394.1638
394.3436
394.3586
394.3646
394.3714
394.379
394.3841
394.3892
394.3952
394.401
394.4084
394.4167
394.4286
394.4355
394.4419
394.4582
394.467
394.4862
394.5004
394.5117
394.6096
395.0208
395.1635
395.1778
395.4239
395.5976
395.6663
395.8292
395.8353
395.8477
395.8529
395.8627
396.1216
396.3254
396.3326
396.335
396.34
396.3428
396.3486
396.3538
396.359
396.364
396.3685
396.3737
396.3784
396.3851
396.3876
396.4009
396.4127
396.428
396.431
396.449
396.4682
396.4852
396.5015
396.5073
396.5193
396.5368
396.549
396.571
396.5969
396.598
396.6204
396.6348
396.6596
396.6755
396.7409
396.7752
396.7898
396.8199
396.8377
396.9127
397.024
397.1206
397.1821
397.2568
397.3551
397.3691
397.3707
397.6571
397.668
397.7225
397.7627
397.7739
397.7836
397.8033
397.9558
398.0781
398.0879
398.5902
398.7031
398.7173
398.7592
398.8522
398.9302
399.2123
399.2406
399.7195
400.0031
400.0248
400.168
400.206
400.3124
400.3168
400.3255
400.3324
400.3361
400.3424
400.3463
400.3529
400.3631
400.371
400.3759
400.3828
400.3909
400.3992
400.4115
400.4318
400.4436
400.4738
400.4865
400.5167
400.6974
400.8413
400.8612
400.8689
401.1429
401.3268
401.4437
401.6462
401.6626
402.1184
402.1391
402.1549
402.1804
402.188
402.22
402.2894
402.2923
402.2955
402.2991
402.3135
402.3162
402.3199
402.3267
402.3325
402.3387
402.3431
402.3493
402.3694
402.3719
402.3855
402.3884
402.4018
402.405
402.4198
402.4385
402.4435
402.464
402.4783
402.5002
402.5212
402.5485
402.5614
402.5898
402.6057
402.6258
402.662
402.7221
402.7448
402.7686
402.8245
402.8705
402.9396
402.9739
402.9912
403.1744
403.2188
403.3609
403.6687
403.697
403.7174
403.7206
403.7376
403.7448
403.9404
403.9615
403.9635
404.3185
404.3469
404.3539
404.3594
404.3639
404.3749
404.3825
404.4015
404.5821
404.7507
404.8821
404.9478
405.4067
405.7825
405.8126
406.2583
406.2632
406.2653
406.2679
406.271
406.2735
406.2772
406.288
406.2973
406.3062
406.3151
406.3254
406.3356
406.3521
406.3626
406.3746
406.3898
406.4221
406.4438
406.4726
406.7655
406.7884
406.8383
406.8651
407.0059
407.1864
407.2753
407.4716
407.6918
407.7451
407.7577
407.8894
407.9088
407.9284
408.1732
408.1844
408.2405
408.2493
408.2541
408.2676
408.2731
408.2774
408.282
408.2879
408.292
408.2961
408.3139
408.3199
408.3306
408.3476
408.3684
408.3822
408.4197
408.4366
408.4824
408.5031
408.5147
408.5231
408.5447
408.5949
408.6368
408.6672
408.7072
408.7658
408.7831
408.8532
408.9716
409.0353
409.0802
409.1096
409.3112
409.4971
409.5721
409.596
409.6048
409.6224
409.6489
409.8481
409.9851
410.0374
410.0627
410.0733
410.3509
410.3593
410.5749
410.6028
410.6603
410.9317
410.9578
410.9932
411.0255
411.1317
411.1427
411.1578
411.1691
411.5052
411.6677
411.8933
412.2194
412.2239
412.2274
412.2293
412.2312
412.2371
412.2416
412.259
412.2655
412.2722
412.2812
412.3049
412.338
412.3534
412.3735
412.394
412.4151
412.4262
412.4467
412.762
412.9595
412.9901
413.008
413.2924
413.4001
413.6218
413.7908
413.8029
413.9438
413.9635
414.1202
414.2013
414.2067
414.2107
414.2175
414.2215
414.2269
414.2301
414.2336
414.2403
414.2471
414.2622
414.2937
414.2981
414.3154
414.3288
414.3457
414.3494
414.3819
414.3892
414.4073
414.4218
414.436
414.4594
414.5227
414.5425
414.5818
414.5997
414.6403
414.6704
414.6858
414.7485
414.8228
414.9049
414.9702
415.018
415.0657
415.1605
415.2299
415.2687
415.3405
415.4972
415.5056
415.5091
415.5873
415.6589
415.6721
415.6769
415.6873
415.8739
415.8872
415.9321
415.9567
416.2252
416.2988
416.3867
416.4027
416.4235
416.4399
416.7015
416.8088
416.9086
416.9344
417.0094
417.011
417.1223
417.1379
417.2732
418.1471
418.1841
418.1967
418.1999
418.2046
418.2071
418.2096
418.2171
418.2217
418.2311
418.235
418.2406
418.2494
418.257
418.2712
418.3124
418.329
418.3537
418.5058
418.7455
418.9178
418.9658
419.2155
419.2259
419.2441
419.2599
419.2883
419.5221
419.5434
419.5539
