0.3488
0.3776
0.3921
0.6536
1.1984
1.5183
1.8121
1.847
2.1035
2.3902
2.4031
2.4136
2.4293
2.4416
2.4635
3.1039
3.4104
3.429
3.4478
3.4638
3.7942
4.3896
4.41
4.4334
4.45
4.4622
4.642
4.6503
4.6578
4.673
5.6226
5.6313
5.6414
5.6544
5.6675
5.6807
5.6909
6.5752
6.8187
6.8307
6.8416
6.853
7.4304
7.4924
7.9092
7.9243
8.3637
8.433999999999999
8.4777
8.7103
8.759499999999999
8.7721
8.788600000000001
8.7943
8.8055
8.821199999999999
9.036300000000001
9.0388
9.0487
9.0533
9.0632
9.8819
9.900700000000001
10.258
10.2703
10.2797
10.2907
10.5432
10.7888
10.8364
10.8547
11.1833
11.1951
11.2104
11.2326
11.4114
11.5137
13.0746
13.0761
13.0777
13.0794
13.0814
13.0876
13.0897
13.0925
13.0972
13.1017
13.1088
13.1215
13.1326
13.1419
13.1622
13.1712
13.1867
13.2017
13.2189
13.2305
13.2415
13.2514
13.2786
13.2896
13.3179
14.412
14.626
14.6556
15.0513
15.0585
15.0608
15.0629
15.0677
15.0723
15.0748
15.0772
15.085
15.0888
15.098
15.1073
15.1158
15.1266
15.1342
15.147
15.1523
15.1647
15.1796
15.1884
15.2007
15.212
15.2209
15.2408
15.2579
15.2817
15.2995
15.3723
16.3853
16.3919
16.3938
16.4029
16.4112
16.4217
16.7994
17.0456
17.0546
17.1809
17.5033
17.5171
17.6899
19.0286
19.0327
19.0342
19.0385
19.0437
19.0474
19.053
19.0569
19.0617
19.0669
19.0732
19.0789
19.0874
19.0984
19.1141
19.123
19.1333
19.1476
19.1561
19.1712
19.1866
19.1968
19.2138
19.2314
19.2656
19.7037
20.2471
20.273
20.2878
20.3124
20.3431
21.0055
21.0108
21.0139
21.0199
21.0225
21.0283
21.0312
21.0348
21.0411
21.0459
21.0544
21.0616
21.0731
21.0872
21.092
21.1033
21.112
21.1236
21.1327
21.143
21.1583
21.1658
21.1799
21.1964
21.2083
21.2221
21.2512
21.3124
22.3587
22.4174
22.4385
23.0949
23.6039
23.787
23.8471
23.9115
24.4193
24.9964
24.9982
25.0007
25.0039
25.0111
25.0132
25.0168
25.0189
25.0241
25.0297
25.0349
25.0443
25.0568
25.0653
25.0827
25.0992
25.1119
25.127
25.1413
25.1547
25.179
25.2104
25.2435
25.8212
25.9055
25.9185
26.2047
26.2297
26.2543
26.5693
26.5884
26.6067
26.6689
26.8845
26.9549
26.963
26.9649
26.9745
26.982
26.986
26.9922
26.9979
27.0036
27.0127
27.0176
27.027
27.0383
27.0456
27.0591
27.0736
27.0845
27.0961
27.1048
27.1149
27.1272
27.1361
27.1513
27.1726
27.1891
27.2232
28.3207
28.3737
29.2037
29.6481
29.6729
30.9458
30.9501
30.952
30.9563
30.9618
30.9666
30.9708
30.9747
30.9805
30.9859
30.9948
31.0077
31.0208
31.0315
31.0452
31.063
31.0705
31.0811
31.0934
31.1082
31.1207
31.1315
31.1495
31.1794
31.3987
31.6531
31.6743
31.6819
31.6866
31.8822
32.1937
32.6663
32.9209
32.9258
32.9278
32.9331
32.9373
32.9441
32.9488
32.9532
32.9566
32.9629
32.9711
32.9782
32.9896
32.9966
33.0063
33.0118
33.0238
33.0304
33.0425
33.0487
33.0602
33.0766
33.0946
33.1067
33.1514
33.2232
34.8787
35.3255
35.3495
35.5263
35.555
36.9055
36.9112
36.9129
36.9189
36.9222
36.9275
36.9348
36.9393
36.9445
36.9514
36.9607
36.9676
36.9792
36.9888
36.9995
37.0133
37.0316
37.0472
37.0665
37.0763
37.0855
37.102
37.1183
37.1786
37.4868
37.5117
37.5341
37.9397
37.9671
38.0921
38.1295
38.6036
38.7679
38.8788
38.8846
38.8897
38.8937
38.8974
38.9019
38.906
38.9099
38.9145
38.9193
38.9223
38.9336
38.9379
38.948
38.9516
38.9646
38.9774
38.9838
38.9994
39.0043
39.0177
39.0292
39.0407
39.058
39.0665
39.0799
39.1069
39.1307
39.303
40.2229
40.2556
40.2619
40.2764
40.2834
40.2929
40.305
40.3167
40.8789
41.1073
42.8612
42.8675
42.8694
42.8716
42.8763
42.88
42.8852
42.8902
42.8948
42.9
42.9072
42.9181
42.9259
42.9333
42.9449
42.9545
42.9678
42.9799
42.9963
43.0175
43.0372
43.0629
43.0887
43.1063
43.1687
43.4225
43.5968
43.9286
43.9426
43.9651
44.6164
44.6379
44.6657
44.683
44.7594
44.8346
44.8421
44.8473
44.8514
44.857
44.8604
44.8646
44.8692
44.8728
44.8766
44.8823
44.8896
44.8974
44.9021
44.9112
44.9173
44.9276
44.934
44.9466
44.9523
44.9642
44.971
44.984
45.0001
45.0108
45.0283
45.0419
45.0585
45.0858
45.1247
46.2527
46.9838
47.5195
48.8136
48.8153
48.8173
48.8198
48.8247
48.8269
48.835
48.8404
48.8465
48.853
48.8578
48.8664
48.8751
48.8931
48.8995
48.9165
48.9281
48.9382
48.9482
48.9642
48.9764
48.9852
49.0054
49.0313
49.0602
49.5983
49.6596
49.8531
50.0244
50.3342
50.3477
50.3606
50.3675
50.3802
50.395
50.411
50.6566
50.6812
50.7934
50.7985
50.8042
50.8083
50.8137
50.8193
50.8226
50.8283
50.8347
50.8405
50.8467
50.8559
50.8626
50.8725
50.8846
50.8936
50.8997
50.9101
50.9224
50.9298
50.946
50.9596
50.9701
50.9888
51.0092
51.0485
52.1086
52.1206
52.1613
52.1715
52.7422
53.505
53.5309
54.7732
54.7757
54.7784
54.7803
54.7872
54.7918
54.7982
54.8021
54.8072
54.8122
54.8186
54.8272
54.8345
54.8449
54.8548
54.883
54.8958
54.9089
54.9195
54.9342
54.9627
54.9801
54.993
55.0077
55.2678
55.2791
55.2974
55.3129
55.3534
55.3673
55.5535
55.969
55.9845
55.9942
56.0019
56.2721
56.2806
56.2899
56.5764
56.5974
56.6065
56.7565
56.7686
56.7718
56.7756
56.7798
56.7835
56.788
56.7923
56.7997
56.8069
56.8139
56.8235
56.831
56.8469
56.8627
56.8733
56.8834
56.8946
56.9014
56.9168
56.9276
56.9415
56.9609
57.015
57.0454
57.3701
58.0631
58.0808
58.1074
58.1179
58.1311
58.1567
58.1863
58.5703
59.6101
60.7339
60.7383
60.7437
60.7456
60.7504
60.7554
60.76
60.7654
60.7713
60.7744
60.7839
60.7913
60.802
60.8115
60.829
60.8415
60.8539
60.8607
60.8712
60.8863
60.8971
60.9086
60.9249
60.9469
61.4418
61.4655
61.4824
61.5047
61.5305
61.8544
61.8736
61.8968
61.9933
62.4651
62.4785
62.4855
62.4939
62.5004
62.5112
62.7124
62.7171
62.723
62.7253
62.7279
62.7308
62.7349
62.7398
62.7429
62.7477
62.7536
62.7631
62.7691
62.7801
62.7917
62.8034
62.8115
62.8235
62.8286
62.8438
62.8559
62.8671
62.8776
62.8958
62.9208
62.9437
62.9805
64.00790000000001
64.0215
64.0471
64.1259
64.4734
64.93940000000001
65.145
65.1576
65.17789999999999
65.41200000000001
65.4392
66.68859999999999
66.69750000000001
66.702
66.7042
66.7115
66.7139
66.7186
66.7248
66.7282
66.73099999999999
66.73779999999999
66.7427
66.74930000000001
66.75830000000001
66.76900000000001
66.78149999999999
66.7924
66.80549999999999
66.8186
66.8365
66.84869999999999
66.8691
66.8871
66.91419999999999
67.6062
67.61960000000001
67.6422
67.8531
67.8857
67.9106
68.52970000000001
68.5698
68.61020000000001
68.6709
68.67919999999999
68.6849
68.68770000000001
68.6923
68.6964
68.70010000000001
68.70350000000001
68.7094
68.7162
68.73009999999999
68.7389
68.7454
68.7556
68.762
68.7756
68.77979999999999
68.79510000000001
68.80410000000001
68.8145
68.82389999999999
68.84059999999999
68.861
68.88509999999999
68.9348
69.9847
69.994
69.9999
70.0021
70.0179
70.3202
70.5115
70.55070000000001
70.5646
71.357
71.3861
71.4191
71.62309999999999
72.6469
72.6491
72.65179999999999
72.6568
72.6628
72.67100000000001
72.6741
72.6794
72.68519999999999
72.6914
72.69629999999999
72.7033
72.7131
72.7251
72.7325
72.74460000000001
72.7529
72.76609999999999
72.7807
72.7933
72.8096
72.8193
72.834
72.8635
73.0643
73.07680000000001
73.0977
73.5663
73.8669
73.9744
73.99890000000001
74.2757
74.61360000000001
74.6211
74.62309999999999
74.6283
74.6386
74.64239999999999
74.6467
74.6514
74.6564
74.6621
74.6679
74.6722
74.6802
74.6983
74.70489999999999
74.7146
74.7213
74.7343
74.7436
74.7542
74.76220000000001
74.7728
74.7842
74.79940000000001
74.819
74.833
74.85429999999999
74.86620000000001
75.06399999999999
75.3043
76.0094
76.1083
76.1216
76.14109999999999
76.1705
76.6211
76.6307
76.6377
76.6414
76.649
76.6619
76.6683
76.68129999999999
76.9177
77.10299999999999
77.4723
77.4855
77.4931
78.6121
78.61709999999999
78.6189
78.6207
78.62949999999999
78.63200000000001
78.6361
78.64149999999999
78.64790000000001
78.6537
78.6622
78.67019999999999
78.6811
78.6913
78.7055
78.7137
78.7244
78.73439999999999
78.7466
78.75830000000001
78.7846
78.80200000000001
78.81100000000001
78.8355
78.9817
79.2634
79.589
79.6341
79.6559
79.79340000000001
79.812
79.8292
80.2216
80.2375
80.26909999999999
80.27809999999999
80.46429999999999
80.4783
80.511
80.5938
80.5989
80.60339999999999
80.6069
80.6099
80.6139
80.61790000000001
80.6234
80.6283
80.6326
80.64060000000001
80.6455
80.6557
80.6621
80.67319999999999
80.6824
80.6901
80.6944
80.7063
80.71339999999999
80.7266
80.74339999999999
80.75360000000001
80.767
80.78400000000001
80.80289999999999
80.83320000000001
80.8623
82.0329
82.1114
82.1696
82.32980000000001
82.3622
82.79510000000001
82.92529999999999
84.5702
84.57510000000001
84.57689999999999
84.5806
84.58459999999999
84.5886
84.5919
84.5943
84.5986
84.6058
84.6092
84.6191
84.6306
84.6387
84.64570000000001
84.6567
84.6708
84.68210000000001
84.6918
84.7103
84.7388
84.7593
84.7974
85.129
85.4041
85.4174
85.42270000000001
85.4302
85.4409
85.4478
85.846
85.8595
85.86709999999999
85.87820000000001
85.8998
86.0829
86.3964
86.44
86.4987
86.5363
86.5428
86.5505
86.55800000000001
86.566
86.57129999999999
86.57559999999999
86.58110000000001
86.5857
86.59610000000001
86.60469999999999
86.6198
86.62909999999999
86.6378
86.6484
86.65649999999999
86.66840000000001
86.6784
86.6888
86.6985
86.7097
86.7277
86.7423
86.76000000000001
86.78189999999999
86.81610000000001
86.92010000000001
87.85550000000001
87.8687
87.8723
87.8806
87.89230000000001
87.9224
87.93089999999999
88.2088
88.336
88.80370000000001
88.8141
88.8229
88.85129999999999
89.0033
89.1408
90.5223
90.5287
90.53060000000001
90.5324
90.54000000000001
90.54259999999999
90.5476
90.5534
90.5583
90.5656
90.5706
90.5788
90.58750000000001
90.60120000000001
90.6097
90.6181
90.62869999999999
90.6425
90.65940000000001
90.6717
90.68819999999999
90.7105
90.7371
91.0134
91.0262
91.0337
91.0496
91.1592
91.1716
91.2122
91.23860000000001
91.6092
91.6602
91.9978
92.01430000000001
92.02119999999999
92.0356
92.0515
92.08920000000001
92.3441
92.3612
92.3897
92.4198
92.43980000000001
92.4602
92.5005
92.5111
92.5202
92.52379999999999
92.5282
92.5316
92.53879999999999
92.5436
92.5526
92.5581
92.5677
92.5741
92.5844
92.5955
92.6024
92.61620000000001
92.6215
92.63420000000001
92.6417
92.6559
92.6728
92.69589999999999
92.7067
92.7418
92.75700000000001
92.8129
93.8445
93.8479
93.86790000000001
93.9362
93.9435
93.9534
93.9697
94.0128
94.3573
94.3896
94.49760000000001
94.50530000000001
94.5106
94.5296
94.5372
94.5519
94.913
95.2931
95.31270000000001
95.3224
95.432
95.4391
96.4837
96.4858
96.49039999999999
96.4926
96.49809999999999
96.5008
96.5074
96.5115
96.51609999999999
96.5236
96.5326
96.54389999999999
96.55370000000001
96.5613
96.5761
96.59010000000001
96.60169999999999
96.6217
96.6318
96.6446
96.6568
96.6675
96.6811
97.08069999999999
97.1446
97.3086
97.5677
97.5973
97.866
98.3798
98.404
98.4171
98.4443
98.45050000000001
98.45359999999999
98.4601
98.46639999999999
98.47110000000001
98.4773
98.48399999999999
98.48990000000001
98.496
98.50449999999999
98.5099
98.52030000000001
98.52760000000001
98.53789999999999
98.5428
98.55370000000001
98.5591
98.56959999999999
98.5762
98.5916
98.6084
98.6206
98.6331
98.6485
98.6645
98.68259999999999
98.7026
98.7458
98.8319
99.0962
99.76009999999999
99.8202
99.8511
99.95659999999999
99.96729999999999
99.9823
100.2429
100.2598
100.2681
100.5361
100.795
100.9356
101.1784
101.3962
102.437
102.4424
102.4486
102.4512
102.4583
102.462
102.4656
102.4691
102.4741
102.4787
102.4838
102.4925
102.4991
102.5072
102.5159
102.5336
102.5542
102.5646
102.5804
102.5938
102.6101
102.6235
102.646
103.0257
103.0549
103.0614
103.0653
103.0763
103.4368
103.5076
103.5277
103.5465
103.5618
103.9338
103.9478
103.965
104.4128
104.4206
104.4229
104.4248
104.4308
104.435
104.4386
104.444
104.4489
104.4538
104.459
104.4634
104.4709
104.4805
104.4936
104.5
104.5137
104.5275
104.5334
104.548
104.5539
104.567
104.5736
104.5891
104.6034
104.6501
104.6843
104.7635
104.8905
105.7526
105.774
105.8101
105.815
105.823
105.8279
105.8382
105.8505
105.8648
106.4199
106.7132
106.8315
106.8657
108.3964
108.4011
108.4031
108.408
108.4132
108.416
108.4205
108.425
108.4298
108.4353
108.4422
108.452
108.4605
108.4677
108.4842
108.4957
108.5087
108.5266
108.5387
108.5498
108.5681
108.5794
108.5915
108.6131
108.8564
108.903
109.1858
109.2119
109.2424
109.3541
109.8573
109.9862
110.0429
110.3585
110.3637
110.3655
110.3682
110.372
110.3759
110.3825
110.388
110.3951
110.3996
110.4057
110.4127
110.4219
110.4268
110.4378
110.4516
110.4588
110.4692
110.4761
110.4901
110.5065
110.5245
110.532
110.5498
110.5694
110.5924
110.611
110.6662
110.7775
110.8411
111.6921
111.7045
111.7074
111.7164
111.7655
111.7913
111.9445
112.3669
112.5941
112.6043
112.6236
112.8346
112.8467
112.8785
113.0992
113.1114
113.1259
113.1304
113.1365
113.1483
113.3147
114.0273
114.2674
114.3594
114.3683
114.3721
114.3765
114.3833
114.3874
114.3944
114.4016
114.4086
114.4163
114.4214
114.4342
114.4511
114.4614
114.4723
114.4917
114.5078
114.5326
114.5467
114.5607
114.5944
115.018
115.0466
115.0786
115.0886
115.1181
115.2895
115.4897
115.5142
115.7353
115.7451
115.7844
116.285
116.3251
116.3303
116.3356
116.3408
116.3464
116.3522
116.3571
116.3606
116.3656
116.3748
116.3838
116.3907
116.4178
116.4329
116.4512
116.47
116.4773
116.4925
116.5106
116.5345
116.6085
116.645
116.6946
116.7783
117.6784
117.6902
117.7004
117.7207
117.7351
118.1933
118.2023
118.2092
118.5329
118.541
118.5507
118.5594
118.5712
118.5782
118.5851
118.77
118.8145
118.9875
118.9958
119.0028
119.0148
119.0462
119.8949
120.3084
120.3125
120.3142
120.3166
120.324
120.3265
120.3326
120.3407
120.3458
120.3542
120.3611
120.3665
120.3747
120.3893
120.3982
120.4161
120.4287
120.4368
120.4479
120.4617
120.4969
120.5247
120.5904
120.8015
120.8498
120.8687
120.8823
120.8992
121.1892
121.2104
121.2329
121.4457
121.4723
121.6585
121.6783
122.1279
122.1589
122.2898
122.2972
122.3049
122.31
122.3139
122.3188
122.3231
122.3319
122.3394
122.3481
122.3654
122.3758
122.387
122.4029
122.419
122.4314
122.4433
122.4588
122.4797
122.5118
122.5465
122.6491
122.7206
123.1814
123.6235
123.6415
123.6434
123.6558
123.8008
123.9375
123.9505
123.9594
124.1736
124.354
124.3679
124.3814
124.5577
124.5786
124.8618
124.8798
124.9002
125.2341
125.9425
125.9673
126.2686
126.2742
126.2795
126.2817
126.2887
126.2912
126.2974
126.3025
126.3084
126.3163
126.324
126.3312
126.3428
126.3536
126.3679
126.3836
126.397
126.41
126.437
126.4491
126.4671
126.4801
126.4997
126.5514
126.5958
126.74
126.9871
127.0845
127.0965
127.1143
127.1248
127.3922
127.41
127.427
127.7798
127.9367
128.0934
128.1599
128.2458
128.2523
128.2591
128.2624
128.268
128.2732
128.2759
128.2838
128.2922
128.3038
128.3184
128.3288
128.3458
128.3603
128.3801
128.3981
128.4123
128.4227
128.4462
128.5449
128.9211
129.6088
129.6192
129.6261
129.8158
129.8408
129.8496
129.8599
129.8678
129.8716
129.8765
129.8871
130.0765
130.1034
130.1252
130.1516
130.1722
130.4567
130.5795
130.7025
130.721
130.8719
130.9069
130.9189
130.9385
131.1379
131.155
131.1771
131.9304
131.944
131.9557
132.2262
132.229
132.2339
132.2406
132.2429
132.2469
132.251
132.2555
132.2602
132.2681
132.2742
132.2834
132.2915
132.3026
132.3144
132.3225
132.3401
132.3602
132.3765
132.3957
132.4368
132.4737
132.4967
132.5141
132.5519
132.6683
132.8047
132.8712
132.8835
132.904
133.0844
133.3269
133.364
133.442
133.4741
133.7963
133.8417
133.8552
134.1389
134.1679
134.196
134.2034
134.2085
134.2146
134.2202
134.23
134.2414
134.2487
134.2603
134.2743
134.2868
134.2932
134.3073
134.3245
134.3396
134.3456
134.3631
134.3829
134.4014
134.4206
134.457
135.0377
135.5228
135.6849
135.6932
135.7046
135.7644
135.7838
135.7986
135.8209
136.0027
136.0134
136.0237
136.2062
136.2243
136.2548
136.2878
136.482
136.7735
136.7984
137.1117
137.7241
138.1793
138.1831
138.1852
138.1884
138.1917
138.202
138.2059
138.2117
138.2188
138.2256
138.233
138.24
138.2472
138.2587
138.2739
138.2879
138.3021
138.3096
138.3323
138.346
138.3662
138.3781
138.3974
138.4419
138.4774
138.508
138.5249
138.5412
138.6441
138.8189
138.8444
139.0633
139.2272
139.2538
139.4284
139.5267
139.5531
139.9807
140.1522
140.1577
140.1623
140.1645
140.1728
140.1812
140.1864
140.1931
140.1987
140.2096
140.22
140.2331
140.2371
140.2668
140.2827
140.2962
140.3033
140.3171
140.3347
140.3517
140.3766
140.4881
140.5915
141.5108
141.6161
141.6248
141.6387
141.6622
141.6863
141.7058
141.7224
141.8585
141.8731
141.8853
141.915
142.119
142.1887
142.4593
142.5359
142.6085
142.7869
143.098
144.1414
144.1449
144.1485
144.1536
144.1556
144.1612
144.1667
144.1696
144.1752
144.1788
144.1874
144.1933
144.203
144.2119
144.2249
144.2417
144.2591
144.2828
144.2982
144.3128
144.3294
144.3521
144.3678
144.5096
144.526
144.6586
144.6764
144.7472
144.7718
144.8164
145.4546
145.5055
145.5158
145.5276
145.598
146.1101
146.1163
146.1225
146.1273
146.1353
146.1411
146.1452
146.1523
146.156
146.1653
146.1789
146.191
146.2095
146.2243
146.2428
146.2518
146.2656
146.2889
146.3054
146.3495
146.439
147.4567
147.5907
147.6762
147.6965
147.7045
147.7215
147.9162
147.9303
147.9386
148.018
148.2507
148.3608
148.3857
148.4027
148.7813
148.9772
149.0384
150.0898
150.0948
150.0972
150.0994
150.1017
150.1096
150.1162
150.1208
150.1272
150.1327
150.1391
150.149
150.1553
150.1689
150.1862
150.1998
150.2106
150.2202
150.2308
150.2468
150.2672
150.308
150.3279
150.3704
150.4222
150.5454
150.5903
150.7774
150.8143
150.8469
151.0832
151.2329
151.2592
151.5372
151.5569
151.7247
151.7491
152.0333
152.0473
152.0534
152.0596
152.0672
152.0705
152.0753
152.0942
152.1
152.1071
152.1179
152.1269
152.1349
152.1442
152.157
152.1705
152.181
152.2021
152.2148
152.226
152.2389
152.2555
152.2803
152.3166
152.3528
152.4517
153.4853
153.5258
153.5681
153.7284
153.9082
153.9188
153.9236
153.9326
154.0449
154.3286
154.4476
154.4794
154.5373
154.5803
154.7692
156.0514
156.053
156.0563
156.0593
156.065
156.0699
156.0758
156.0815
156.0876
156.093
156.1005
156.1108
156.122
156.1351
156.1505
156.1667
156.1838
156.2019
156.2158
156.2242
156.2437
156.2646
156.2862
156.3677
156.427
156.5456
156.6121
156.6203
157.0095
157.2288
157.3205
157.4401
157.5286
157.8317
157.8513
157.8615
157.8752
157.8905
157.9061
158.032
158.0394
158.0459
158.0523
158.056
158.062
158.0661
158.0735
158.0819
158.0884
158.1003
158.1166
158.1233
158.1346
158.1403
158.1548
158.1716
158.1908
158.2088
158.2212
158.2699
158.2929
159.4449
159.5483
159.6545
159.6652
159.7436
159.8008
159.8181
159.8278
159.8359
159.8479
159.9716
160.2459
160.3834
160.3995
160.6516
160.666
160.6866
160.8826
160.9011
160.9107
162.0181
162.026
162.0281
162.0344
162.0375
162.0412
162.0472
162.0521
162.0572
162.065
162.0732
162.0856
162.094
162.1079
162.1221
162.1387
162.1498
162.1703
162.1837
162.2059
162.2541
162.2734
162.3211
162.3853
162.5718
162.5835
162.6218
162.9212
162.942
163.2101
163.2537
163.7005
163.8774
163.8931
163.983
163.9906
163.9956
164.0017
164.0093
164.0127
164.0205
164.0271
164.0349
164.0404
164.0503
164.0675
164.0736
164.0845
164.1001
164.1145
164.1238
164.1362
164.1525
164.1612
164.1786
164.3764
165.487
165.7974
165.8157
165.8238
166.0311
166.0508
166.0588
166.0695
166.0808
166.0915
166.238
166.2509
166.2636
166.3689
166.4801
166.515
166.7985
167.9659
167.9676
167.9697
167.9732
167.9749
167.9802
167.9865
167.9971
168.0027
168.0106
168.0182
168.0301
168.0396
168.0487
168.0572
168.0666
168.0785
168.0892
168.1027
168.1207
168.1414
168.1871
168.2781
168.2972
168.379
168.5511
168.6189
169.0133
169.1737
169.2063
169.349
169.3876
169.3972
169.6739
169.8214
169.8705
169.9523
169.9613
169.9673
169.9726
169.9777
169.9824
169.9891
169.9929
170.0006
170.0077
170.0182
170.0294
170.0341
170.0483
170.0624
170.0678
170.0853
170.1034
170.1205
170.1399
170.1537
170.2049
170.3579
171.3361
171.3651
171.385
171.9272
171.9619
171.9944
172.0004
172.1233
172.2874
172.4281
172.4557
172.4961
172.7321
173.9296
173.9371
173.9389
173.9445
173.9493
173.9541
173.957
173.9638
173.9687
173.9751
173.9831
173.9932
174.0034
174.0126
174.0217
174.0411
174.0532
174.0742
174.0889
174.1064
174.1278
174.1592
174.1967
174.2181
174.2339
174.2514
174.5095
174.6254
174.9954
175.1178
175.1374
175.1615
175.2182
175.6962
175.8193
175.903
175.9092
175.916
175.9204
175.9273
175.9306
175.9369
175.9407
175.9483
175.9561
175.9638
175.9788
175.9912
175.9987
176.011
176.0171
176.0305
176.0465
176.0559
176.0696
176.0842
176.1124
176.1546
176.2129
176.4259
176.555
177.3132
177.3234
177.3666
177.6778
178.1913
178.4767
178.4997
178.774
179.7837
179.8823
179.8888
179.8909
179.902
179.9102
179.9156
179.9182
179.9233
179.9292
179.9344
179.9419
179.9473
179.954
179.9663
179.9803
179.991
180.0053
180.0235
180.0421
180.0524
180.0727
180.1304
180.2037
180.4304
180.4414
180.6512
180.916
181.0082
181.1494
181.2275
181.5857
181.6056
181.8278
181.8501
181.8616
181.868
181.8763
181.8826
181.8886
181.8958
181.8998
181.9061
181.9131
181.9205
181.9312
181.9387
181.9489
181.9624
181.9671
181.9793
181.9867
182.0004
182.0131
182.0364
182.0522
182.0637
182.1384
182.2231
182.2797
182.3807
183.2488
184.6539
184.679
185.6555
185.6716
185.843
185.8463
185.8484
185.8505
185.8564
185.8606
185.8659
185.8694
185.8759
185.882
185.8867
185.8953
185.9042
185.9121
185.9204
185.9297
185.9429
185.955
185.9672
185.9789
185.9952
186.0052
186.018
186.0419
186.0709
186.5982
186.6702
186.7099
186.8019
186.9435
187.1351
187.2457
187.3367
187.4808
187.7366
187.7848
187.8082
187.8206
187.8323
187.8383
187.8443
187.8505
187.8557
187.8637
187.8689
187.8775
187.8839
187.8948
187.9051
187.9198
187.9264
187.9399
187.9555
187.9607
187.9766
187.9852
187.9988
188.0173
188.051
188.1014
188.1835
188.2346
189.1845
189.2332
189.363
189.9289
189.9817
189.994
190.2576
191.7514
191.7918
191.7988
191.8037
191.8121
191.818
191.822
191.8266
191.8317
191.8354
191.84
191.8446
191.8481
191.8545
191.8622
191.8758
191.8858
191.9031
191.9187
191.9365
191.9474
192.3494
192.6482
192.9701
192.9836
193.2251
193.2562
193.2819
193.728
193.7449
193.7658
193.7723
193.7743
193.7798
193.7896
193.7939
193.7979
193.8019
193.8062
193.8105
193.8146
193.8204
193.8258
193.8331
193.8381
193.8456
193.8545
193.8644
193.8694
193.8829
193.8905
193.9018
193.9157
193.922
193.9377
193.9645
193.9821
194.0167
194.0553
194.1684
194.6314
195.3653
195.4623
195.8047
196.3722
196.6183
196.6521
196.6641
197.7613
197.7674
197.7692
197.7719
197.7775
197.7818
197.7863
197.7887
197.7934
197.7974
197.8033
197.8111
197.8193
197.8276
197.838
197.8496
197.8584
197.8721
197.893
197.9073
197.9181
197.9342
197.9457
197.9645
197.9948
198.0456
198.3084
198.3292
198.3582
198.3749
198.6771
199.2759
199.2911
199.3029
199.5412
199.7193
199.7255
199.7285
199.7336
199.7368
199.7397
199.7447
199.7495
199.7538
199.7591
199.7651
199.7683
199.7756
199.781
199.7896
199.7972
199.8086
199.8139
199.8253
199.8327
199.8422
199.8506
199.8641
199.8823
199.8979
199.9069
199.9201
199.9348
199.9633
200.0267
201.0817
201.0865
201.0958
201.2284
201.246
201.7429
201.7644
201.7868
202.2209
202.2384
203.7129
203.717
203.7186
203.7238
203.7332
203.7355
203.7404
203.7454
203.7499
203.7558
203.7589
203.7644
203.7768
203.787
203.7952
203.815
203.8347
203.8448
203.8627
203.8759
203.8945
203.9266
204.2249
204.243
204.2573
204.746
204.7707
204.777
204.7957
204.8031
204.8197
205.0902
205.2746
205.2939
205.4816
205.6898
205.6922
205.6949
205.7012
205.7054
205.7084
205.7139
205.7187
205.7246
205.728
205.7322
205.7386
205.7431
205.7512
205.7571
205.7698
205.7743
205.7864
205.7924
205.8026
205.8084
205.819
205.838
205.857
205.8753
205.8926
205.9345
206.0372
207.1471
207.7786
208.0225
208.0348
208.1912
208.205
208.2148
208.3903
208.617
208.6309
209.6729
209.6806
209.6875
209.6895
209.694
209.697
209.7029
209.7081
209.7122
209.7222
209.7322
209.745
209.7529
209.7608
209.7714
209.7863
209.8014
209.8175
209.8308
209.8467
209.859
209.8696
209.8921
210.1713
210.2163
210.2255
210.2308
210.2759
210.4
210.4238
211.008
211.0259
211.0406
211.3048
211.3238
211.3305
211.3375
211.6578
211.6611
211.6665
211.6693
211.6721
211.6755
211.6781
211.6819
211.6868
211.692
211.6956
211.7015
211.708
211.7171
211.721
211.7329
211.7374
211.7499
211.7542
211.7669
211.7746
211.7855
211.7929
211.8116
211.8242
211.8379
211.8509
211.8813
211.9009
212.0242
213.0434
213.0833
213.1022
213.1127
213.1309
214.0433
214.6167
215.6274
215.6396
215.6451
215.6474
215.658
215.6636
215.6693
215.6731
215.681
215.686
215.6898
215.6972
215.7056
215.7095
215.7219
215.7342
215.7498
215.7626
215.7758
215.7849
215.7999
215.8185
215.8709
216.1867
216.541
216.8159
217.1531
217.3055
217.327
217.3451
217.5359
217.5584
217.6014
217.614
217.6186
217.6248
217.6291
217.6334
217.6377
217.6415
217.6452
217.6506
217.6559
217.6608
217.6736
217.6827
217.689
217.7009
217.7083
217.721
217.7369
217.7548
217.7633
217.7757
217.7841
217.7997
217.8175
217.8515
217.8978
217.9377
218.0434
218.9642
219.068
219.3968
219.4169
220.2046
220.279
220.2898
220.304
220.3133
221.5868
221.5926
221.5947
221.6037
221.6061
221.6097
221.6133
221.6198
221.6222
221.6273
221.6311
221.6372
221.6423
221.6538
221.6631
221.6769
221.6874
221.7013
221.7194
221.733
221.7445
221.7555
221.7825
221.8785
221.9392
222.1097
222.4538
222.4718
222.7282
223.1014
223.1209
223.1391
223.4184
223.4509
223.4842
223.5125
223.5474
223.5606
223.5664
223.572
223.5813
223.5867
223.5929
223.5978
223.6027
223.6096
223.6167
223.6237
223.6284
223.6407
223.6444
223.6552
223.6605
223.6723
223.6763
223.6903
223.7047
223.7107
223.727
223.7424
223.7576
223.7878
223.9237
223.9491
225.0052
225.0221
225.1953
225.2798
225.3302
225.6523
225.6773
225.6874
225.7084
226.2359
226.371
226.3872
227.5438
227.549
227.5509
227.5539
227.5584
227.5632
227.5661
227.5699
227.5786
227.5852
227.5925
227.5999
227.6083
227.6159
227.6279
227.6377
227.6456
227.6614
227.6716
227.6827
227.6957
227.7196
227.7372
227.7542
227.7786
227.9787
228.0045
228.0581
228.3569
228.3672
228.3747
228.3848
228.5525
228.9302
228.9459
229.5183
229.5246
229.5267
229.5313
229.5338
229.5391
229.5425
229.5471
229.5513
229.555
229.5595
229.5656
229.5716
229.5756
229.5851
229.5993
229.6048
229.6165
229.6275
229.6356
229.6481
229.6542
229.6681
229.6841
229.6973
229.7094
229.7266
229.755
229.8588
229.9247
231.0745
231.2926
231.4318
231.7234
231.9849
232.0418
232.0638
232.0826
232.1012
232.4733
233.4878
233.4959
233.4989
233.5029
233.5054
233.5141
233.5191
233.5256
233.5294
233.537
233.5435
233.5515
233.5563
233.5633
233.572
233.5834
233.5996
233.6115
233.6264
233.643
233.6602
233.6713
233.7069
233.978
233.9912
234.0045
234.3044
234.433
234.6969
234.9378
235.3612
235.4226
235.4311
235.437
235.4476
235.4702
235.4806
235.4849
235.4943
235.4976
235.5043
235.5095
235.5213
235.5279
235.534
235.5422
235.5483
235.5563
235.5601
235.5731
235.579
235.5898
235.604
235.6104
235.6173
235.6271
235.6341
235.6485
235.6706
235.6883
235.7327
235.7738
235.9239
236.8383
236.8543
236.8638
236.8729
236.8839
236.8982
236.9126
237.1573
237.1671
237.1689
237.6183
237.6476
238.111
238.1283
239.4618
239.4661
239.4682
239.4722
239.4756
239.4786
239.4844
239.4893
239.4953
239.4984
239.5048
239.5106
239.5259
239.5356
239.5496
239.5625
239.5731
239.5877
239.6005
239.615
239.6282
239.6449
239.6607
239.6811
239.9039
240.1602
240.2843
240.3158
240.6988
240.7147
240.7307
240.7403
240.7492
241.0648
241.431
241.4349
241.4369
241.4434
241.4473
241.453
241.4588
241.4638
241.4674
241.4731
241.4778
241.4837
241.4918
241.4971
241.5042
241.5122
241.5203
241.5254
241.5369
241.5493
241.5543
241.567
241.5742
241.595
241.6051
241.6219
241.632
241.6503
241.6762
241.7368
241.7965
242.2098
242.7425
242.8959
242.9133
243.1857
243.3962
243.6621
243.8776
243.9145
243.9279
244.152
244.1608
244.1697
244.1799
245.4111
245.4171
245.4193
245.4236
245.4281
245.4349
245.4375
245.4429
245.4493
245.4562
245.4622
245.4711
245.4789
245.4898
245.5014
245.5105
245.5213
245.5318
245.5408
245.5544
245.571
245.5925
245.6496
245.6749
245.6951
245.9885
246.1039
246.1449
246.3151
246.3227
246.3252
246.3354
246.3427
246.7462
246.7655
247.0284
247.0451
247.2931
247.3807
247.387
247.3927
247.4015
247.4074
247.4131
247.4172
247.424
247.4264
247.4325
247.438
247.4445
247.4485
247.4542
247.4636
247.4693
247.4778
247.4836
247.4953
247.5023
247.5288
247.5455
247.5554
247.5721
247.5865
247.6075
247.6313
247.7421
247.8842
248.1895
248.7307
248.7382
248.7406
248.7904
248.8067
248.9882
249.0089
249.028
249.0783
249.411
249.4212
249.4293
249.7046
249.7197
250.0904
250.1001
250.1156
250.1448
250.1799
251.3734
251.3752
251.3771
251.3797
251.3865
251.3932
251.3988
251.4018
251.4096
251.4137
251.4196
251.4262
251.4347
251.4439
251.4513
251.4617
251.4696
251.478
251.4897
251.5087
251.522
251.5336
251.552
251.6245
251.6848
251.9174
252.0357
252.0554
252.4072
253.0664
253.2816
253.3409
253.3485
253.3514
253.3558
253.361
253.369
253.3742
253.378
253.3855
253.3896
253.396
253.4008
253.4078
253.4139
253.4221
253.4283
253.4364
253.4432
253.4512
253.4598
253.4674
253.4756
253.4886
253.5051
253.5182
253.5253
253.5457
253.5624
253.6232
253.7357
253.8545
254.6778
254.6853
254.6987
254.8092
255.2362
255.273
255.2827
255.3009
255.3106
255.6897
255.9291
255.9434
256.1501
256.1594
256.1758
256.1827
256.2011
256.2384
256.7942
257.3368
257.3415
257.3433
257.3486
257.3546
257.3579
257.3611
257.3658
257.3715
257.3762
257.3814
257.3878
257.3958
257.4029
257.4141
257.4208
257.428
257.444
257.4591
257.4706
257.4848
257.4951
257.5164
257.6378
258.1065
258.1221
258.1382
258.169
258.4684
258.522
258.6578
258.9726
258.9896
259.0074
259.0231
259.0429
259.2438
259.2724
259.3037
259.3111
259.3136
259.3211
259.3269
259.3308
259.3348
259.345
259.3534
259.3576
259.3676
259.3744
259.3851
259.3879
259.4045
259.4154
259.4193
259.4323
259.436
259.4505
259.4569
259.4699
259.4872
259.5028
259.5203
259.5484
259.5871
259.6303
259.6906
260.6642
260.6879
260.7082
260.7386
261.3811
261.3967
261.4452
262.2265
263.299
263.3014
263.3034
263.3092
263.3135
263.3156
263.3199
263.3241
263.3304
263.3345
263.3408
263.3476
263.3564
263.3667
263.3758
263.386
263.3966
263.4102
263.4208
263.4352
263.4496
263.4652
263.5018
263.6046
263.8369
263.8623
264.0954
264.1357
264.353
264.7896
264.8175
264.8394
265.0609
265.2713
265.2742
265.2799
265.282
265.284
265.288
265.2906
265.2944
265.299
265.3041
265.3071
265.3128
265.3201
265.3295
265.3405
265.3468
265.3581
265.3627
265.3754
265.38
265.3923
265.4
265.41
265.4184
265.4308
265.4391
265.4512
265.4696
265.4904
265.5302
265.6237
265.7973
266.6594
266.674
266.821
267.0345
267.0596
267.6914
268.208
268.2238
269.2409
269.2434
269.2456
269.2498
269.2529
269.261
269.2662
269.273
269.2792
269.2841
269.2888
269.2946
269.3086
269.3184
269.3257
269.3385
269.3471
269.356
269.373
269.3897
269.4108
269.4215
269.4429
269.471
269.7039
269.8539
270.1205
270.3929
270.5596
270.5949
270.6483
270.6871
271.2255
271.2313
271.2371
271.2421
271.2462
271.25
271.2536
271.2569
271.2621
271.2664
271.2711
271.2756
271.2889
271.2942
271.3049
271.3103
271.3209
271.3336
271.3377
271.3541
271.3588
271.3719
271.3798
271.4007
271.4152
271.4376
271.454
271.5323
271.6895
272.6371
272.6523
273.2131
273.4266
273.7009
274.0084
275.2005
275.2098
275.2141
275.2186
275.2249
275.2276
275.2332
275.2368
275.2419
275.2467
275.2521
275.2554
275.2629
275.2689
275.2807
275.2876
275.2986
275.308
275.317
275.332
275.3436
275.3561
275.3726
275.3817
275.3975
275.4611
275.5761
275.5985
275.6132
275.8876
275.9214
276.169
276.1866
276.1993
276.2058
276.2162
276.2228
276.2377
276.6973
276.7202
276.7327
276.8051
276.988
277.1132
277.1525
277.1659
277.1754
277.1802
277.1869
277.1906
277.2001
277.2042
277.2091
277.2137
277.2194
277.2239
277.2333
277.2387
277.2481
277.2532
277.2638
277.2684
277.2802
277.2842
277.2976
277.302
277.3151
277.3228
277.3335
277.3486
277.3692
277.388
277.4653
277.5063
277.5859
277.668
278.5025
278.5159
278.5453
278.5804
279.3337
279.3577
279.9601
281.1602
281.1669
281.1693
281.1715
281.1744
281.1785
281.1826
281.1904
281.1951
281.1971
281.2025
281.2101
281.2188
281.2262
281.2389
281.2517
281.2605
281.2736
281.2846
281.2943
281.3041
281.3168
281.3348
281.3522
281.3835
281.5521
281.5957
281.6432
282.4024
282.5648
282.6974
282.7189
282.732
282.7514
283.0878
283.1228
283.1345
283.1378
283.1416
283.1483
283.1541
283.1574
283.1669
283.1702
283.1755
283.1867
283.1931
283.2015
283.2062
283.2176
283.2273
283.2332
283.2461
283.2531
283.2632
283.2754
283.2891
283.2986
283.3168
283.3249
283.3372
283.3551
283.4155
283.5017
283.5673
283.7253
284.5011
284.5104
284.6276
284.6571
284.6662
284.8688
285.3031
285.5785
285.7805
285.7996
285.8256
285.8434
287.1226
287.1298
287.134
287.1359
287.1413
287.1455
287.1476
287.1524
287.1551
287.1618
287.1684
287.1732
287.1819
287.1915
287.1975
287.2062
287.2151
287.2274
287.2334
287.2499
287.2593
287.278
287.3027
287.3351
287.3897
287.4107
287.7499
288.009
288.029
288.1902
288.3296
288.3494
288.4183
288.5997
288.9169
289
289.097
289.1012
289.1034
289.1075
289.113
289.1151
289.1216
289.1261
289.1327
289.1371
289.1415
289.1468
289.1522
289.1576
289.1648
289.1757
289.1818
289.1942
289.1993
289.2113
289.2183
289.2297
289.2433
289.2502
289.2655
289.2841
289.3116
289.3314
289.3787
289.5475
290.434
290.5563
290.5659
290.5851
290.9123
290.9168
290.9287
291.5758
291.9143
291.9298
291.9448
293.0907
293.0949
293.097
293.1013
293.1048
293.1073
293.1111
293.1156
293.1202
293.125
293.1297
293.1367
293.1439
293.1558
293.1661
293.182
293.1933
293.2019
293.216
293.2291
293.241
293.2561
293.2691
293.29
293.7806
293.7988
293.8171
293.9502
293.9685
294.2635
294.2789
294.2844
294.2928
294.5942
295.0063
295.0182
295.0297
295.0368
295.0505
295.0538
295.0619
295.0687
295.0753
295.0817
295.0853
295.0911
295.0946
295.1014
295.107
295.1141
295.1239
295.1317
295.1433
295.1474
295.1592
295.1686
295.1772
295.1824
295.1937
295.1989
295.214
295.2295
295.242
295.2566
295.2897
295.3169
296.4948
296.5329
296.5644
296.5766
296.5869
296.6745
296.9691
296.9803
297.0101
297.8637
297.8746
297.877
297.893
297.902
297.9118
297.9528
297.9925
299.0304
299.0378
299.0429
299.0449
299.0492
299.0555
299.0613
299.0668
299.0702
299.0756
299.0813
299.0851
299.0938
299.0989
299.111
299.1224
299.134
299.1414
299.1562
299.1712
299.1903
299.2168
299.2334
299.2535
299.271
299.279
299.3008
299.875
299.9005
300.131
300.1426
300.1516
300.1714
300.3864
300.7104
300.7337
300.7491
300.8294
301.0038
301.0102
301.0138
301.0214
301.0271
301.0342
301.04
301.0436
301.049
301.0551
301.0587
301.065
301.0716
301.0747
301.0813
301.089
301.0996
301.1074
301.1193
301.1267
301.1343
301.1438
301.1518
301.1618
301.1762
301.1904
301.2006
301.2196
301.2502
301.3518
301.4173
302.34
302.491
302.5198
302.886
303.3478
303.7247
303.7308
303.7432
303.9017
304.3938
304.4126
304.9965
305.0039
305.0076
305.0096
305.0134
305.0192
305.0217
305.0269
305.031
305.0369
305.0444
305.0507
305.0562
305.0609
305.0675
305.0772
305.0889
305.1009
305.113
305.1257
305.1344
305.1483
305.1684
305.1881
305.2459
305.464
305.7
305.7225
305.8456
306.0522
306.0725
306.1045
306.1182
306.4748
306.4829
306.4998
306.7354
306.9218
306.9505
306.9599
306.9674
306.9812
306.9861
306.9911
306.9962
307.0015
307.0071
307.0119
307.0176
307.0219
307.0306
307.0357
307.0463
307.0576
307.0651
307.0768
307.0822
307.0972
307.107
307.1206
307.1334
307.1428
307.1559
307.1761
307.202
307.2284
307.3228
307.3898
307.8159
308.324
308.3638
308.3745
308.5055
309.1014
309.1126
309.6428
309.6778
310.9559
310.9608
310.9631
310.9684
310.9733
310.9782
310.9834
310.9875
310.9931
310.9997
311.0084
311.013
311.0196
311.0272
311.0322
311.0425
311.053
311.0709
311.0851
311.0986
311.1106
311.1232
311.1366
311.1533
311.2418
311.4336
311.4749
311.6659
311.6863
312.0463
312.0608
312.0909
312.4312
312.4438
312.6075
312.8157
312.9237
312.9281
312.9324
312.9366
312.9418
312.9462
312.9518
312.9565
312.9614
312.9655
312.9727
312.978
312.9833
312.9916
312.9975
313.0104
313.0151
313.0261
313.0306
313.0422
313.0488
313.0617
313.0714
313.0803
313.0937
313.1059
313.1214
313.1404
313.1766
313.3885
313.4478
314.2486
314.387
314.3946
314.4008
314.4087
314.5629
314.5819
314.9267
314.9345
314.9509
315.1262
315.1383
315.4919
315.5072
315.6618
315.8391
316.9005
316.9062
316.9078
316.9095
316.9113
316.9176
316.9238
316.9308
316.9383
316.942
316.9486
316.954
316.9612
316.9673
316.9762
316.9843
316.9912
317.0015
317.0138
317.0238
317.0328
317.0464
317.0612
317.0721
317.0831
317.0981
317.1115
317.1418
317.3436
317.3809
317.5162
317.531
317.5482
317.7279
317.9174
317.9368
317.9538
317.9661
318.269
318.3917
318.7104
318.7593
318.8872
318.8924
318.8967
318.9011
318.9069
318.9122
318.9165
318.9208
318.9248
318.9296
318.9342
318.9386
318.9449
318.9501
318.963
318.9749
318.9811
318.9919
319.0048
319.0101
319.0214
319.0284
319.0412
319.0769
319.1013
319.1266
319.3021
319.7826
320.2093
320.2629
320.2804
320.6743
320.6906
321.1636
321.3073
321.3804
321.4376
321.692
322.3151
322.8605
322.8659
322.8702
322.8772
322.8833
322.8899
322.8987
322.9034
322.9071
322.913
322.9211
322.9272
322.9332
322.9389
322.9453
322.953
322.961
322.9696
322.977
322.9892
322.9987
323.008
323.02
323.0321
323.0506
323.0826
323.2066
323.2371
323.2476
323.2582
323.3252
323.6496
323.6792
323.6888
323.6988
323.7102
323.7189
323.9925
324.3238
324.3876
324.3966
324.4986
324.8448
324.85
324.8547
324.8582
324.8618
324.8657
324.8697
324.8736
324.8771
324.8797
324.8867
324.8918
324.8986
324.9033
324.9113
324.9196
324.9294
324.9443
324.9499
324.9617
324.9678
324.9796
324.9864
324.9986
325.007
325.0173
325.039
325.0628
325.1122
325.1703
326.2346
326.5778
326.6025
326.6749
326.8519
326.8805
327.3333
327.5402
327.556
327.621
327.6484
328.8149
328.825
328.8271
328.8295
328.8337
328.8408
328.8486
328.8529
328.8581
328.8629
328.8659
328.8709
328.8818
328.8996
328.9046
328.9169
328.925
328.9416
328.9536
328.9627
328.9705
328.9949
329.0289
329.0877
329.1
329.1153
329.2718
329.2825
329.3006
329.3096
329.8511
330.0552
330.1848
330.6029
330.6275
330.639
330.8037
330.8104
330.8129
330.8184
330.8204
330.8252
330.8292
330.8342
330.8395
330.8434
330.8499
330.8557
330.8668
330.8725
330.8855
330.8994
330.9037
330.9167
330.9358
330.9408
330.9538
330.9741
330.9856
331.003
331.0459
331.1031
331.2815
332.1286
332.1345
332.1508
332.1923
332.2081
332.2373
332.6208
332.6525
332.6597
332.7046
332.8556
333.2314
333.4563
333.472
333.4938
333.6123
334.2374
334.5785
334.7806
334.7826
334.7867
334.7922
334.7959
334.8031
334.8081
334.813
334.8187
334.8225
334.8295
334.8381
334.8488
334.8608
334.8755
334.8859
334.8986
334.9065
334.9203
334.9354
334.9479
334.9616
334.9804
335.001
335.0213
335.0428
335.3165
335.3291
335.3897
335.5918
335.8655
335.8809
335.9497
336.2769
336.3935
336.69
336.7216
336.7316
336.7424
336.7484
336.7518
336.7576
336.7656
336.7783
336.7826
336.7888
336.7933
336.7977
336.8038
336.8089
336.8179
336.8323
336.8389
336.8493
336.8535
336.8649
336.8693
336.8827
336.8905
336.9024
336.9154
336.9234
336.9381
336.9673
336.9972
337.0442
337.1425
338.1191
338.1376
338.282
338.3134
338.3291
338.3489
338.3581
338.3776
338.3872
338.6949
338.7103
338.72
338.7546
339.2297
339.2489
339.264
339.2747
339.6445
340.7345
340.7395
340.7411
340.7453
340.7475
340.7543
340.7578
340.7626
340.7679
340.771
340.7789
340.7949
340.8021
340.8116
340.8178
340.8306
340.8391
340.8509
340.8637
340.8767
340.8863
340.8948
340.9082
340.9313
340.9809
341.2206
341.2347
341.2462
341.2662
341.2889
341.5491
341.5978
341.912
341.9307
341.9435
342.2758
342.458
342.4729
342.7111
342.7186
342.7244
342.7272
342.7312
342.7336
342.7375
342.7427
342.7456
342.7525
342.7568
342.7647
342.7695
342.778
342.7821
342.7918
342.8045
342.8094
342.8211
342.8373
342.8425
342.858
342.8643
342.8774
342.8851
342.9003
342.9153
342.9424
343.05
343.5826
344.0867
344.1109
344.4877
344.8024
345.2762
345.6633
345.6767
345.6811
346.6936
346.6986
346.7017
346.7066
346.7088
346.711
346.715
346.7184
346.7246
346.7305
346.7342
346.7401
346.7457
346.7517
346.7593
346.7792
346.7898
346.8007
346.8197
346.8354
346.8494
346.8679
346.9894
347.0008
347.0559
347.0845
347.1234
347.2716
347.3087
347.3403
347.4572
347.5268
347.5703
347.9244
347.9574
347.9916
348.0349
348.0419
348.0518
348.0629
348.0685
348.0927
348.3223
348.482
348.665
348.6695
348.6716
348.6808
348.6838
348.6891
348.6945
348.6978
348.7032
348.7068
348.7127
348.7179
348.7215
348.7305
348.7367
348.7461
348.751
348.7624
348.7657
348.7782
348.782
348.7958
348.8034
348.8178
348.8339
348.8525
348.8704
348.8856
348.9968
349.1188
350.022
350.0291
350.0308
350.0394
350.0418
350.0491
350.06
350.0662
350.5818
350.6489
351.0286
351.0518
351.2089
351.4606
351.4739
351.5
352.6649
352.6691
352.6708
352.673
352.6786
352.6808
352.6838
352.6886
352.6924
352.6976
352.7028
352.7083
352.7164
352.7262
352.7357
352.745
352.7557
352.7698
352.7857
352.8022
352.818
352.8343
352.8499
352.8779
352.9111
352.9251
352.9982
353.3637
353.5852
353.599
353.8183
353.8431
353.8655
353.9056
354.1349
354.1605
354.3191
354.3407
354.3665
354.624
354.6312
354.6332
354.6354
354.6411
354.6442
354.6509
354.6567
354.6616
354.6665
354.6715
354.678
354.6858
354.6908
354.7039
354.7073
354.7203
354.7242
354.7354
354.7394
354.7534
354.7577
354.772
354.7867
354.7941
354.8097
354.8269
354.8534
354.9852
356.0415
356.0814
356.0928
356.0998
356.1066
356.1238
356.2985
356.3115
356.464
356.4749
356.614
356.629
356.6398
356.6562
356.817
357.2102
357.2683
357.3625
357.3743
357.3881
358.6005
358.6069
358.6087
358.6129
358.6148
358.6244
358.6295
358.6333
358.6402
358.6456
358.6492
358.6557
358.6615
358.667
358.6747
358.6858
358.6972
358.7064
358.7134
358.7279
358.7393
358.7487
358.7607
358.7831
358.8019
358.8427
359.1497
359.1816
359.2008
359.2156
359.3571
359.3696
359.3898
359.5805
359.9605
360.2479
360.2692
360.5782
360.5833
360.5893
360.5936
360.5978
360.6073
360.6116
360.6158
360.6211
360.6256
360.6284
360.6355
360.6392
360.6506
360.6544
360.6646
360.6796
360.6858
360.6965
360.701
360.7136
360.7199
360.7321
360.7389
360.7531
360.7591
360.7763
360.7922
360.8477
360.8709
361.409
361.9557
362.3347
362.8224
362.8353
362.8431
362.8487
362.8631
362.8812
363.1545
363.5302
363.5484
364.5688
364.5732
364.5749
364.577
364.5842
364.587
364.5891
364.5941
364.5964
364.6003
364.6047
364.6122
364.6171
364.6261
364.6374
364.6473
364.6563
364.6681
364.6818
364.6939
364.721
364.7338
364.753
364.7712
364.7875
365.1122
365.1221
365.128
365.134
365.1466
365.5184
365.5384
365.5453
365.9524
366.0303
366.0487
366.0636
366.2211
366.4809
366.5445
366.5512
366.5552
366.5598
366.563
366.5664
366.5688
366.5748
366.5788
366.5829
366.5888
366.5939
366.5983
366.6049
366.6097
366.6221
366.6284
366.6389
366.6437
366.6557
366.6637
366.6745
366.6839
366.6947
366.7032
366.7153
366.7334
366.7574
366.7829
367.8818
368.0688
368.1368
368.1487
368.1638
368.5577
368.5776
368.6677
368.6777
368.8862
368.9147
368.9449
369.2178
369.23
369.2435
369.9713
370.5233
370.5258
370.5278
370.5305
370.5352
370.5396
370.5459
370.548
370.5542
370.5577
370.5621
370.5682
370.5798
370.5886
370.5992
370.6068
370.617
370.6257
370.6355
370.6478
370.6607
370.6907
370.7011
370.7171
370.7359
370.9881
371.0327
371.3192
371.3312
371.3428
371.626
371.6458
371.6742
371.9011
371.9192
372.0905
372.1228
372.131
372.3002
372.3802
372.5144
372.5179
372.5227
372.5255
372.5284
372.5331
372.5378
372.5402
372.5446
372.5495
372.5537
372.5613
372.5681
372.576
372.5815
372.5916
372.6096
372.6272
372.6325
372.6446
372.6617
372.6738
372.6881
372.7062
372.7584
372.8249
372.9714
373.8574
373.8791
373.8929
374.052
374.0593
374.0679
374.744
374.8361
374.8975
375.0305
375.0662
375.0789
375.4391
375.9146
375.92
375.9339
376.4819
376.4841
376.4859
376.4919
376.4992
376.5046
376.5108
376.5145
376.5177
376.5236
376.5293
376.5341
376.5412
376.5465
376.5572
376.5635
376.5791
376.5936
376.5998
376.6119
376.6204
376.6385
376.6482
376.6771
376.6913
376.8664
376.8883
376.9005
377.1672
377.2323
377.2626
377.2763
377.3399
377.7235
377.7397
377.7569
377.7706
377.9028
378.112
378.3889
378.4425
378.448
378.4502
378.454
378.4561
378.4625
378.4674
378.4712
378.4754
378.4823
378.4873
378.4938
378.5003
378.5077
378.5163
378.5247
378.5368
378.5481
378.5549
378.5632
378.5718
378.5863
378.5999
378.6115
378.6294
378.6511
378.6916
378.7314
379.2493
379.7671
379.7786
379.7831
379.8059
380.2041
380.6431
380.9549
381.082
381.3384
381.3576
382.441
382.4461
382.448
382.45
382.4551
382.4597
382.4618
382.4663
382.4715
382.4767
382.4844
382.4896
382.495
382.5056
382.5152
382.5269
382.5338
382.5415
382.5525
382.5626
382.5715
382.5823
382.5955
382.61
382.6241
382.6358
382.6534
382.678
382.8368
382.8548
383.0254
383.0505
383.0706
383.1649
383.1797
383.4104
383.4268
383.4494
383.8247
383.8663
383.9065
383.928
383.9528
383.9967
384.3354
384.3563
384.3997
384.4108
384.4142
384.4234
384.4318
384.4384
384.4425
384.449
384.4519
384.4573
384.4651
384.4706
384.4768
384.4819
384.4917
384.4975
384.5076
384.5121
384.5229
384.5273
384.5403
384.5471
384.5583
384.5631
384.5779
384.599
384.6144
384.6353
384.6634
384.8921
385.7502
385.7587
385.7663
385.7803
386.0978
386.1119
386.13
386.5878
386.9202
386.9416
386.9643
387.0491
388.3987
388.4012
388.4056
388.4122
388.4164
388.421
388.4252
388.4301
388.4357
388.4408
388.4484
388.4535
388.4594
388.4658
388.4749
388.4948
388.5072
388.5198
388.5322
388.5408
388.5602
388.5812
388.6071
388.8271
388.8422
388.8634
388.8802
388.9026
389.342
389.6943
389.7056
389.721
389.763
389.7745
389.9819
389.9974
390.009
390.0199
390.0344
390.3155
390.3299
390.3758
390.3815
390.3908
390.3937
390.399
390.4101
390.4143
390.4184
390.4231
390.4309
390.4374
390.4448
390.4484
390.4597
390.4636
390.4765
390.4808
390.4927
390.4981
390.5108
390.5166
390.5311
390.538
390.5504
390.5699
390.5913
391.7173
391.7382
391.7447
391.7612
391.773
391.7868
391.8321
392.1287
392.2764
392.4331
392.4546
392.4719
392.4977
392.5068
393.0369
393.0473
393.0706
394.3574
394.3655
394.3761
394.378
394.3818
394.3852
394.3902
394.3961
394.4013
394.4055
394.4111
394.4187
394.4268
394.4382
394.446
394.457
394.4697
394.4804
394.4907
394.5033
394.5133
394.5283
394.5671
394.5891
394.6022
394.8125
394.9923
395.2167
395.273
395.3803
395.553
395.573
395.6261
395.6337
395.6505
395.9243
395.9341
395.9513
395.9779
396.3292
396.3364
396.339
396.3434
396.3472
396.3524
396.3575
396.3626
396.3692
396.3731
396.3797
396.3847
396.3888
396.4005
396.4122
396.4164
396.4282
396.4312
396.4454
396.4512
396.4626
396.4783
396.4854
396.5006
396.5207
396.5372
396.5603
396.6192
396.7155
396.85
397.6768
397.6922
397.706
397.7587
397.772
397.7973
398.0871
398.3937
398.4319
398.581
399.0023
399.1664
399.2689
400.3199
400.3263
400.3289
400.331
400.3345
400.3369
400.3429
400.3474
400.3533
400.3587
400.3631
400.371
400.3796
400.3877
400.4053
400.416
400.4268
400.4356
400.4525
400.4697
400.4778
400.4925
400.5073
400.5205
400.5318
400.5475
400.5623
400.8283
400.9603
401.0217
401.0402
401.0484
401.068
401.3459
401.3999
401.5428
401.6396
401.6587
401.6688
401.6829
401.9415
401.957
401.968
401.982
402.2996
402.3028
402.31
402.314
402.3172
402.3202
402.323
402.3274
402.3317
402.3375
402.3422
402.3476
402.3546
402.3607
402.3699
402.3736
402.3853
402.3895
402.4021
402.4065
402.4189
402.4229
402.4372
402.4437
402.4591
402.478
402.5244
402.6763
403.1831
403.658
403.697
403.7193
403.9698
404.1458
404.1935
404.2144
404.8174
404.8537
405.0703
406.2678
406.2744
406.2778
406.2818
406.2854
406.2873
406.2935
406.2982
406.3007
406.3066
406.3098
406.3161
406.3218
406.33
406.3397
406.3498
406.3599
406.3771
406.3882
406.3963
406.412
406.4256
406.44
406.4584
406.4894
406.5073
406.7217
406.741
406.7675
406.9334
406.9439
406.9848
407.0125
407.0348
407.223
407.6021
407.6213
407.6333
407.8008
407.8143
407.85
408.0449
408.096
408.2101
408.2441
408.2488
408.2539
408.2587
408.2651
408.2677
408.2734
408.2781
408.2809
408.285
408.2902
408.2966
408.3031
408.314
408.3186
408.3305
408.334
408.3461
408.3512
408.364
408.3712
408.3833
408.3995
408.4085
408.4217
408.4366
408.4619
408.4802
408.5623
408.6203
408.6432
409.5557
409.5583
409.5607
409.5722
409.6801
409.7594
410.2112
410.2282
410.3245
410.8627
412.2197
412.2244
412.226
412.2279
412.235
412.2406
412.248
412.2523
412.2592
412.2642
412.2694
412.2769
412.2828
412.2922
412.3015
412.3128
412.3277
412.3425
412.3537
412.3725
412.3878
412.3981
412.4088
412.4288
412.4379
412.4644
412.7016
412.7166
412.8624
412.9046
412.9577
413.3722
413.3984
413.5575
413.5697
413.612
414.0684
414.081
414.0912
414.102
414.2009
414.2052
414.21
414.2179
414.2225
414.2269
414.2307
414.2352
414.2404
414.2456
414.25
414.2548
414.2605
414.2692
414.2798
414.2858
414.2959
414.301
414.311
414.3281
414.3408
414.3488
414.3613
414.3854
414.4004
414.4251
414.4691
414.6487
414.706
415.5255
415.5277
415.5637
415.5894
415.8843
415.8992
415.9101
415.9242
415.9336
416.2654
416.2817
416.3306
416.5105
416.5621
416.57
416.5773
416.5814
416.5906
416.6058
416.6203
416.9856
417.919
418.1785
418.1831
418.1851
418.1878
418.1941
418.1987
418.2036
418.2125
418.2178
418.2229
418.2302
418.2389
418.2508
418.2572
418.2655
418.2758
418.2855
418.2999
418.3144
418.3264
418.334
418.3505
418.3629
418.3987
418.4136
418.4316
418.4417
418.4563
418.6416
418.8376
418.8454
418.8518
418.9632
418.9824
418.9911
419.0029
419.0171
419.3183
419.4553
