1.6644
1.667
5.4761
5.5254
5.5283
6.878
6.8887
8.4353
8.9666
10.3272
12.0863
12.0901
12.092
12.101
12.107
12.1231
12.1467
12.163
12.2051
12.2144
12.6689
13.2608
13.6537
15.1032
15.1527
15.2188
15.4726
16.0634
16.0653
16.0767
16.0815
16.1152
16.1225
16.1706
17.0571
18.0519
18.0588
18.4147
19.4638
19.4662
19.4684
21.0246
21.9142
22.0194
22.0211
22.0259
22.0324
22.0346
22.0746
22.0842
22.0873
22.1355
22.4658
24.0011
24.0035
24.0157
24.0364
24.8627
25.985
27.9772
27.979
28.0519
28.094
28.1087
30.0361
30.4954
31.0377
33.1162
33.9357
33.9372
33.9388
33.9404
33.9436
33.9452
35.7913
35.8233
35.9141
35.9184
35.9268
35.9949
36.006
36.0128
36.0186
37.2514
37.2583
37.2641
37.448
39.8913
39.8933
39.9031
39.905
39.9083
39.9576
40.0071
41.875
41.8921
41.9667
41.9739
45.8489
45.8507
45.8523
45.8538
45.8554
45.9175
45.9231
46.0085
46.2729
47.4364
47.8323
47.8554
47.8826
47.9091
47.9135
48.8809
49.1902
51.2225
51.8061
51.8157
51.8173
51.8193
51.8637
51.8691
51.8749
51.8909
51.9382
53.1216
53.8743
53.886
53.9343
57.3307
57.764
57.7656
57.7825
57.8199
57.8278
57.8389
57.8438
58.6841
58.8533
59.743
59.7448
59.7472
59.7521
59.7546
59.8652
59.87
63.7206
63.7316
63.7375
63.8045
63.8115
63.8396
63.8449
65.7144
69.2389
69.6786
69.6848
69.6878
69.7593
69.7625
70.41200000000001
71.66459999999999
71.6986
71.76560000000001
74.7717
75.64019999999999
75.6463
75.64830000000001
75.7009
75.7055
75.7269
75.7349
76.04219999999999
76.6307
77.6208
77.6272
77.66849999999999
77.7076
77.7133
77.7196
78.93300000000001
81.59439999999999
81.59610000000001
81.5975
81.6054
81.6515
81.6609
81.69589999999999
83.5806
83.5928
83.63720000000001
85.49079999999999
85.7334
87.55249999999999
87.5599
87.5694
87.6294
87.6377
87.6434
87.6498
87.6581
89.5441
89.5701
89.6739
90.24169999999999
93.50879999999999
93.512
93.5197
93.5274
93.5782
93.587
93.6002
93.98860000000001
95.03700000000001
95.49290000000001
95.49679999999999
95.51179999999999
95.57980000000001
95.58459999999999
95.61960000000001
99.4661
99.468
99.5338
99.5744
101.4627
101.5467
101.5671
103.627
105.4243
105.4417
105.4865
105.49
105.494
105.4968
105.5194
107.4061
107.4094
107.413
107.4153
107.4762
107.4882
107.5077
107.5672
111.3828
111.386
111.4386
111.4504
111.4586
111.4705
111.4798
113.3861
113.429
113.4322
113.4366
113.4408
113.4454
113.4528
113.4576
114.8706
115.5134
117.3415
117.3459
117.349
117.3508
117.3977
117.4013
117.4199
117.4251
117.4633
118.1428
119.3906
119.404
119.4121
119.4242
119.4624
119.4838
120.4838
120.9028
123.2983
123.3014
123.3911
123.4771
125.2906
125.3168
125.3469
125.3536
125.3562
125.3621
125.3764
125.3815
125.3987
125.41
129.3346
129.4101
131.2362
131.241
131.3085
131.313
131.3332
131.3515
131.3667
135.2254
135.2698
135.2721
135.2743
135.2877
135.297
135.3688
137.1948
137.2024
137.2064
137.2112
137.2424
137.3085
141.1749
141.2352
141.2383
141.4963
143.1608
143.1702
143.1848
143.1968
143.2134
143.2209
143.2368
143.2841
145.7711
147.1267
147.1285
147.136
147.1441
147.2115
147.2651
149.1177
149.1226
149.131
149.1734
149.21
149.232
149.2383
149.2448
149.2571
151.5097
153.0852
153.0866
153.0881
153.0911
153.1566
153.2256
155.0631
155.068
155.0698
155.1288
155.1958
157.7937
159.0452
159.0467
159.0481
159.0528
159.0573
159.1025
159.1312
159.164
161.0292
161.0354
161.0374
161.0769
161.0949
161.1005
161.127
161.1551
161.1765
164.9988
165.3542
166.0379
166.9844
166.9885
166.9968
167.031
167.1587
168.0288
170.9586
170.9601
170.9645
171.0391
171.0902
172.9592
173.0068
173.0113
173.0171
173.0303
173.0409
176.9133
176.9164
176.924
176.9274
176.9297
176.9385
176.9732
177.0018
177.0159
177.0515
177.2723
177.3131
178.9107
179.0063
179.0112
179.0707
179.0768
179.085
181.8869
182.8702
182.8761
182.8776
182.8863
182.8907
182.9262
182.9314
184.913
184.9322
184.9481
184.9604
184.9974
187.9848
188.8287
188.832
188.8379
188.8429
188.8797
188.9788
189.3204
190.8145
190.8933
190.9155
190.9206
194.7883
194.7897
194.7977
194.8452
195.8833
196.7728
196.7842
196.8274
196.8364
198.0905
200.7521
200.7553
200.757
200.7612
200.8114
200.8282
200.8417
202.8551
204.1222
206.7022
206.7038
206.7052
206.7096
206.7111
206.7128
206.7144
206.7189
206.7661
206.7753
208.6964
208.7465
208.7686
208.7811
210.0051
210.0126
211.7224
212.6597
212.6655
212.6683
212.6733
212.6756
212.7219
214.7333
214.7635
214.7741
214.7855
217.1063
218.6277
218.6315
218.6773
218.6859
218.7149
220.6571
220.6627
224.5751
224.5767
224.586
224.5896
224.6289
224.6405
226.5779
226.6319
230.5396
230.5409
230.5442
230.5463
230.6069
230.72
232.1707
232.598
232.61
232.622
232.6392
232.6539
233.8303
236.4735
236.5561
237.4598
237.4634
239.5008
241.5266
242.4544
242.5038
242.5171
242.6506
243.8106
244.4346
244.4611
244.5539
247.0272
248.416
248.4195
248.4626
248.4658
248.5428
250.3992
250.467
250.4758
250.5484
251.907
254.3625
254.3642
254.3672
254.3687
254.3702
254.3751
254.4603
254.4903
255.109
256.3522
256.4053
256.4109
256.4376
256.4475
256.4576
256.4763
256.5009
257.3715
259.4359
260.3217
260.323
260.3286
260.4192
260.451
260.5091
260.6494
262.3095
262.3298
262.338
262.3651
262.3717
263.603
263.6066
266.277
266.2801
266.2816
266.335
266.7288
268.2577
268.2667
268.2751
268.2929
268.3412
268.4021
269.5544
269.5689
271.2283
272.237
272.2427
272.2443
272.246
272.2522
272.2951
272.3079
272.3443
272.3718
272.8889
272.9229
274.2408
274.2537
274.3212
274.3507
278.1959
278.2002
278.2016
278.2049
278.2623
278.3291
278.3335
280.1821
280.1938
280.2104
280.2374
280.2447
280.2763
280.2842
282.8592
284.1539
284.1571
284.1602
284.166
284.2121
284.2391
284.2516
284.398
284.5542
284.5587
286.141
286.1504
286.1822
286.2188
286.2712
289.1006
289.7276
290.1107
290.1163
290.1234
290.1646
290.2704
290.9074
292.1033
292.1638
296.0656
296.0702
296.0717
296.076
296.1322
296.1645
297.6953
298.0548
298.0574
298.0968
298.1789
298.1927
301.6982
302.0351
302.0893
302.0952
302.1372
302.1838
302.3361
303.7913
304.0094
304.018
304.1226
304.1408
305.2822
307.9846
307.9922
308.0441
308.0497
308.0573
308.1212
308.6167
309.9568
309.9993
310.0629
310.0675
310.0736
310.0773
311.0375
311.1173
312.3985
313.9418
313.9433
313.9463
313.9558
313.9909
314.0063
315.92
315.9229
315.9782
316.0424
316.1166
316.1267
319.8957
319.8973
319.9045
319.9078
319.9533
319.9558
320.0732
320.3275
321.8801
321.8837
321.8905
321.9816
321.9875
322.0383
322.0735
323.254
323.3552
325.854
325.8554
325.8569
325.8612
325.9127
325.9154
325.9847
325.9875
327.5583
327.8407
327.9012
327.9332
327.9706
328.011
328.9638
329.5723
331.8106
331.8121
331.8152
331.8226
331.8311
331.875
331.9154
331.943
331.9623
333.7989
333.8478
333.8541
333.8602
333.8747
337.7759
337.7791
337.7807
337.9184
339.7844
339.8051
339.8855
339.8905
341.8179
343.7288
343.7319
343.787
343.7898
343.8868
344.1754
344.527
345.7101
345.8479
345.8509
349.6839
349.687
349.6928
349.7447
349.749
349.7612
349.7866
351.6755
351.6933
351.7194
351.8135
355.6438
355.6479
355.6509
355.745
355.7839
357.7068
358.6614
358.9825
360.0801
360.6536
361.6017
361.6043
361.6085
361.6724
361.7162
362.0117
363.5927
363.5983
363.6153
367.5586
367.5712
367.6128
367.7126
367.7155
367.9835
368.0005
368.4352
368.4797
369.5347
369.5384
369.6182
369.6471
369.6567
369.6657
372.1362
373.5203
373.5217
373.5247
373.5771
373.583
373.6485
373.6633
373.96
373.9652
374.5079
375.5026
375.6005
375.6214
375.6388
375.6451
378.4075
378.4736
378.5041
379.4791
379.4855
379.4875
379.5323
379.5359
379.5394
379.8381
380.462
380.4805
381.4833
381.5085
381.5225
381.534
385.4286
385.4822
385.4856
385.5261
385.5683
387.4077
387.4144
387.4167
387.4191
387.4213
387.4927
387.5241
387.5365
388.3199
388.4252
388.7563
391.3868
391.3884
391.3925
391.447
391.9064
392.0912
392.0981
393.367
393.3732
393.402
397.3472
397.3488
397.3546
397.3581
397.4047
397.4114
397.4201
397.4456
397.7008
398.1207
399.338
400.6142
401.887
403.3039
403.3067
403.3083
403.3095
403.3157
403.3635
403.3718
403.4269
403.4614
403.5468
403.5659
405.291
405.3031
405.3333
405.3491
405.4129
405.4316
409.2593
409.2609
409.2638
409.2714
409.2779
409.3304
409.3548
409.3572
410.0504
411.3082
411.3131
411.3168
411.3607
412.1236
413.3092
415.2178
415.2193
415.2223
415.2303
415.2399
415.2766
415.2823
415.3151
415.3723
415.7588
417.1986
417.2018
417.2222
417.2538
