0.1206
0.1801
0.284
0.5014
2.1937
2.2227
2.7361
2.9949
3.0099
3.2772
3.3597
3.5085
3.5765
3.8414
4.0241
4.0725
4.083
4.0857
4.1321
4.8639
5.181
5.297
5.5959
5.8371
6.0291
6.4316
6.759
7.121
7.2124
7.3105
7.4355
7.5539
7.6641
9.228899999999999
9.5969
9.729699999999999
9.795
10.0793
10.2017
10.2161
10.6956
10.8063
10.8489
10.8717
11.2319
11.245
11.5051
12.0786
12.1198
12.1287
12.1672
12.1844
12.2059
12.2232
12.2306
12.2624
12.3076
12.5751
12.7606
12.7941
12.8345
12.8584
13.1084
13.1257
13.2099
13.2775
13.3245
13.4538
13.4564
13.7569
13.8773
13.976
14.0982
14.1536
14.6282
14.7144
14.7715
15.0508
15.1172
15.1821
15.1878
15.2165
15.2228
15.3225
15.3485
15.4559
15.4824
15.8771
15.8885
16.0511
16.0588
16.074
16.1301
16.134
16.146
16.158
16.159
16.1721
16.1738
16.176
16.1917
16.2007
16.2211
16.2354
16.2654
16.3244
16.4031
16.4343
16.4493
16.4653
16.497
16.515
16.5518
17.1394
17.1541
17.2002
17.4906
17.7874
18.0375
18.0647
18.0802
18.0935
18.1086
18.1651
18.1877
18.2138
18.2883
18.3003
18.3278
18.395
18.7073
19.4598
19.6518
19.8951
20.2331
20.3516
20.3752
21.1072
21.1504
21.1569
21.2267
21.2882
21.3228
21.3727
21.9108
21.9404
22.0279
22.0297
22.0397
22.0649
22.074
22.0789
22.0915
22.0948
22.0996
22.1013
22.1119
22.1727
22.2103
22.2495
22.2943
22.3031
22.3599
22.3753
22.7435
22.7636
22.8595
23.0362
23.096
23.3807
23.3887
23.5064
23.607
23.8373
23.8628
24.0012
24.0344
24.0404
24.0596
24.0656
24.0751
24.0933
24.1376
24.1545
24.1853
24.3323
24.5247
24.5541
24.6802
24.6955
24.74
25.1176
25.3166
25.7746
25.9848
26.015
26.1542
26.2906
26.3205
26.3475
26.5128
26.594
26.6978
26.7885
27.0344
27.0618
27.1345
27.2581
27.2951
27.3152
27.4106
27.4326
27.6709
27.9633
27.9762
27.9773
27.9937
28.0011
28.0383
28.0713
28.1062
28.1765
28.1831
28.1892
28.2352
28.2953
28.3772
28.4801
28.579
28.594
28.7215
28.7297
28.9931
29.5327
29.5345
29.8452
29.932
29.9842
30.0115
30.0387
30.0793
30.135
30.2388
30.3086
30.3432
30.3883
30.7597
30.8791
31.0282
31.3496
31.3616
31.4702
31.4738
31.8085
32.0146
32.0659
32.0843
32.0982
32.1488
32.4439
32.5321
32.5949
32.7205
32.8831
32.9689
33.0097
33.0984
33.1991
33.2811
33.3693
33.5085
33.5965
33.6772
33.7147
33.8494
33.9361
33.9414
33.9435
33.9447
33.9475
33.9517
33.9567
33.9652
33.9736
33.9848
33.99
34.0208
34.0267
34.0337
34.0535
34.0645
34.0769
34.0805
34.0835
34.0875
34.1098
34.2085
34.3146
34.376
34.4249
34.4866
34.8285
34.9131
34.9271
35.259
35.5127
35.7227
35.7577
35.7908
35.9568
35.9802
35.9828
35.985
36.0312
36.0422
36.1031
36.1302
36.1422
36.182
36.4476
36.5874
36.8401
36.8595
36.9387
36.9788
37.2879
37.8525
37.9801
37.9873
38.0368
38.2356
38.3173
38.3891
38.4461
38.4601
38.4644
38.9609
38.9815
39.0958
39.155
39.1664
39.323
39.4455
39.6241
39.7492
39.7837
39.8981
39.9013
39.9035
39.9183
39.9575
39.9755
39.983
39.9856
39.9868
39.9896
39.9969
40.0453
40.0471
40.0521
40.0556
40.1253
40.34
40.346
40.666
41.3623
41.4875
41.5095
41.6527
41.7999
41.8811
41.8867
41.9113
41.9409
42.0486
42.0594
42.1441
42.178
42.2019
42.2105
42.3206
42.3683
42.4379
42.7772
42.8
42.8709
42.9879
43.2232
43.3136
43.3702
43.4721
43.5472
43.7011
43.8202
43.8457
44.3359
44.3651
44.3914
44.4193
44.8802
44.9441
45.1105
45.207
45.3044
45.3145
45.3992
45.4139
45.5246
45.8411
45.8445
45.8541
45.8627
45.8663
45.8679
45.8728
45.8768
45.8903
45.8926
45.901
45.9212
45.9228
45.924
45.9604
45.9696
45.9732
46.0067
46.0157
46.0272
46.0385
46.0843
46.087
46.0945
46.1269
46.1462
46.1823
46.281
46.5407
46.6443
46.8389
47.0605
47.1212
47.4778
47.5534
47.6763
47.7342
47.7856
47.8186
47.8664
47.8855
47.8947
47.9594
47.9688
47.9944
48.08
48.2241
48.2863
48.4141
48.7564
48.8491
48.8808
48.9018
49.1033
49.1547
49.4624
49.464
49.5938
49.8294
49.8388
49.9522
50.0887
50.1028
50.2043
50.2722
50.3194
50.3365
50.4686
50.6475
50.65
50.7254
50.8345
50.8643
50.9975
51.4422
51.4528
51.7435
51.7874
51.8118
51.8178
51.8327
51.8449
51.862
51.8662
51.8684
51.8843
51.8874
51.9006
51.9089
51.9161
51.9216
51.9351
51.9794
52.11
52.1238
52.4449
52.5536
52.7978
53.0786
53.1846
53.2934
53.5388
53.65
53.8009
53.8216
53.8552
53.8797
53.8852
53.9347
53.9432
53.9476
53.9636
53.9711
54.0068
54.0776
54.0963
54.2049
54.3716
54.4758
54.9272
55.0177
55.0786
55.3838
55.5896
55.596
55.6271
55.7492
55.849
55.8521
55.9143
56.0919
56.5717
56.6088
56.743
56.8049
56.8229
56.8982
57.0434
57.2384
57.5462
57.6676
57.7686
57.7814
57.7846
57.7951
57.807
57.8087
57.8193
57.8253
57.8366
57.8446
57.8653
57.9109
57.9122
57.92
57.9303
57.9976
58.0503
58.1288
58.1849
58.4409
58.446
58.4709
58.4774
58.5307
58.625
58.8044
59.2745
59.5564
59.7505
59.7956
59.8358
59.8379
59.8514
59.8688
59.8749
59.8808
60.0898
60.3347
60.4662
60.8109
61.0516
61.091
61.2096
61.2271
61.7017
62.0046
62.0526
62.5664
62.652
62.8075
62.9389
63.0151
63.2221
63.2708
63.6838
63.7253
63.731
63.7323
63.7375
63.74
63.7688
63.7918
63.8063
63.8217
64.0547
64.21599999999999
64.23220000000001
64.38420000000001
64.4109
64.5411
64.63809999999999
65.1088
65.73050000000001
65.8673
65.9559
65.9915
65.9999
66.0192
66.38939999999999
66.39449999999999
66.515
66.6468
66.8665
66.9151
67.0869
67.1491
67.1666
67.1987
67.2343
67.2651
67.3087
67.55289999999999
67.6191
67.7256
68.3715
68.3857
68.4144
68.90989999999999
69.1095
69.20659999999999
69.22499999999999
69.2518
69.3314
69.4079
69.68899999999999
69.69280000000001
69.69750000000001
69.72029999999999
69.7351
69.74939999999999
69.7542
69.7895
69.7942
69.80240000000001
69.80410000000001
69.8582
69.895
69.95399999999999
69.9936
70.08620000000001
70.1525
70.3391
70.386
70.5014
70.5124
70.9427
71.03449999999999
71.19110000000001
71.3993
71.6263
71.65260000000001
71.68429999999999
71.7009
71.71599999999999
71.7248
71.7961
71.8066
71.8117
71.85120000000001
71.858
71.9288
72.1357
72.2362
72.23990000000001
72.55410000000001
72.7895
72.84050000000001
73.2199
73.3531
73.4143
73.4521
73.8413
73.8515
73.8984
73.9453
74.03919999999999
74.0673
74.464
74.99979999999999
75.2804
75.6515
75.6748
75.68340000000001
75.70099999999999
75.7368
75.7383
75.7658
75.8227
75.92700000000001
75.9526
75.9885
76.2615
76.4431
76.6163
76.79049999999999
77.11799999999999
77.592
77.5993
77.6074
77.6232
77.6647
77.6756
77.6818
77.68559999999999
77.7439
77.96939999999999
77.9849
78.04049999999999
78.1311
78.3288
78.36069999999999
78.4914
78.6938
78.7496
78.88079999999999
79.4225
79.6039
79.694
79.756
80.06529999999999
80.30459999999999
80.32769999999999
80.4028
80.47539999999999
80.6023
80.6558
80.75320000000001
80.7668
80.914
81.1827
81.2422
81.5908
81.6058
81.6374
81.6691
81.67870000000001
81.7003
81.71599999999999
81.8874
82.1354
82.1377
82.2041
82.4366
82.7075
82.78279999999999
82.7962
82.88
83.3172
83.51909999999999
83.5518
83.5792
83.6266
83.63290000000001
83.6459
83.6932
83.7342
83.8219
83.9388
84.16630000000001
84.2062
84.3309
84.5874
84.6006
84.6998
84.7452
84.8732
84.9512
84.9854
85.23999999999999
85.4111
85.7714
86.35720000000001
86.5761
86.5998
86.61109999999999
87.2371
87.2903
87.5421
87.5757
87.58920000000001
87.5909
87.6031
87.6052
87.61360000000001
87.6484
87.7022
87.7163
88.0014
88.0072
88.5324
88.5556
88.651
88.9225
88.9699
89.0476
89.1618
89.3972
89.5125
89.5718
89.57340000000001
89.57550000000001
89.6373
89.66459999999999
89.6979
89.7702
90.0454
90.2848
90.84269999999999
91.4637
91.5749
91.8994
92.1314
92.28919999999999
92.7011
92.7338
92.9451
92.9721
93.0377
93.1541
93.2161
93.2632
93.51349999999999
93.5172
93.55840000000001
93.60039999999999
93.6155
93.7486
94.0119
94.1563
94.24639999999999
94.31950000000001
94.4004
94.49039999999999
94.5031
94.5382
94.5998
94.6253
94.64100000000001
94.68980000000001
94.87439999999999
94.94889999999999
94.97490000000001
95.3108
95.37130000000001
95.41630000000001
95.5292
95.56489999999999
95.5759
95.5917
95.59310000000001
95.6302
95.8643
95.87309999999999
95.8961
96.0074
96.1011
96.2363
96.3391
96.4426
96.5912
97.0004
97.88460000000001
98.0292
98.4979
98.5573
98.5988
99.1451
99.2098
99.4448
99.45569999999999
99.47020000000001
99.47239999999999
99.474
99.47539999999999
99.4776
99.4808
99.4901
99.5033
99.6183
99.7864
99.83
99.8433
99.9224
100.0169
100.1242
100.2051
100.4794
100.512
100.5715
100.6008
100.6784
100.6827
100.9702
100.9943
101.2182
101.4551
101.4656
101.4812
101.4927
101.503
101.5063
101.5301
101.5568
101.8357
101.869
102.0747
102.1029
102.9756
103.2604
103.2995
103.3458
103.9065
104.339
104.685
104.7359
104.8
104.8079
105.2213
105.2493
105.2603
105.2889
105.4143
105.4169
105.4299
105.4359
105.4386
105.4422
105.4864
105.501
105.5532
105.8102
105.9018
105.9689
105.9955
106.0444
106.1396
106.15
106.2285
106.335
106.3693
106.3911
106.5659
106.6056
106.7194
106.9101
106.92
106.9523
106.9989
107.0057
107.2135
107.3838
107.4124
107.417
107.4538
107.4638
107.4683
107.5125
107.5345
107.6506
107.7744
107.8478
108.0596
108.1956
108.3183
108.4489
108.5167
108.5202
108.6657
109.2785
109.7806
109.8346
110.0703
110.2593
110.4406
110.4735
110.5716
110.7128
110.9685
111.1339
111.2479
111.3414
111.3942
111.3971
111.4069
111.4301
111.437
111.4427
111.4666
111.4775
111.5548
111.6268
111.9702
111.9999
112.0396
112.0836
112.0851
112.144
112.1657
112.23
112.4937
112.5389
112.7284
112.7508
112.8332
113.0153
113.1559
113.2672
113.3435
113.4052
113.471
113.4831
113.4979
113.5149
113.5718
113.6899
113.7186
113.7896
113.9983
114.4026
114.9938
115.1118
115.352
115.5422
116.0872
116.4072
116.4548
116.5243
116.5639
116.7937
116.842
117.2159
117.3385
117.3415
117.343
117.3656
117.4153
117.4398
117.4446
117.4726
117.4963
117.5014
117.5038
117.5257
117.6516
117.9212
117.9655
118.0552
118.1818
118.2315
118.2919
118.4171
118.5698
118.8396
118.8626
119.3267
119.3554
119.3937
119.4651
119.5042
119.5775
119.8909
120.182
120.2447
120.3878
120.39
120.4342
120.5572
120.6233
120.862
120.9801
121.0628
121.2049
121.3001
121.5882
121.673
122.4756
122.7669
122.8342
123.0623
123.2628
123.2985
123.3285
123.4378
123.4923
123.5944
123.6967
123.7087
123.7732
123.8266
123.8329
123.8448
123.8733
124.5055
124.7846
124.9153
124.9233
124.9378
124.9587
125.3421
125.3489
125.445
125.4997
125.6056
126.2436
127.3528
127.3579
127.4989
127.6931
127.7208
127.9711
127.9921
128.0959
128.1475
128.3054
128.3342
128.3424
128.4016
128.4112
128.425
128.4786
128.6602
128.7628
128.7737
129.0447
129.1509
129.2468
129.2588
129.261
129.2693
129.283
129.2932
129.3169
129.3213
129.3375
129.3559
129.4145
129.4267
129.4289
129.4331
129.4369
129.4582
129.6098
129.7633
129.8137
129.9341
130.281
130.3135
130.3187
130.6506
130.6881
130.7285
130.8805
130.9147
131.1464
131.2839
131.2892
131.2954
131.2972
131.3225
131.3301
131.3713
131.4831
131.5211
131.6043
131.6502
131.8123
131.8453
131.8988
132.556
132.5616
132.5966
132.8021
133.5821
134.0293
134.1256
134.1414
134.3069
134.3346
134.3522
134.3676
134.3833
134.5104
134.5175
134.697
134.8698
135.1033
135.1351
135.2174
135.2471
135.2585
135.2725
135.2823
135.2916
135.3008
135.3038
135.33
135.3793
135.4223
135.5073
135.7656
135.8161
136.4229
136.5656
136.9149
137.1851
137.2458
137.2718
137.2778
137.4669
137.7356
137.8893
138.3409
138.7704
139.1712
139.7079
140.0234
140.1267
140.2183
140.265
140.3209
140.3445
140.373
140.426
140.5143
140.6074
140.8373
140.8392
141.0799
141.1779
141.1826
141.1903
141.2098
141.2481
141.2673
141.2816
141.3046
141.323
141.3504
141.4384
141.5538
142.0356
142.147
142.4425
142.4762
142.5153
142.6235
142.6521
142.7026
142.761
142.8744
142.8797
143.1645
143.2379
143.261
143.2651
143.2965
143.5274
144.1315
144.544
144.5856
144.7988
144.8556
145.8157
145.8269
145.9039
146.0295
146.1301
146.1934
146.2301
146.4206
146.557
146.715
146.7439
146.8503
147.143
147.1482
147.1681
147.1841
147.2178
147.224
147.2348
147.2522
147.257
147.2793
147.3295
147.6496
147.804
147.9764
148.0231
148.345
148.396
148.6363
148.7005
148.9831
149.0681
149.1681
149.1863
149.1995
149.2263
149.231
149.2846
149.3604
149.3896
149.6805
149.7404
149.8128
149.8361
149.8469
149.8569
149.9595
150.0746
150.1032
150.2653
150.6297
150.7238
150.7252
150.7605
150.9672
150.9699
151.1081
151.2956
151.9051
152.1245
152.1854
152.2357
152.2761
152.2851
152.4348
152.4788
153.0067
153.0578
153.0793
153.0966
153.1017
153.1125
153.1277
153.1337
153.1444
153.1489
153.1641
153.1816
153.2316
153.3593
153.7541
153.8057
153.8964
154.389
154.6759
154.7271
154.8301
155.0105
155.0294
155.0833
155.1392
155.1711
155.1933
155.2481
155.2746
155.5164
155.7201
155.7759
155.8865
156.0233
156.3839
156.3965
156.5923
156.6241
156.6323
156.6846
156.8703
157.1365
157.1455
157.1893
157.5553
157.9922
158.0566
158.0993
158.2
158.2426
158.2501
158.3394
158.4973
158.5449
158.5607
158.9234
159.0373
159.0466
159.0582
159.0989
159.1011
159.1198
159.1247
159.1468
159.1903
159.2917
159.452
159.4908
159.5167
159.5268
159.5651
159.6379
160.2243
160.2413
160.4268
160.4325
160.6994
160.8134
160.8854
160.9688
161.1415
161.1604
161.1649
161.2774
161.2989
161.4596
161.4696
161.4894
161.5188
161.5467
161.6022
161.7215
161.9189
162.1376
162.2754
162.5135
162.643
162.781
163.0502
163.1802
163.1956
163.3941
163.5048
163.6067
163.8015
163.9596
164.0492
164.0895
164.0962
164.1247
164.139
164.1506
164.2066
164.2707
164.3462
164.631
164.9145
164.9898
164.9955
165.0036
165.0079
165.0421
165.045
165.0541
165.0592
165.0757
165.0799
165.1178
165.1464
165.1819
165.3523
165.3554
165.377
165.7845
165.791
165.9421
166.095
166.4523
166.5544
166.678
166.7867
167.0359
167.0418
167.0929
167.1086
167.1141
167.1353
167.1933
167.1983
167.2174
167.3984
167.5927
167.6042
167.8484
167.8821
167.9085
167.9747
168.6627
168.7327
169.2387
169.3367
169.3843
169.6568
169.6881
169.733
169.8059
169.8109
169.9804
170.0401
170.2757
170.4194
170.8164
170.867
170.8848
170.9902
171.0044
171.019
171.0214
171.0236
171.0257
171.0289
171.0937
171.0949
171.1165
171.1783
171.2088
171.4999
171.8998
172.0244
172.0532
172.455
172.6825
172.6948
173.1546
173.158
173.1994
173.5065
173.519
173.6121
173.6564
173.8262
173.8314
173.8815
174.0491
174.4876
174.6805
174.9871
175.1814
175.5735
175.6606
175.7025
175.7711
175.8412
175.8423
175.887
176.1452
176.3281
176.4088
176.4286
176.4759
176.5063
176.5324
176.9185
176.9295
176.9325
176.9852
176.992
176.9968
177.0118
177.0174
177.019
177.0691
177.2148
177.2389
177.2889
177.3147
177.359
177.4489
177.5081
177.61
177.855
177.9767
178.3158
178.369
178.9155
178.9662
178.9812
178.9937
179.092
179.1004
179.118
179.1316
179.1985
179.1996
179.2482
179.3499
179.7585
179.8672
180.2506
180.2631
180.3549
180.3903
180.4627
180.4763
180.7335
180.8249
181.4669
181.5725
181.5831
181.6539
181.8591
181.965
182.1925
182.2497
182.3307
182.4671
182.5615
182.7511
182.8419
182.8741
182.8797
182.9265
182.9355
182.9468
182.9509
183.2554
183.7391
183.7933
183.8008
183.8873
184.0817
184.3342
184.3698
184.4405
184.5648
184.5722
184.7089
184.7339
184.8308
184.8858
184.8884
184.9081
184.9222
184.9283
184.9424
184.9492
184.9631
184.9922
185.097
185.1564
185.2502
185.2597
185.2697
185.7154
185.8137
186.0994
186.1805
186.2523
186.4547
186.4561
186.554
186.6158
186.8811
187.1223
187.287
187.7076
187.7485
187.836
187.8662
187.873
187.9849
188.0055
188.044
188.0661
188.1874
188.2203
188.2255
188.2354
188.2516
188.2928
188.3394
188.3603
188.4049
188.5145
188.7111
188.8301
188.8336
188.8465
188.8889
188.8922
188.9056
188.986
189.0081
189.5995
189.9203
189.9611
190.1352
190.177
190.2905
190.466
190.6497
190.7388
190.7767
190.8526
190.9346
190.986
191.0246
191.0853
191.1553
191.1772
191.2952
191.3473
191.4233
191.5018
191.7819
191.81
191.8643
191.9675
192.312
192.6185
192.6739
192.8032
192.9782
193.1958
193.3882
193.4548
193.5022
193.5956
193.8473
193.868
193.9951
194.0542
194.2099
194.3663
194.6895
194.724
194.7908
194.8188
194.82
194.8363
194.8486
194.8782
194.9425
194.9623
195.0119
195.0362
195.1455
195.1975
195.393
195.4493
195.5171
195.78
195.8483
195.9265
196.0129
196.07
196.0852
196.2187
196.5295
196.7591
196.7847
196.8035
196.8091
196.8257
197.0997
197.1258
197.24
197.3935
197.4268
197.7796
197.7851
197.794
197.8421
198.059
198.0633
198.1302
198.5112
198.7811
198.9272
198.9375
198.948
199.1122
199.172
199.2251
199.7425
199.7967
199.8458
199.9979
200.1396
200.6496
200.7409
200.7524
200.7602
200.7664
200.8045
200.8759
200.955
200.9868
201.0894
201.1765
201.2221
201.259
201.3252
201.521
201.5541
201.5865
201.6791
201.917
202.0379
202.0769
202.3027
202.4745
202.7408
202.746
202.7525
202.7721
202.8028
202.8295
202.846
202.863
202.9187
202.9492
203.0937
203.429
203.5476
203.6733
203.6817
203.8079
203.9543
204.1872
204.227
204.3115
204.4021
204.6164
204.8474
204.8675
205.4201
205.7195
205.7613
205.8093
205.818
206.0181
206.187
206.1909
206.2911
206.3627
206.5284
206.539
206.715
206.771
206.7799
206.7939
206.8184
206.8272
206.8503
206.862
206.8725
206.8904
206.9891
207.2284
207.4721
207.4851
207.5057
208.2212
208.6697
208.759
208.7623
208.7677
208.7808
208.935
209.1487
209.2011
209.2484
209.3007
209.3262
209.5476
209.6803
209.7456
210.0277
210.0883
210.1906
210.3851
210.9143
211.0336
211.2011
211.3807
211.3996
211.655
211.6748
212.0356
212.374
212.4581
212.6299
212.6462
212.6634
212.6724
212.6897
212.7286
212.7331
212.7427
212.7447
212.7536
212.7573
212.7607
212.7808
212.9384
212.9513
212.9833
212.9923
213.1106
213.2104
213.3985
213.4348
213.4965
213.9735
213.9983
214.2669
214.3665
214.3917
214.4237
214.4358
214.5636
214.625
214.6858
214.7279
214.7329
214.7571
214.9246
214.9635
215.041
215.0875
215.3642
215.5568
215.6572
215.7174
215.9244
215.9382
216.0255
216.2178
216.285
216.4486
216.9904
217.1868
217.2279
217.2426
217.4122
217.4628
217.5494
217.6358
217.6418
217.6471
217.712
217.7364
217.8117
217.8432
217.8869
218.0879
218.1116
218.3171
218.373
218.4201
218.4231
218.5646
218.6075
218.6171
218.6182
218.638
218.671
218.6731
218.7037
218.707
218.7126
218.7244
218.7562
218.782
218.7921
218.8816
219.461
219.5528
219.5634
219.9054
219.9432
220.1497
220.224
220.5537
220.6405
220.6474
220.6862
220.6906
220.9173
220.9779
221.3462
221.3711
221.3895
221.5382
221.7838
221.8047
221.813
222.0683
222.0771
222.168
222.2117
222.2416
222.2479
222.5991
222.6879
223.1616
223.4728
223.5494
223.6239
223.6287
223.6558
223.7535
223.7671
223.7772
224.1516
224.3557
224.4616
224.5763
224.5814
224.5824
224.5858
224.5882
224.6188
224.6541
224.6755
224.6812
224.6855
224.6923
224.7288
224.7618
224.7783
224.8121
224.9309
224.9561
224.9997
225.0675
225.1402
225.1528
225.5144
225.6063
225.7831
225.8059
225.9828
226.1022
226.1281
226.1673
226.2385
226.4907
226.4986
226.5125
226.55
226.5877
226.5895
226.6169
226.6476
226.6615
226.6655
226.7165
226.7205
226.722
226.7382
226.8687
226.8969
227.0118
227.098
227.1444
227.3182
227.4488
227.4885
227.8725
228.0084
228.209
228.2599
228.3169
228.35
228.3958
228.5296
228.7895
229.1721
229.24
229.2634
229.3802
229.5434
229.6182
229.6586
229.704
229.7499
229.7964
229.8478
230.101
230.2077
230.3353
230.5311
230.5371
230.5424
230.5574
230.5777
230.5944
230.6078
230.6133
230.6219
230.6234
230.635
230.6698
230.7685
230.8387
230.9516
231.0608
231.2549
231.2838
231.2891
231.319
231.6574
231.7236
232.0462
232.0565
232.3917
232.4059
232.4939
232.5205
232.5659
232.5699
232.6127
232.6918
232.7128
232.9348
233.0529
233.0745
233.257
233.2837
233.3123
233.3874
233.8259
233.9347
234.4799
235.0411
235.0631
235.0738
235.2353
235.2376
235.3215
235.5534
235.7404
235.7913
235.8456
235.892
236.0771
236.4751
236.4781
236.4838
236.4867
236.5423
236.5492
236.5678
236.5831
236.6921
236.7228
236.7429
236.8569
237.0175
237.1879
237.2093
237.2903
237.2996
237.3798
237.4151
237.4582
237.9595
238.0305
238.033
238.0459
238.2891
238.3431
238.4471
238.5228
238.5361
238.5442
238.5646
238.574
238.6013
238.7166
238.7726
238.8152
238.8747
238.9035
239.0444
239.0456
239.0945
239.1291
239.2388
239.2977
239.4745
239.5094
239.7474
240.1353
240.3141
240.3439
240.5925
240.7047
240.7654
240.923
241.0979
241.1816
241.3026
241.3612
241.5011
241.5154
241.6779
241.6928
241.8389
242.3018
242.4615
242.4637
242.4777
242.4952
242.5094
242.6444
242.6504
242.7863
242.8698
243.2701
243.3213
243.335
243.3784
243.5509
243.9818
244.0491
244.3224
244.3917
244.4488
244.481
244.4849
244.5211
244.5321
244.672
244.6985
244.7516
245.0655
245.0789
245.1207
245.4078
245.496
245.6859
245.9579
246.3702
246.4416
246.4649
246.5664
246.6634
246.7305
247.0666
247.178
247.4523
247.4843
247.5344
247.548
247.7112
247.7689
248.054
248.0773
248.3675
248.4121
248.418
248.4308
248.4617
248.4654
248.4858
248.5324
248.5693
248.5839
248.5996
248.6101
248.6782
248.7564
248.9091
248.9813
248.9938
249.128
249.1906
249.2438
249.3495
249.3908
249.5439
249.7329
250.3742
250.4026
250.4949
250.5175
250.5885
250.6064
250.6291
250.6703
250.7456
250.8388
250.8847
250.9548
251.0087
252.1586
252.4236
253.2516
253.3944
253.4595
253.466
253.4858
253.6234
253.6525
254.3648
254.4162
254.4354
254.4428
254.4453
254.4578
254.4658
254.4719
254.4863
254.5529
254.5572
254.7281
254.7839
254.9441
255.1416
255.3847
255.4519
255.5637
255.6089
255.6537
255.7696
255.8184
255.8541
255.9141
255.9929
256.118
256.2744
256.3761
256.4201
256.4584
256.4619
256.5414
256.612
256.6194
256.6586
256.7076
256.8613
256.909
257.0163
257.069
257.0752
257.6076
257.8541
258.1059
258.3715
258.3956
258.4635
258.4894
258.5109
258.5646
258.7713
258.8089
258.8867
259.0709
259.3506
259.391
259.3976
259.4471
259.4573
259.5323
259.5983
260.0265
260.3241
260.3271
260.3372
260.3443
260.3904
260.3983
260.4034
260.407
260.4332
260.4367
260.4499
260.4762
260.539
260.5409
260.6337
260.6419
260.9252
261.0368
261.3168
261.5588
261.9428
261.9453
262.1347
262.2318
262.2902
262.3313
262.3398
262.3443
262.3881
262.397
262.4643
262.6723
262.7834
262.8024
262.8701
262.8968
262.9442
263.1328
263.2125
263.3582
263.5346
263.5903
263.7641
263.9982
264.0556
264.2103
264.3548
264.4166
264.512
264.5596
264.9733
264.9871
265.0261
265.1497
265.3048
265.3504
265.4015
265.4359
265.6407
265.651
265.8656
266.2905
266.2956
266.3003
266.3035
266.3212
266.3311
266.3462
266.3564
266.3745
266.4776
266.5838
266.7175
266.7629
266.8083
266.8291
267.061
267.2186
267.6155
267.8695
267.9527
267.9769
267.9895
268.2914
268.2974
268.3321
268.3379
268.3635
268.3841
268.391
268.4468
268.5623
268.6042
268.6632
268.697
269.1459
269.2298
269.4198
269.4637
269.5878
269.6329
269.6428
269.6458
269.7147
269.7569
269.7638
269.8124
269.878
269.9636
270.1862
270.3644
270.6417
270.6758
270.9434
271.1859
271.2472
271.28
271.3578
271.4787
271.7287
271.7471
272.0518
272.135
272.2277
272.2435
272.2553
272.2605
272.2655
272.2697
272.2712
272.283
272.2918
272.3014
272.3171
272.3331
272.3553
272.3639
272.4124
272.5225
272.6812
272.8232
272.826
272.873
273.0296
273.0452
273.312
273.4037
273.6148
273.6902
273.7044
273.8894
274.1779
274.2958
274.2999
274.5639
274.5724
274.7638
275.431
275.7167
275.7196
275.7539
276.0862
276.112
276.2913
276.3369
276.5957
277.1929
277.2167
277.3342
277.3621
277.4556
277.4968
277.8527
278.1905
278.1954
278.209
278.2198
278.2233
278.2907
278.2964
278.3029
278.3637
278.3893
278.3967
278.4146
278.4805
278.535
278.6348
278.6374
278.7687
278.818
278.8262
278.8469
278.9861
279.0266
279.1709
279.1789
279.2755
279.5736
279.6732
279.7227
279.8108
279.8595
280.0659
280.212
280.2412
280.2545
280.2561
280.3135
280.3188
280.3567
280.3646
280.3907
280.5317
280.599
280.6413
280.6592
280.7008
280.7349
280.7436
280.8186
280.911
281.121
281.1923
281.6255
282.0545
282.108
282.5563
282.5606
282.8203
282.8307
282.8498
283.0323
283.0674
283.0823
283.0949
283.223
283.3344
283.9456
284.0091
284.0956
284.1522
284.1557
284.1701
284.1759
284.1988
284.2118
284.2163
284.2461
284.2549
284.2584
284.2641
284.2694
284.2736
284.3162
284.3181
284.3394
284.3686
284.3738
284.4437
284.4544
284.4609
284.4857
284.5988
284.6625
284.807
284.9456
284.9827
285.0717
285.3651
285.447
285.8252
285.8377
285.99
286.1266
286.1414
286.165
286.1934
286.2197
286.2666
286.3042
286.7139
286.8842
286.9756
287.0882
287.1639
287.8263
287.8586
287.9486
287.9695
288.4519
288.5119
288.6268
288.6898
289.0334
289.1237
289.1435
289.215
289.3158
289.3792
289.3979
289.7883
290.1099
290.1616
290.1788
290.1912
290.1926
290.2091
290.2204
290.2344
290.2629
290.3051
290.3346
290.3609
290.4715
290.4916
290.6553
290.7749
290.9194
290.9218
290.9761
290.993
291.0251
291.0548
291.1186
291.4421
291.5866
291.621
291.7339
291.7841
291.9792
292.038
292.068
292.0802
292.1478
292.1709
292.1741
292.1883
292.2314
292.2363
292.3135
292.4333
292.45
292.6077
292.7051
292.7769
292.8498
292.8702
292.9944
293.1894
293.3285
293.6399
293.7152
293.8638
293.907
294.0474
294.7803
295.0407
295.077
295.1486
295.7918
296.068
296.0711
296.0777
296.08
296.0861
296.0877
296.0916
296.1072
296.1191
296.1252
296.1809
296.195
296.2042
296.2897
296.3063
296.3174
296.3455
296.483
296.4844
296.5621
296.6083
296.6451
296.9297
297.0274
297.1447
297.3251
297.3377
297.3394
297.6447
297.8002
297.8214
297.9265
297.9923
298.0235
298.0423
298.0694
298.0778
298.0916
298.1057
298.1647
298.307
298.3234
298.455
298.5658
298.5992
298.62
298.6523
299.1605
299.5307
300.1174
300.1895
300.2781
300.2837
300.2863
300.5783
300.6697
301.0005
301.0397
301.0999
301.1135
301.1291
301.1521
301.5053
301.6307
301.6868
301.9644
302.0022
302.0174
302.0265
302.0312
302.0334
302.0358
302.0416
302.0431
302.0647
302.0828
302.0992
302.1119
302.1234
302.1248
302.142
302.1604
302.167
302.2162
302.233
302.4944
302.7102
302.9621
303.2708
303.5659
303.6895
303.7162
303.8035
304.0345
304.0386
304.0949
304.1045
304.1185
304.2763
304.3267
304.3917
304.5622
304.691
305.0037
305.1416
305.2461
305.3016
305.5689
305.8614
305.9259
305.9936
306.1947
306.2011
306.2665
306.3684
306.3904
306.4637
306.5858
306.6336
306.8817
306.8982
307.0216
307.0268
307.0636
307.1413
307.1884
307.2069
307.3529
307.4126
307.4914
307.5046
307.802
307.9717
307.9864
307.9888
307.9939
307.9988
308.0191
308.0402
308.0503
308.0755
308.0876
308.0934
308.1159
308.1494
308.1754
308.2769
308.4665
308.4785
309.0069
309.2705
309.3316
309.3425
309.7989
309.9712
310.0162
310.023
310.0637
310.1449
310.2068
310.2752
310.6217
310.6861
310.7219
310.8757
310.9433
311.0094
311.3111
311.4162
311.4695
311.533
311.6146
311.9791
312.1769
312.3364
312.4375
312.4683
312.5025
312.5366
312.5428
312.9784
312.984
313.0003
313.1827
313.2342
313.3556
313.3785
313.8857
313.912
313.9413
313.945
313.9554
314.0075
314.0321
314.1074
314.1143
314.1218
314.1698
314.1805
314.3417
314.3873
314.483
314.5684
314.7754
314.7826
314.8203
315.1263
315.2143
315.3545
315.4861
315.4929
315.5255
315.5823
315.7791
315.9444
315.9727
315.9742
316.0266
316.075
316.0885
316.1228
316.1411
316.1493
316.4744
316.4765
316.5008
316.5096
316.5298
316.7564
316.7653
316.9194
316.9614
317.4287
317.5228
318.018
318.3093
318.3547
318.4536
318.8804
318.9539
318.966
319.0432
319.0946
319.1408
319.1554
319.518
319.5358
319.6441
319.7529
319.9111
319.9185
319.9383
319.9409
319.9498
319.9646
319.967
319.9708
319.9745
320.0348
320.0362
320.0594
320.0753
320.0764
320.1321
320.2903
320.3027
320.3668
320.3834
320.5979
320.5995
321.0133
321.0745
321.6221
321.8129
321.8902
321.9192
321.933
321.9401
321.9899
322.1492
322.1556
322.2933
322.2992
322.375
322.5475
322.5894
323.0453
323.2405
323.7021
323.8748
323.9066
324.6157
324.6327
324.9101
324.9682
325.0002
325.1563
325.2571
325.355
325.8512
325.8532
325.8581
325.8613
325.8625
325.873
325.88
325.8905
325.9298
325.9349
325.9429
325.9784
326.0706
326.0969
326.2128
326.2669
326.3695
326.4328
326.5343
326.5663
326.597
326.6786
326.7007
327.3219
327.3881
327.4095
327.86
327.8938
327.9703
328.1657
328.256
328.2909
328.412
328.5869
328.9111
328.9757
329.1003
329.1531
329.1816
329.2195
329.4147
329.7571
329.8121
330.7314
330.9781
331.3758
331.4322
331.4539
331.7357
331.815
331.8197
331.831
331.8349
331.8464
331.8666
331.8973
331.9158
331.9226
332.1113
332.1897
332.5384
332.7476
333.4125
333.8413
333.8648
333.8826
333.8873
333.8929
333.9235
333.9532
334.07
334.1052
334.1794
334.2072
334.4209
334.7248
334.7842
334.8061
334.8454
334.9828
335.1437
335.3516
335.5584
335.7147
335.7369
335.7509
335.7666
335.786
335.9658
336.1324
336.3526
336.4316
336.5525
336.614
336.7804
336.7941
336.9393
337.1454
337.242
337.3097
337.3529
337.5875
337.6864
337.7716
337.7834
337.8045
337.8157
337.8187
337.8217
337.8273
337.837
337.8401
337.8475
337.8517
337.8758
337.8826
337.8929
337.9293
337.973
338.0522
338.1101
338.1612
338.2062
338.3261
338.3352
338.4132
338.6047
338.6276
338.64
338.6533
338.9575
339.22
339.2966
339.4529
339.4711
339.5488
339.6196
339.7834
339.8041
339.8101
339.8223
339.8438
339.8726
339.8924
339.9068
340.0412
340.1659
340.2666
340.4599
340.5477
340.714
340.8186
340.9262
341.2637
341.3773
341.4045
341.5328
341.5489
341.5718
341.9644
342.1964
342.2414
342.2801
342.3048
342.3411
342.4083
342.4389
342.777
342.7966
342.8335
342.892
342.9353
343.0292
343.2846
343.3923
343.5961
343.6667
343.7156
343.7318
343.7365
343.7393
343.7416
343.747
343.7518
343.7824
343.8187
343.8732
343.9293
343.9634
344.1793
344.5328
344.807
344.9325
345.0902
345.2827
345.3917
345.4024
345.6074
345.6163
345.7386
345.7462
345.7622
345.775
346.1566
346.4199
346.4821
346.5492
346.6848
346.8288
346.8436
347.0409
347.9837
348.0711
348.6312
348.6444
348.7838
348.8381
348.8542
348.9346
349.0395
349.0617
349.0729
349.1219
349.3485
349.5028
349.6789
349.6803
349.6842
349.6931
349.7064
349.7375
349.74
349.748
349.7587
349.811
349.8147
349.8323
349.8363
349.8977
349.9012
349.9253
350.0144
350.106
350.2065
350.2818
350.5373
350.6413
350.6698
350.7358
351.0087
351.2189
351.2827
351.2938
351.3053
351.4
351.4809
351.5742
351.7278
351.7312
351.7631
351.7772
352.0828
352.1847
352.1867
352.1972
352.2872
352.5046
352.5436
353.0811
353.1027
353.4122
353.686
353.6918
354.056
354.1001
354.1187
354.198
354.2243
354.4108
354.422
354.4249
354.5301
354.6353
354.7426
354.854
355.0952
355.2705
355.3469
355.6538
355.656
355.6634
355.6707
355.7277
355.7716
355.7764
355.7794
355.8039
355.8089
355.8588
355.9341
356.0215
356.0347
356.0863
356.1032
356.105
356.3545
356.4185
356.6682
357.0517
357.2766
357.2879
357.6111
357.6208
357.6399
357.6665
357.6736
357.6797
357.7809
358.3697
358.5532
358.6098
358.6514
358.6673
359.2767
359.4155
359.8901
359.9515
360.0048
360.0328
360.2028
360.2977
360.4654
360.4747
360.7371
361.4773
361.6029
361.6082
361.6149
361.6199
361.6224
361.6456
361.6608
361.6974
361.7158
361.7602
361.768
361.8027
362.2681
362.3067
362.4341
362.7796
362.8459
362.9479
363.1134
363.1441
363.4822
363.4897
363.5437
363.5996
363.6282
363.6372
363.6594
363.7195
363.7332
363.8326
363.8697
363.9205
363.9333
364.1872
364.2314
364.3191
364.3781
364.5459
364.9821
365.3802
365.4526
365.7668
366.1114
366.1639
366.1898
366.5402
366.5901
367.0989
367.1691
367.5573
367.5752
367.5845
367.6316
367.6953
368.2937
369.3758
369.4756
369.5064
369.5394
369.5475
369.5488
369.5659
369.5928
369.6046
369.6142
369.6363
369.6653
369.7213
369.8031
369.8099
369.8893
370.0637
370.1067
370.5035
370.7216
371.0944
371.2052
371.3494
371.6205
371.7187
371.8387
371.8973
372.4393
372.5236
372.6361
372.6598
372.6925
372.8087
373.5175
373.5231
373.5344
373.5596
373.5671
373.586
373.6112
373.6298
373.6887
373.7014
373.8118
373.9222
373.9389
374.3979
374.4201
374.4733
374.6093
374.6206
374.7269
374.8515
374.856
375.0376
375.152
375.3674
375.5469
375.6013
375.6792
375.7549
375.9844
376.195
376.2687
376.8079
376.8735
377.5334
377.8856
377.9173
378.6096
378.6959
378.714
378.7468
378.7659
379.4662
379.4715
379.4749
379.484
379.4869
379.5456
379.551
379.7204
379.7372
379.8585
380.053
380.3124
380.8346
380.8561
380.9445
381.3328
381.3841
381.4002
381.5291
381.5435
381.616
382.0138
382.0565
382.147
382.1603
382.3524
382.3692
383.4949
384.0136
384.1073
384.3963
384.416
384.4247
384.4551
384.4639
384.5687
384.8107
384.8301
385.1475
385.2112
385.251
385.3475
385.4338
385.4473
385.4518
385.4586
385.484
385.4891
385.5034
385.505
385.5095
385.5527
385.5594
385.5735
385.5777
385.6193
385.6438
385.6497
385.8139
385.8781
386.0806
386.0828
386.4292
386.4411
386.6764
386.8693
387.426
387.4392
387.4944
387.5783
387.6654
387.7067
387.7862
387.8351
387.9638
388.2796
388.4125
388.7841
388.7928
388.8157
389.0331
389.1047
389.6138
389.7902
390.0395
390.1162
390.3156
390.3851
390.423
390.4437
390.461
390.4678
390.4714
390.5398
390.5948
390.6318
391.3822
391.3886
391.3936
391.4022
391.4058
391.4093
391.4302
391.4495
391.4671
391.4853
391.5149
391.5167
391.5216
391.5389
391.5649
391.581
391.5851
391.6016
391.8912
392.6154
392.6311
392.8667
392.9287
393.1425
393.2965
393.346
393.4722
393.5068
393.7765
393.8319
393.9415
393.9799
394.0422
394.0575
394.3715
395.3834
395.4356
395.5328
395.7355
395.9149
396.2268
396.3201
396.7852
397.0123
397.033
397.1278
397.1778
397.3472
397.3555
397.3587
397.3953
397.4164
397.4342
397.4454
397.4574
397.5198
397.5865
397.6593
397.7552
397.845
397.8789
397.9835
398.1708
398.2171
398.6397
399.2269
399.23
399.3644
399.3919
399.4062
399.6911
399.7105
399.7636
399.9482
399.9782
400.0838
400.1434
400.1591
400.3513
400.3582
400.4043
400.4185
400.6939
401.2275
401.3104
401.5364
401.7704
401.9252
402.1183
402.3426
402.3844
402.7847
402.9154
402.9628
403.2994
403.3034
403.3076
403.3156
403.3222
403.3315
403.3354
403.3503
403.3558
403.3703
403.3747
403.3774
403.404
403.409
403.4168
403.6622
403.6678
403.7725
403.8124
403.8304
404.3557
404.629
404.8075
404.8962
405.001
405.0311
405.3024
405.3049
405.3545
405.3693
405.3817
405.4017
405.4242
405.4398
405.9021
405.9391
406.1026
406.2141
406.3728
406.9321
407.052
407.1998
407.3436
407.4046
407.9706
408.2074
408.3785
408.4635
408.5252
408.6232
409.0959
409.1192
409.255
409.2762
409.2806
409.2841
409.3215
409.3246
409.3277
409.3508
409.3576
409.3609
409.3801
409.396
409.3991
409.4229
409.5252
409.5686
409.7103
409.7424
409.9607
410.0851
410.3498
410.6464
410.7233
411.1793
411.654
411.7156
412.3194
412.5319
412.7103
413.01
413.1712
413.4722
413.485
413.5115
413.6865
413.8598
414.2992
414.322
414.3326
414.3579
414.3825
414.4725
414.6633
414.7417
415.1539
415.2271
415.2305
415.2327
415.2362
415.2439
415.2474
415.255
415.2915
415.3412
415.3456
415.3783
415.6891
415.8334
415.8492
416.2073
416.3427
416.3787
416.4915
416.8118
417.2186
417.264
417.3213
417.3972
417.4395
417.9508
418.3408
418.4406
418.7753
418.8799
419.1309
419.5313
419.5641
