0.3822
0.3878
0.3967
0.4691
0.5633
0.5895
0.7962
0.8959
0.9484
1.0329
1.0692
1.3522
1.477
1.6821
1.7511
2.2026
2.2455
2.2551
2.3927
2.4336
2.4902
2.708
2.736
2.7927
3.1458
3.2394
3.2542
3.3529
3.4859
3.5703
3.6189
4.0398
4.1913
4.2776
4.56
4.6952
5.4394
5.5879
5.6083
5.6482
5.7941
5.8594
5.9124
5.9347
5.9853
6.4351
6.5512
6.5809
6.8086
6.914
6.9315
6.937
6.9606
7.1169
7.261
7.3176
7.4436
7.7442
7.757
7.8059
7.9893
8.035
8.2354
8.4613
8.5136
8.601599999999999
8.639799999999999
8.683299999999999
8.728300000000001
9.0845
9.104100000000001
9.1548
9.1615
9.2514
9.281700000000001
9.3695
10.1188
10.2554
10.3745
10.5937
10.6986
10.7396
11.0848
11.0956
11.2432
11.5906
11.6021
11.6567
12.0275
12.0973
12.1138
12.1487
12.1501
12.1615
12.1718
12.1842
12.1899
12.1959
12.1982
12.2627
12.2649
12.4548
12.5176
12.7419
13.0926
13.0999
13.1092
13.114
13.1197
13.1269
13.1329
13.1395
13.1516
13.1626
13.171
13.1945
13.2039
13.2257
13.2679
13.2925
13.3448
13.3944
13.4777
13.4796
13.5349
13.5442
13.6065
13.7657
13.8441
13.9384
13.9739
14.0542
14.1431
14.3968
14.4256
14.4458
14.4853
14.537
14.5747
14.6827
14.873
14.9886
15.0609
15.0708
15.072
15.0734
15.0799
15.0866
15.098
15.1028
15.1089
15.1152
15.1185
15.1454
15.1518
15.165
15.1694
15.1716
15.1836
15.2052
15.2174
15.225
15.2263
15.2276
15.2361
15.2414
15.256
15.2777
15.2812
15.2896
15.2932
15.3034
15.3045
15.383
15.3884
15.4131
15.4309
15.4805
15.483
15.5195
15.5333
15.5526
15.5632
15.6254
15.6477
15.6916
15.7329
15.7826
15.8246
15.8432
15.8592
15.8827
15.9356
15.952
16.0062
16.0671
16.0773
16.0788
16.0875
16.0888
16.1371
16.1734
16.2
16.2091
16.2123
16.2163
16.2302
16.2423
16.2484
16.2665
16.3483
16.3579
16.4037
16.4276
16.4624
16.4927
16.5597
16.6049
16.6286
16.6371
16.6484
16.6631
16.6874
16.6937
16.6953
16.6971
16.703
16.7122
16.7297
16.7572
16.7814
16.8143
16.8487
16.9259
16.9381
17.0775
17.2059
17.2161
17.233
17.2551
17.2774
17.2907
17.2953
17.3061
17.361
17.3736
17.7392
17.7627
17.8711
18.0129
18.0379
18.0441
18.063
18.0807
18.4789
18.9325
18.9379
19.0332
19.0417
19.0562
19.0605
19.0662
19.0717
19.081
19.096
19.1122
19.1219
19.1334
19.1394
19.1593
19.1977
19.2202
19.2751
19.317
19.4175
19.4897
19.6125
19.6418
19.6511
21.0246
21.0317
21.0334
21.0393
21.0437
21.0508
21.0538
21.0567
21.0647
21.073
21.084
21.0904
21.0991
21.1004
21.112
21.1257
21.1461
21.1484
21.1791
21.2019
21.2234
21.2357
21.2438
21.2477
21.2589
21.2672
21.2821
21.307
21.3159
21.34
21.3548
21.3671
21.3941
21.4417
21.4743
21.4954
21.5129
21.5208
21.5364
21.548
21.5515
21.5686
21.596
21.606
21.6332
21.685
21.7035
21.7474
21.7581
21.8252
21.8847
22.0113
22.0282
22.0308
22.0666
22.0851
22.1038
22.129
22.1323
22.14
22.1745
22.1785
22.2318
22.2614
22.39
22.3993
22.4153
22.4394
22.4457
22.4502
22.4592
22.5596
22.6257
22.7067
22.7238
22.7432
22.7976
22.8052
22.8878
23.0077
23.0168
23.0675
23.1402
23.1475
23.1981
23.3229
23.3536
23.4285
23.646
23.6789
23.7008
23.7593
23.816
23.8459
23.9229
23.9631
24.0587
24.0775
24.0882
24.0929
24.1057
24.1242
24.1352
24.1457
24.3768
24.6304
25.0007
25.0111
25.0184
25.028
25.0325
25.0377
25.0454
25.0553
25.0648
25.0832
25.0929
25.1053
25.1618
25.1829
25.3121
25.3453
25.3999
25.5553
25.7545
25.8941
26.0965
26.1477
26.2431
26.4222
26.479
26.7216
26.8725
26.9578
26.9672
26.9798
26.9871
26.9984
27.0092
27.0151
27.0162
27.0258
27.0298
27.0471
27.0585
27.0599
27.0644
27.0755
27.0877
27.0965
27.1122
27.1141
27.1153
27.1202
27.1325
27.136
27.1412
27.1522
27.1622
27.166
27.1736
27.1843
27.1912
27.1982
27.2172
27.233
27.2459
27.2566
27.2657
27.2869
27.325
27.3512
27.3768
27.4025
27.423
27.4297
27.4469
27.4962
27.5064
27.5265
27.5389
27.5455
27.5498
27.5794
27.6266
27.7137
27.7363
27.7735
27.7848
27.8067
27.8133
27.8471
27.9017
27.921
27.9338
27.9865
27.9903
28.0038
28.0415
28.0427
28.051
28.0656
28.0882
28.098
28.168
28.2818
28.2888
28.2914
28.2947
28.3363
28.3663
28.3763
28.3905
28.3926
28.4
28.4085
28.4247
28.4431
28.4482
28.5085
28.5276
28.5314
28.5689
28.618
28.6876
28.7105
28.7362
28.7507
28.8206
28.8435
28.9032
28.9705
29.0484
29.1461
29.1908
29.234
29.245
29.2467
29.2695
29.4099
29.5188
29.5363
29.6634
29.754
29.9074
29.9677
29.9947
30.0054
30.0114
30.0457
30.0552
30.0588
30.0699
30.0727
30.0875
30.0968
30.1151
30.1167
30.1188
30.5813
30.631
30.9127
30.9512
30.9624
30.9705
30.9788
30.9856
30.9946
31.0157
31.0284
31.0366
31.0481
31.0606
31.0809
31.0825
31.0963
31.1318
31.1567
31.1625
31.4912
31.5203
31.5302
31.5666
31.8644
31.8851
31.9051
32.0105
32.0983
32.2816
32.3428
32.9396
32.9494
32.953
32.9587
32.9665
32.9678
32.9757
32.9793
32.9892
32.995
33.007
33.0301
33.0406
33.0439
33.0562
33.0639
33.0803
33.0887
33.1008
33.1047
33.1086
33.1456
33.1548
33.1566
33.1635
33.1717
33.1773
33.1799
33.1921
33.1939
33.1979
33.2057
33.2344
33.305
33.3529
33.3644
33.4075
33.4371
33.4455
33.4553
33.4809
33.5313
33.639
33.6947
33.7296
33.7571
33.7726
33.7792
33.8358
33.8468
33.8686
33.9212
33.9459
33.9539
33.97
33.9742
33.9784
34.0262
34.0326
34.0456
34.0665
34.0988
34.1465
34.2861
34.2942
34.3061
34.3251
34.359
34.3776
34.3862
34.4195
34.5688
34.6465
34.6481
34.7151
34.7364
34.7457
34.7825
34.8815
34.9229
34.9505
35.0732
35.1182
35.1627
35.1685
35.1977
35.3045
35.3903
35.3959
35.4474
35.4712
35.6579
35.6638
35.7
35.7292
35.7469
35.9143
35.9349
36.0172
36.0656
36.0924
36.1064
36.1906
36.209
36.2524
36.2913
36.7814
36.9251
36.9297
36.934
36.9399
36.944
36.9526
36.9583
36.968
36.9786
36.9797
36.9877
37.0119
37.0247
37.0531
37.0677
37.1768
37.1857
37.284
37.3005
37.319
37.4299
37.5407
37.7688
37.983
38.057
38.27
38.2759
38.2942
38.305
38.3151
38.7573
38.7694
38.7903
38.8481
38.8563
38.8763
38.8812
38.9007
38.9088
38.9173
38.9326
38.9372
38.9479
38.9692
38.9804
38.9828
38.999
39.0152
39.0354
39.0426
39.0795
39.1111
39.1255
39.1406
39.1922
39.2589
39.2686
39.2868
39.3083
39.352
39.3757
39.4767
39.5238
39.5637
39.6345
39.7115
39.7621
39.8321
39.9117
39.9134
39.9332
39.9534
39.993
40.0088
40.0375
40.0392
40.2346
40.2587
40.2644
40.2673
40.2691
40.2901
40.3034
40.4385
40.4458
40.4482
40.5037
40.5337
40.5675
40.6132
40.6246
40.6378
40.6623
40.7133
40.7257
40.7342
40.7469
40.7619
40.7887
40.8546
40.9462
40.9766
41.1226
41.1469
41.173
41.2776
41.3709
41.3871
41.4424
41.4579
41.48
41.4882
41.5048
41.5121
41.5515
41.553
41.6463
41.6883
41.7048
41.708
41.7295
41.8141
41.8895
41.9165
41.9236
41.9411
42.0167
42.04
42.0487
42.0546
42.8501
42.8594
42.8616
42.884
42.8975
42.9048
42.9158
42.9195
42.9227
42.9354
42.9465
42.9593
42.9709
42.9818
42.9999
43.0225
43.0476
43.0671
43.0975
43.1874
43.2008
43.299
43.3669
43.6974
44.1301
44.1321
44.4291
44.6261
44.6391
44.6802
44.8161
44.8277
44.8403
44.8551
44.8642
44.8716
44.8786
44.886
44.9002
44.9017
44.9116
44.9181
44.9328
44.9474
44.9508
44.9664
44.9698
44.9856
45.0036
45.0239
45.0643
45.0791
45.0956
45.1012
45.1188
45.1506
45.1694
45.1843
45.2295
45.2769
45.3062
45.3244
45.3617
45.3638
45.394
45.4692
45.473
45.5021
45.5396
45.5683
45.6228
45.7805
45.8315
45.8498
45.8589
45.8626
45.8686
45.87
45.9067
45.9807
45.9936
45.9972
46.0232
46.1086
46.2143
46.2927
46.3166
46.3177
46.3425
46.377
46.4228
46.4245
46.4644
46.5449
46.5731
46.5963
46.6142
46.6389
46.668
46.7848
46.8856
46.9577
46.9861
46.989
46.9928
46.9989
47.0213
47.0335
47.0557
47.0662
47.0825
47.173
47.3381
47.355
47.3691
47.3764
47.3924
47.4133
47.4293
47.436
47.449
47.4924
47.5228
47.5631
47.5893
47.5978
47.6044
47.6126
47.6329
47.7865
47.8443
47.8749
47.8838
47.8851
47.8954
47.9108
47.9201
48.0137
48.0285
48.0766
48.5324
48.8228
48.8288
48.8411
48.8477
48.8525
48.8619
48.8702
48.8787
48.8893
48.9037
48.9185
48.9295
48.9362
48.954
48.9711
49.0047
49.0153
49.0911
49.1033
49.1208
49.1243
49.1622
49.1905
49.2425
49.3703
49.4357
49.8641
49.9811
50.169
50.2002
50.3388
50.3409
50.3651
50.5082
50.547
50.7176
50.7959
50.8217
50.8288
50.837
50.8439
50.8475
50.8499
50.8583
50.8682
50.8894
50.8933
50.911
50.913
50.923
50.9352
50.9488
50.9659
50.9812
50.993
51.0093
51.025
51.0311
51.0511
51.0707
51.0891
51.1131
51.1567
51.2013
51.2412
51.2614
51.2743
51.3091
51.3761
51.3781
51.4453
51.4649
51.4757
51.4774
51.594
51.6369
51.6571
51.7435
51.7668
51.8216
51.8347
51.8493
51.8517
51.8647
51.8663
51.8844
51.9047
51.9261
51.9273
51.9359
51.9423
51.9602
52.0028
52.0601
52.1987
52.2171
52.2197
52.2337
52.2542
52.3689
52.3955
52.4103
52.4315
52.507
52.5621
52.5694
52.599
52.6043
52.6113
52.622
52.6336
52.6366
52.6651
52.7391
52.8075
52.8097
53.0549
53.0795
53.0865
53.0935
53.0952
53.1081
53.1102
53.1132
53.115
53.1233
53.1843
53.1998
53.2058
53.2135
53.2562
53.276
53.2871
53.3205
53.3455
53.3588
53.3879
53.3938
53.4158
53.4301
53.4657
53.4809
53.4824
53.4916
53.6484
53.8339
53.8476
53.8579
53.8811
53.8822
53.9162
54.0146
54.038
54.0773
54.2025
54.4224
54.5479
54.7347
54.7774
54.7874
54.794
54.8103
54.816
54.8226
54.8288
54.8381
54.8516
54.8595
54.8719
54.9119
54.9515
54.9636
55.0056
55.041
55.0928
55.2316
55.4578
55.4943
55.5393
55.6118
55.6285
55.6621
55.6995
55.8839
56.0209
56.1418
56.2311
56.2516
56.2867
56.3146
56.407
56.7177
56.7744
56.7822
56.7888
56.7992
56.8057
56.8124
56.8272
56.8337
56.8593
56.8792
56.898
56.9168
56.933
56.9413
56.9772
56.9889
57.0012
57.0412
57.0682
57.125
57.1512
57.1581
57.2281
57.2449
57.2941
57.3555
57.3762
57.4083
57.426
57.5072
57.522
57.5647
57.6712
57.7662
57.8089
57.8148
57.8331
57.8495
57.8685
57.9015
57.9188
57.927
57.949
57.9718
57.9742
57.9912
58.1981
58.2176
58.4014
58.4616
58.4675
58.5046
58.5383
58.5783
58.5892
58.6026
58.7205
58.7243
58.7391
58.7405
58.7639
58.8074
59.2182
59.227
59.2283
59.2315
59.2339
59.2426
59.2533
59.2653
59.2668
59.2681
59.2763
59.2852
59.2871
59.3313
59.3414
59.351
59.3604
59.3717
59.3812
59.3828
59.4278
59.4793
59.4908
59.5016
59.5226
59.5953
59.8114
59.816
59.8251
59.8335
59.8397
59.8479
59.8615
59.8809
59.8928
59.8983
60.1168
60.7341
60.7524
60.7588
60.7645
60.7829
60.789
60.7978
60.8163
60.8287
60.8402
60.8557
60.9188
60.9242
60.9474
61.0005
61.0364
61.0775
61.2749
61.5036
61.8262
61.9497
62.0127
62.0412
62.1052
62.2157
62.3623
62.3823
62.5666
62.5696
62.59
62.6136
62.6613
62.7091
62.7194
62.7387
62.7465
62.7522
62.7594
62.7707
62.8011
62.8082
62.8201
62.8265
62.8407
62.8493
62.87
62.8831
62.9065
62.9204
62.9377
62.9689
62.9869
62.997
63.0058
63.0519
63.1308
63.1626
63.1971
63.3006
63.3627
63.4369
63.4782
63.6601
63.7498
63.7587
63.7681
63.784
63.8175
63.8495
63.8738
63.911
63.9282
64.0014
64.07729999999999
64.1251
64.15009999999999
64.2234
64.22499999999999
64.25449999999999
64.2784
64.566
64.6399
64.66249999999999
64.70310000000001
64.98779999999999
65.0526
65.063
65.072
65.0856
65.1388
65.1447
65.1585
65.1763
65.18089999999999
65.20480000000001
65.2146
65.22020000000001
65.2282
65.2363
65.2454
65.26349999999999
65.3002
65.3192
65.3305
65.3685
65.36969999999999
65.547
65.6549
65.7313
65.7718
65.773
65.78279999999999
65.79559999999999
65.8079
65.8197
65.8599
65.9003
65.9648
66.22
66.5153
66.6977
66.7136
66.7221
66.7269
66.7368
66.7415
66.74769999999999
66.74930000000001
66.76130000000001
66.767
66.7929
66.8104
66.81959999999999
66.8344
66.8912
66.926
66.9354
66.95140000000001
66.9832
67.1828
67.28619999999999
67.3103
67.41330000000001
67.52070000000001
68.1464
68.18559999999999
68.1904
68.2586
68.26130000000001
68.361
68.3909
68.426
68.60599999999999
68.6292
68.669
68.7021
68.711
68.7189
68.72190000000001
68.7231
68.74469999999999
68.7625
68.77549999999999
68.7958
68.8293
68.8385
68.8399
68.8592
68.8694
68.8809
68.8892
68.9074
68.9282
68.9323
68.953
68.9885
69.03789999999999
69.0607
69.1208
69.15000000000001
69.175
69.218
69.35769999999999
69.4871
69.5222
69.5926
69.6294
69.6962
69.7051
69.7333
69.7597
69.762
69.7741
69.8374
69.90989999999999
70.04730000000001
70.0663
70.0763
70.083
70.093
70.1219
70.2629
70.28919999999999
70.33150000000001
70.3567
70.42359999999999
70.52419999999999
70.5676
70.5997
70.6292
70.67910000000001
70.68259999999999
70.742
70.91419999999999
70.95399999999999
71.09529999999999
71.0981
71.127
71.1675
71.2667
71.2764
71.2967
71.3836
71.39919999999999
71.43049999999999
71.4421
71.46680000000001
71.4842
71.5445
71.5562
71.7016
71.70740000000001
71.73050000000001
71.76220000000001
71.76349999999999
71.8165
71.85250000000001
72.2389
72.64700000000001
72.6605
72.675
72.6797
72.688
72.6972
72.7039
72.71080000000001
72.7229
72.7308
72.7482
72.7645
72.7758
72.7811
72.8351
72.9276
72.96639999999999
72.9678
73.0827
73.13160000000001
73.1797
73.2804
73.33029999999999
73.35509999999999
73.41370000000001
73.47029999999999
73.4819
73.57170000000001
73.889
74.0455
74.3609
74.483
74.60469999999999
74.6305
74.6516
74.65940000000001
74.66249999999999
74.6705
74.67189999999999
74.6781
74.6829
74.69159999999999
74.69629999999999
74.7152
74.7265
74.7462
74.74760000000001
74.7593
74.7677
74.77970000000001
74.8
74.822
74.8603
74.87
74.89579999999999
74.9209
74.9629
75.0172
75.02290000000001
75.0449
75.0795
75.1366
75.1519
75.2735
75.2938
75.31140000000001
75.35120000000001
75.3854
75.5228
75.5658
75.5921
75.62779999999999
75.63290000000001
75.6497
75.67700000000001
75.71469999999999
75.7423
75.7518
75.7993
75.9327
75.9903
76.033
76.0731
76.2373
76.2436
76.248
76.2634
76.35980000000001
76.4901
76.5894
76.6341
76.7529
76.7851
76.8151
76.8177
76.879
76.91370000000001
76.9419
76.94670000000001
77.16119999999999
77.4349
77.4799
77.5095
77.526
77.5364
77.54600000000001
77.58199999999999
77.6194
77.8253
77.85850000000001
77.88379999999999
78.2073
78.53279999999999
78.61499999999999
78.6267
78.6339
78.6413
78.64919999999999
78.655
78.6678
78.6893
78.6996
78.7133
78.7367
78.7694
78.7963
78.8092
78.93380000000001
79.04259999999999
79.25879999999999
79.29810000000001
79.33029999999999
79.3931
79.7573
79.7777
79.8302
79.85760000000001
79.9029
80.0247
80.0557
80.06780000000001
80.0782
80.3644
80.4194
80.4485
80.5308
80.58159999999999
80.58620000000001
80.5998
80.6103
80.6157
80.624
80.6311
80.6392
80.6485
80.66
80.6728
80.6872
80.6921
80.7064
80.7127
80.7409
80.751
80.77509999999999
80.7878
80.8014
80.81270000000001
80.8163
80.8293
80.8396
80.84650000000001
80.9115
80.9404
81.0057
81.0385
81.0445
81.1066
81.15009999999999
81.16970000000001
81.1922
81.2881
81.3182
81.3501
81.4627
81.50920000000001
81.5137
81.5528
81.5938
81.59520000000001
81.6078
81.62130000000001
81.63890000000001
81.64279999999999
81.6628
81.68989999999999
81.6968
81.7428
81.7621
81.8442
81.8909
82.03189999999999
82.0472
82.10980000000001
82.18600000000001
82.2052
82.2735
82.2966
82.47369999999999
82.5583
82.5775
82.5894
82.6305
82.63249999999999
82.6341
82.7225
82.7268
82.73990000000001
82.7561
83.05070000000001
83.1063
83.12269999999999
83.2059
83.2235
83.2629
83.3389
83.49760000000001
83.4996
83.5095
83.52379999999999
83.5277
83.636
83.6553
83.8746
83.96259999999999
84.2253
84.2405
84.568
84.5778
84.5805
84.58929999999999
84.60429999999999
84.61969999999999
84.6309
84.6405
84.6503
84.6673
84.6808
84.70140000000001
84.71259999999999
84.72709999999999
84.8159
84.83320000000001
84.84739999999999
84.90730000000001
84.96559999999999
84.9884
85.2033
85.2444
85.50190000000001
85.7556
85.974
86.10980000000001
86.11799999999999
86.55759999999999
86.56659999999999
86.57340000000001
86.57550000000001
86.5831
86.586
86.5955
86.604
86.6091
86.63549999999999
86.69880000000001
86.70140000000001
86.786
86.7998
86.80240000000001
86.8164
86.94459999999999
86.9605
87.02419999999999
87.1812
87.1848
87.23950000000001
87.29519999999999
87.3112
87.3182
87.4464
87.5072
87.5107
87.5391
87.5526
87.5598
87.5686
87.5705
87.5761
87.58499999999999
87.5986
87.60380000000001
87.6092
87.62609999999999
87.6478
87.669
87.72190000000001
87.73260000000001
87.792
87.81489999999999
87.9431
87.9824
87.998
88.02200000000001
88.04900000000001
88.0963
88.13979999999999
88.18980000000001
88.191
88.2123
88.41119999999999
88.4273
88.4378
88.5056
88.5097
88.5397
88.57340000000001
88.6014
88.6092
88.7911
88.92189999999999
89.16030000000001
89.1896
89.4209
89.6007
89.7676
90.3771
90.5235
90.53570000000001
90.5476
90.5544
90.56
90.56440000000001
90.5685
90.57550000000001
90.58629999999999
90.59220000000001
90.6032
90.6125
90.6255
90.651
90.6768
90.715
90.7312
90.7539
90.8036
90.96120000000001
90.9836
91.09310000000001
91.21810000000001
91.6092
91.6331
91.675
92.0176
92.0441
92.0531
92.2627
92.289
92.501
92.5247
92.5277
92.5346
92.53740000000001
92.55719999999999
92.5714
92.5844
92.5973
92.6074
92.6189
92.6502
92.65770000000001
92.6737
92.6832
92.7072
92.73439999999999
92.7693
92.79389999999999
92.8164
92.8593
92.8801
92.9141
92.9628
92.9783
93.0266
93.0592
93.06870000000001
93.1238
93.1755
93.2373
93.34139999999999
93.3445
93.37609999999999
93.414
93.462
93.4657
93.492
93.51990000000001
93.5282
93.5311
93.538
93.5733
93.5844
93.5916
93.6206
93.6315
93.64830000000001
93.66249999999999
93.6995
93.71510000000001
93.877
94.06229999999999
94.0825
94.1049
94.1211
94.1593
94.2208
94.3729
94.4285
94.43510000000001
94.5951
94.6532
94.6626
94.67919999999999
94.6816
94.6926
94.7077
94.8867
94.8908
94.9019
94.9327
94.9346
94.93980000000001
94.9653
94.977
94.98009999999999
95.1784
95.4389
95.48569999999999
95.53019999999999
95.5783
95.6078
95.6131
95.7047
95.7205
96.0043
96.00790000000001
96.0187
96.0235
96.0275
96.033
96.06310000000001
96.0778
96.0955
96.2229
96.2606
96.389
96.4209
96.4755
96.4979
96.51309999999999
96.5184
96.5286
96.5322
96.5433
96.5569
96.5697
96.5763
96.59010000000001
96.5989
96.60380000000001
96.6283
96.6444
96.6555
96.7443
96.7557
96.8167
96.85080000000001
96.9388
97.0215
97.241
97.476
97.8481
97.8831
97.92789999999999
97.9354
98.3017
98.39579999999999
98.46259999999999
98.4753
98.4794
98.48609999999999
98.4986
98.5043
98.51139999999999
98.5159
98.52030000000001
98.5226
98.5334
98.54049999999999
98.55549999999999
98.56780000000001
98.59269999999999
98.5988
98.61539999999999
98.629
98.63800000000001
98.6502
98.6532
98.69410000000001
98.7055
98.7105
98.72069999999999
98.742
98.7903
98.8147
98.8477
98.8798
98.95229999999999
98.9558
98.9787
99.0318
99.0551
99.14870000000001
99.1699
99.1998
99.3043
99.43429999999999
99.48
99.4881
99.5035
99.51730000000001
99.5253
99.52719999999999
99.5624
99.5759
99.5776
99.6189
99.6318
99.63460000000001
99.64
99.777
99.8462
99.8618
99.8634
99.91379999999999
100.0396
100.0821
100.1155
100.2306
100.3677
100.4802
100.5169
100.9282
100.9406
100.9803
101.0047
101.0599
101.1438
101.3943
101.4334
101.4827
101.5079
101.5262
101.5429
101.5701
101.7393
101.8309
102.1808
102.2112
102.4412
102.4484
102.4569
102.4654
102.4702
102.4762
102.4861
102.4938
102.5083
102.5303
102.5427
102.5536
102.5614
102.5741
102.5932
102.598
102.6109
102.6503
102.6526
102.6627
102.6739
103.0068
103.013
103.1847
103.2045
103.2139
103.249
103.5472
103.5715
103.6983
103.8445
103.9742
103.994
104.0551
104.0847
104.4119
104.43
104.4327
104.44
104.4503
104.4545
104.4609
104.4679
104.477
104.4822
104.4964
104.5107
104.5158
104.5306
104.5461
104.5517
104.5666
104.5729
104.592
104.6114
104.6158
104.6457
104.6546
104.6574
104.6689
104.6721
104.6855
104.6925
104.7054
104.7326
104.7613
104.7774
104.8195
104.8653
104.8919
104.926
104.9531
105.0769
105.0811
105.1298
105.1619
105.1923
105.2167
105.2428
105.294
105.3515
105.4129
105.4257
105.428
105.4616
105.5063
105.5569
105.5686
105.5757
105.5998
105.6266
105.6962
105.7887
105.7984
105.8027
105.8944
105.9477
105.9737
105.9763
106.0068
106.145
106.2413
106.2999
106.3211
106.3488
106.4114
106.5158
106.7285
106.7704
106.7847
106.7947
106.9084
106.9369
106.9534
107.0613
107.0747
107.0894
107.1
107.1124
107.3449
107.486
107.5049
107.5501
107.9692
107.9747
108.0506
108.0745
108.3629
108.3839
108.3945
108.4216
108.437
108.4611
108.4639
108.4763
108.482
108.4975
108.5097
108.5322
108.5379
108.5555
108.5665
108.5679
108.6165
108.6383
108.6763
108.8104
108.817
108.9407
109.0151
109.0601
109.1111
109.1804
109.4023
109.4229
109.4368
109.6038
109.6625
109.9334
110.075
110.1835
110.1929
110.2229
110.365
110.3859
110.3947
110.4048
110.4083
110.4219
110.4325
110.4378
110.4486
110.455
110.4644
110.4663
110.4837
110.4903
110.5029
110.5057
110.5105
110.5321
110.5456
110.5658
110.5772
110.5889
110.6198
110.6672
110.6687
110.6835
110.7032
110.7179
110.8091
110.8396
110.8779
110.9666
111.0547
111.1118
111.2104
111.2452
111.2978
111.3428
111.3816
111.4004
111.4044
111.4089
111.4305
111.455
111.4732
111.4918
111.5052
111.5113
111.5569
111.5719
111.7113
111.7552
111.8272
111.8723
111.8916
111.9426
112.0449
112.0618
112.0714
112.1013
112.147
112.3444
112.3936
112.4735
112.4806
112.6682
112.7035
112.7147
112.7675
112.8448
113.0823
113.125
113.1689
113.2735
113.3562
113.4215
113.4388
113.4638
113.5004
113.7368
113.8137
113.9945
113.9976
114.0637
114.1304
114.185
114.3622
114.3736
114.3758
114.3859
114.3966
114.4092
114.4275
114.4324
114.4513
114.4985
114.5242
114.5316
114.6618
114.6926
114.746
114.8711
115.0424
115.0999
115.202
115.5194
115.8331
116.211
116.3441
116.3512
116.3637
116.375
116.3819
116.387
116.3991
116.4161
116.4215
116.4324
116.4488
116.4697
116.4742
116.4831
116.5033
116.5157
116.5302
116.5356
116.5484
116.5602
116.5884
116.5953
116.6673
116.7079
116.7248
116.75
116.7635
116.8042
116.8346
116.8722
116.8888
116.9809
117.0124
117.0723
117.1771
117.1914
117.234
117.3611
117.37
117.3798
117.3856
117.3988
117.4041
117.4344
117.4369
117.4396
117.4689
117.4699
117.471
117.4774
117.5146
117.5358
117.687
117.8151
117.9254
117.9578
117.9658
117.9809
117.9867
118.0008
118.008
118.0221
118.1496
118.1774
118.1882
118.2481
118.3074
118.5479
118.556
118.596
118.6315
118.6549
118.7216
118.8027
118.8585
118.897
119.0029
119.0654
119.0755
119.1176
119.2009
119.2263
119.306
119.3163
119.385
119.3909
119.4065
119.4275
119.5238
119.6528
119.7109
119.737
120.3052
120.3315
120.3407
120.3442
120.3553
120.3642
120.3893
120.4579
120.5531
120.6017
120.6567
120.689
120.8329
120.8486
120.8544
120.859
120.8702
120.8769
120.8942
120.8982
120.9103
120.9426
121.1632
121.1837
121.2085
121.222
121.2946
121.5149
121.6135
122.1104
122.3064
122.3201
122.3227
122.3305
122.3335
122.3442
122.3563
122.3675
122.3806
122.3879
122.4098
122.4235
122.4275
122.4384
122.4581
122.4739
122.484
122.4964
122.5038
122.5362
122.5478
122.5628
122.6009
122.6649
122.6906
122.706
122.7296
122.7326
122.7447
122.7724
122.7735
122.7901
122.7964
122.825
122.9309
122.9381
123.0014
123.0653
123.2058
123.2712
123.3104
123.3576
123.3953
123.4041
123.4095
123.4197
123.4208
123.4317
123.7535
123.7759
123.8075
123.8563
123.9143
123.931
123.9374
123.9432
123.9577
123.9615
124.0421
124.2188
124.233
124.2922
124.3523
124.3782
124.4525
124.7233
124.8663
124.8767
125.1029
125.338
125.3482
125.3676
125.3985
125.6204
125.8815
125.9027
125.9402
125.9791
126.2863
126.305
126.3073
126.3327
126.3471
126.3736
126.3776
126.3847
126.4136
126.435
126.4371
126.54
126.6036
126.8529
126.8908
126.9764
126.9949
127.012
127.023
127.0377
127.0452
127.0566
127.0703
127.1306
127.1745
127.2329
127.2532
127.2962
127.3574
127.3954
127.4108
127.4942
127.6032
127.8757
127.9048
128.2442
128.2528
128.2648
128.272
128.2784
128.2837
128.2898
128.3019
128.3123
128.3159
128.3329
128.3482
128.3728
128.3796
128.4005
128.4231
128.4401
128.4984
128.5356
128.5593
128.6031
128.6622
128.6898
128.7419
128.7802
128.7864
128.817
128.9469
128.992
129.179
129.239
129.2837
129.2886
129.315
129.3722
129.3738
129.4388
129.7684
129.8018
130.058
130.0843
130.1849
130.2759
130.4325
130.4688
130.4895
130.9172
131.0141
131.1831
131.3137
131.3252
131.3382
131.3866
131.4813
131.6585
132.2491
132.2639
132.3063
132.3144
132.325
132.3329
132.345
132.3606
132.3747
132.3839
132.431
132.4639
132.5827
132.6411
132.6487
132.6668
132.6895
132.7294
133.0022
133.0708
133.0792
133.2026
133.2873
133.3046
133.3214
133.3677
133.3828
133.3978
133.4066
133.4982
133.5473
133.8532
133.8731
133.9322
133.9681
134.111
134.1981
134.2148
134.2248
134.2313
134.2459
134.2482
134.2581
134.2607
134.2728
134.2766
134.289
134.3035
134.309
134.3279
134.3429
134.3567
134.3642
134.3801
134.4058
134.4076
134.4184
134.4327
134.4482
134.4617
134.5358
134.5995
134.6327
134.6718
134.7024
134.7457
134.7869
134.8764
134.9215
134.9979
135.1103
135.15
135.1765
135.2129
135.2323
135.2579
135.2937
135.3004
135.3339
135.3667
135.3846
135.4027
135.6
135.6121
135.6655
135.7237
135.7659
135.7866
135.8614
136.0999
136.1107
136.2409
136.4583
136.7256
136.8076
136.847
136.8651
137.1961
137.2625
137.3685
137.5486
137.7734
138.0064
138.0511
138.1947
138.2081
138.2223
138.2468
138.2634
138.2757
138.3022
138.3351
138.3503
138.3543
138.39
138.3946
138.4073
138.4322
138.455
138.4584
138.5355
138.6673
138.7277
138.7571
138.9989
139.2039
139.2785
139.2892
139.7807
139.8447
140.1701
140.1796
140.1853
140.1879
140.1967
140.1992
140.202
140.2053
140.2131
140.2293
140.2354
140.2605
140.2791
140.3
140.3121
140.3222
140.3263
140.3509
140.3612
140.3836
140.3943
140.4
140.4108
140.4366
140.5004
140.5154
140.5327
140.6061
140.6328
140.6366
140.6674
140.7088
140.7184
140.7732
140.7816
140.9222
140.9285
140.9296
141.0383
141.0857
141.1177
141.1785
141.1822
141.185
141.2017
141.2278
141.2467
141.2483
141.2535
141.2859
141.2962
141.3052
141.3217
141.3472
141.3752
141.4938
141.5559
141.601
141.61
141.6148
141.7929
141.8074
141.8531
141.9278
142.0167
142.0283
142.1772
142.6555
142.7359
142.8439
142.8457
143.1825
143.2632
143.3667
143.5631
144.1443
144.1566
144.1691
144.1881
144.2048
144.2079
144.2324
144.2842
144.2955
144.3668
144.4319
144.4575
144.4681
144.53
144.9971
145.3666
145.4022
145.4798
145.7782
145.7825
145.7883
145.8247
146.0562
146.1166
146.1353
146.1437
146.1504
146.1535
146.16
146.1645
146.1747
146.1856
146.1974
146.2092
146.223
146.2325
146.2485
146.2587
146.2599
146.2729
146.2857
146.2942
146.3252
146.3287
146.3614
146.375
146.387
146.3976
146.4178
146.4399
146.4581
146.5103
146.5362
146.5815
146.6283
146.6797
146.7129
146.768
146.8367
146.8683
146.9252
147.0319
147.0399
147.1116
147.1359
147.1431
147.1626
147.2089
147.2637
147.2782
147.3071
147.3095
147.3278
147.5539
147.6381
147.69
147.7001
147.7474
147.8439
147.8477
147.9213
147.975
147.983
148.0187
148.0615
148.12
148.22
148.3894
148.4057
148.4584
148.4614
148.5433
148.5597
148.669
148.8134
148.8868
148.8927
148.9223
148.9541
149.0208
149.027
149.1019
149.1286
149.1676
149.1836
149.206
149.2248
149.2413
149.3122
149.5916
149.7095
149.7439
149.8186
149.8429
149.8541
149.8621
149.8781
150.1051
150.1216
150.1256
150.1517
150.1653
150.1723
150.1989
150.207
150.2183
150.235
150.2523
150.2608
150.3021
150.3097
150.3823
150.4479
150.5275
150.5564
150.5578
150.5902
150.6347
150.7596
150.7755
150.7939
151.1285
151.4789
151.5663
151.57
151.6501
151.895
151.899
152.0215
152.0928
152.0988
152.1059
152.1122
152.1203
152.1242
152.1341
152.1677
152.1878
152.1974
152.2035
152.2107
152.212
152.222
152.2283
152.2312
152.2387
152.24
152.2555
152.2596
152.2618
152.2733
152.3434
152.3602
152.3636
152.3852
152.421
152.4223
152.4291
152.46
152.5165
152.5327
152.5477
152.5638
152.5856
152.6765
152.7037
152.7511
152.7567
152.7672
152.7836
152.8587
152.8991
153.0167
153.0948
153.183
153.185
153.2313
153.2531
153.3077
153.5111
153.5735
153.5877
153.589
153.6045
153.6898
153.7095
153.7231
153.7263
153.7735
153.8963
153.9009
153.9561
154.0351
154.1135
154.1201
154.159
154.2925
154.6634
154.7035
154.721
154.7531
154.9946
155.1296
155.1479
155.1613
155.2006
155.2072
155.2201
155.222
155.2236
155.2333
155.7364
155.801
155.9248
156.0764
156.0808
156.091
156.1047
156.1141
156.1203
156.1301
156.1468
156.1563
156.199
156.2
156.2351
156.2612
156.2695
156.2924
156.427
156.5197
156.9429
157.1967
157.2352
157.2671
157.4742
157.4956
157.5548
157.659
157.6808
157.9221
158.0421
158.0534
158.0557
158.0662
158.0705
158.0742
158.0771
158.086
158.0964
158.1028
158.1077
158.1111
158.1231
158.1397
158.1541
158.1599
158.1714
158.1815
158.2258
158.2311
158.2624
158.2706
158.2752
158.2904
158.3069
158.3243
158.3321
158.3443
158.3581
158.3685
158.3979
158.4067
158.4112
158.4956
158.5335
158.5603
158.5894
158.6091
158.625
158.7228
158.7326
158.8229
158.9131
158.9952
159.0011
159.0593
159.0644
159.0654
159.0715
159.1546
159.1772
159.2129
159.4163
159.4958
159.5266
159.5505
160.0252
160.0652
160.0773
160.1942
160.2488
160.2618
160.3317
160.3463
160.3857
160.4034
160.4121
160.4333
160.8902
161.0892
161.0943
161.1044
161.1174
161.1234
161.1327
161.1392
161.1571
161.1635
161.1777
161.3166
161.3602
161.407
161.7994
162.0111
162.023
162.0293
162.0478
162.0579
162.0801
162.0888
162.0966
162.1079
162.1251
162.1403
162.1515
162.1836
162.201
162.2334
162.2913
162.3187
162.3386
162.3468
162.3586
162.4112
162.4508
162.6023
162.936
163.1343
163.204
163.3919
163.6835
163.7102
163.8199
163.8419
163.9456
164.0035
164.0088
164.0146
164.0201
164.0246
164.0306
164.0362
164.0403
164.0464
164.0522
164.0572
164.0632
164.0697
164.1092
164.1567
164.189
164.2019
164.2185
164.2315
164.2514
164.2653
164.2749
164.276
164.3102
164.3654
164.4344
164.4688
164.4953
164.5251
164.5647
164.5713
164.5782
164.6508
164.8178
164.8602
164.8744
164.9026
164.9142
164.9921
164.9951
165.0012
165.0292
165.073
165.0835
165.1486
165.1503
165.1805
165.2522
165.3842
165.3853
165.3925
165.3958
165.4047
165.4288
165.4304
165.4594
165.4706
165.492
165.5831
165.6457
165.7628
165.8063
165.8845
165.9251
166.0305
166.1362
166.1481
166.2431
166.2716
166.3284
166.3598
166.4201
166.4648
166.4893
166.5545
166.5984
166.6186
166.6198
166.6404
166.6432
166.6686
166.7208
166.7323
166.7878
167.0545
167.065
167.0719
167.1029
167.2516
167.3181
167.5891
167.6355
167.838
167.9253
167.9528
168.0007
168.0052
168.0142
168.023
168.0281
168.0342
168.0484
168.0501
168.0681
168.0852
168.0918
168.1058
168.1227
168.1327
168.2035
168.3304
168.4402
168.7354
168.7486
168.9437
169.0316
169.2114
169.2577
169.3409
169.5162
169.946
169.9525
169.9652
169.9667
169.9689
169.9754
169.9861
169.9905
169.9928
170.0012
170.0036
170.0051
170.023
170.0348
170.0477
170.0515
170.0683
170.0802
170.1022
170.1039
170.11
170.1199
170.1289
170.1548
170.176
170.1902
170.2374
170.2564
170.2761
170.2827
170.3052
170.3181
170.3384
170.378
170.3846
170.4062
170.436
170.4512
170.4759
170.4995
170.5284
170.54
170.6003
170.6278
170.752
170.8539
170.8819
170.9051
170.9756
171.0312
171.062
171.1485
171.1671
171.3106
171.3453
171.4074
171.4373
171.4624
171.474
171.5388
171.652
171.6904
171.7049
171.755
172.0583
172.2387
172.2562
172.2572
172.3817
172.396
172.5162
172.5405
172.5908
172.6562
172.7112
173.0101
173.0181
173.0356
173.0478
173.0525
173.0554
173.0643
173.0766
173.6238
173.7801
173.9272
173.9495
173.9646
173.9681
173.9934
174.0025
174.0121
174.0161
174.0245
174.041
174.0455
174.0612
174.113
174.1205
174.1501
174.1738
174.1984
174.2196
174.2519
174.3293
174.4255
174.6066
174.8442
174.8556
174.884
174.915
175.0866
175.1951
175.9014
175.9063
175.9149
175.9187
175.9279
175.9369
175.9415
175.9459
175.951
175.9638
175.9751
175.9798
175.9976
176.0118
176.0253
176.033
176.0444
176.0488
176.0608
176.0693
176.0856
176.0959
176.1022
176.1223
176.1265
176.1297
176.1537
176.1661
176.1846
176.2001
176.2132
176.2655
176.2927
176.3033
176.3296
176.3501
176.4193
176.4564
176.5863
176.6048
176.6163
176.7658
176.7835
176.8122
176.8456
176.8681
176.9258
176.9691
177.0527
177.2709
177.275
177.2985
177.542
177.6262
177.6436
177.6929
177.6941
177.7131
177.7204
177.7229
177.9694
177.9808
177.9931
178.0305
178.0381
178.1313
178.1326
178.297
178.3027
178.3342
178.3727
178.4309
178.6155
178.6675
178.7785
178.8262
178.9482
178.9922
179.4455
179.6538
179.7649
179.885
179.9028
179.9091
179.9151
179.9261
179.9339
179.9378
179.9481
179.9561
179.9692
179.9757
179.9845
180.0051
180.0186
180.0326
180.0365
180.0564
180.0839
180.1572
180.1736
180.2639
180.3402
180.4109
180.5028
180.5145
180.9561
181.3151
181.5172
181.5366
181.5791
181.6183
181.6626
181.7538
181.8613
181.867
181.8738
181.8861
181.8908
181.8967
181.9155
181.9277
181.9323
181.949
181.9612
181.9685
181.9789
181.9827
181.9958
182.0011
182.0145
182.0387
182.0499
182.0599
182.0955
182.1124
182.1267
182.1379
182.1591
182.1806
182.2133
182.2297
182.3031
182.327
182.3731
182.3963
182.4518
182.4609
182.4809
182.524
182.6708
182.6933
182.7101
182.787
182.8842
182.8927
182.8971
182.9001
182.9053
182.9296
183.0108
183.0224
183.0372
183.1077
183.1155
183.2199
183.2224
183.3214
183.3354
183.3413
183.3576
183.4089
183.6501
183.6653
183.7813
183.9863
184.0391
184.0608
184.0718
184.334
184.5031
184.8429
184.8999
184.9258
184.9363
185.0422
185.0459
185.451
185.8525
185.8668
185.8785
185.885
185.8921
185.9007
185.9125
185.9181
185.9285
185.9373
185.9525
185.9597
185.9608
185.9724
185.9896
186.0079
186.0149
186.2225
186.2254
186.2963
186.3195
186.5621
186.5711
186.9308
187.1416
187.2387
187.2537
187.2753
187.3709
187.4267
187.5016
187.5316
187.5522
187.8051
187.8177
187.8243
187.842
187.8485
187.8509
187.8561
187.8612
187.8717
187.8729
187.8759
187.8779
187.8809
187.8869
187.9047
187.9184
187.9221
187.9354
187.9526
187.9562
187.9712
187.9896
188.013
188.0563
188.0791
188.0984
188.1095
188.1485
188.1754
188.1911
188.2193
188.2283
188.2991
188.3342
188.3698
188.4192
188.4308
188.4746
188.5174
188.5301
188.5923
188.6854
188.7461
188.773
188.8265
188.8286
188.8304
188.8566
188.9387
188.9905
189.1212
189.129
189.1826
189.2001
189.2111
189.2318
189.4725
189.4881
189.501
189.5188
189.5241
189.5993
189.6476
189.7967
189.8045
189.8166
189.8188
189.834
189.8563
190.0801
190.103
190.1873
190.2948
190.5997
190.7525
190.7579
190.8796
190.9299
191.0284
191.1715
191.476
191.8272
191.8378
191.8445
191.8524
191.8593
191.8838
191.8911
191.8978
191.9049
191.9297
191.9815
191.9876
192.131
192.1499
192.437
192.5203
192.5227
192.5735
192.7523
192.912
193.0094
193.1883
193.2026
193.2126
193.4857
193.5315
193.7918
193.8019
193.8098
193.813
193.8206
193.8287
193.8355
193.8477
193.8652
193.8672
193.8842
193.8961
193.9141
193.9203
193.9351
193.9361
193.9539
193.9567
193.9605
193.9741
193.9881
194.0276
194.0314
194.046
194.1085
194.1106
194.1408
194.1589
194.1695
194.2019
194.2059
194.2136
194.2489
194.2814
194.3159
194.3599
194.4038
194.4071
194.4321
194.4601
194.4704
194.5317
194.5578
194.5604
194.5864
194.7063
194.7815
194.8584
194.8692
194.9209
194.9766
195.0631
195.0845
195.1042
195.1174
195.1554
195.1701
195.1825
195.2266
195.2374
195.2489
195.2522
195.258
195.3848
195.482
195.4854
195.4988
195.5667
195.6082
195.6132
195.627
195.6289
195.64
195.7264
195.9599
196.0101
196.0482
196.1055
196.186
196.2285
196.2504
196.2966
196.3361
196.4245
196.5244
196.5485
197.3532
197.4677
197.7559
197.7614
197.766
197.7774
197.788
197.7947
197.8056
197.8399
197.8529
197.8704
197.8808
197.9105
197.9149
197.9299
197.9446
197.9729
198.0572
198.1506
198.2547
198.2571
198.4894
198.753
198.8731
199.2894
199.2978
199.3051
199.31
199.3893
199.4235
199.7213
199.7269
199.7327
199.7398
199.7422
199.7532
199.7563
199.7683
199.7824
199.7888
199.7953
199.8004
199.8102
199.826
199.8428
199.86
199.8642
199.867
199.8869
199.9289
199.9398
199.9584
199.9962
200.0187
200.0368
200.0582
200.0841
200.0863
200.1042
200.1199
200.1552
200.2306
200.3204
200.3483
200.4006
200.4408
200.4551
200.5714
200.6114
200.6382
200.7401
200.7578
200.7661
200.782
200.8107
200.8243
200.8934
200.9009
200.9313
201.0956
201.1085
201.1208
201.1234
201.129
201.1316
201.1771
201.2958
201.3521
201.5057
201.5715
201.5968
201.6186
201.658
201.6595
201.7015
201.827
202.0655
202.2749
202.503
202.5238
202.6494
202.7691
202.8151
202.8413
202.8918
203.6939
203.7185
203.7341
203.7476
203.7573
203.7605
203.7813
203.7923
203.798
203.8056
203.8158
203.823
203.8322
203.843
203.8461
203.8541
203.8577
203.8807
203.8832
203.8946
203.967
204.0628
204.0759
204.1139
204.2619
204.2694
204.2891
204.5819
204.6575
204.8881
205.3388
205.4247
205.4418
205.5963
205.7055
205.7139
205.7177
205.7268
205.7327
205.7399
205.746
205.7554
205.7583
205.7684
205.8008
205.8239
205.8362
205.8544
205.8821
205.8894
205.9026
205.9328
206.0051
206.0355
206.0595
206.1045
206.1167
206.2014
206.217
206.3449
206.4408
206.459
206.4905
206.5179
206.5228
206.6101
206.7166
206.7248
206.7279
206.73
206.7404
206.7727
206.7957
206.9378
207.0319
207.0631
207.0672
207.1064
207.1324
207.1622
207.1932
207.2442
207.4154
207.5138
207.5544
207.6754
207.6867
207.7728
207.848
207.8919
208.0027
208.1603
208.3758
208.4881
208.8443
208.8481
208.8674
208.9232
209.3206
209.4329
209.436
209.6862
209.6976
209.6997
209.7158
209.7234
209.7354
209.7401
209.7521
209.7631
209.7785
209.7916
209.8063
209.8142
209.8359
209.8649
209.9145
209.9844
210.0187
210.2398
210.2906
210.3202
210.6752
210.7105
210.8159
210.8306
210.8413
210.9112
210.9416
210.9806
211.0121
211.3921
211.5456
211.5588
211.6575
211.664
211.6686
211.6814
211.6909
211.7043
211.7152
211.7168
211.7212
211.732
211.7475
211.7508
211.7655
211.7705
211.7876
211.7953
211.7986
211.8027
211.8043
211.816
211.8268
211.8411
211.8587
211.8706
211.8792
211.9083
211.91
211.9559
211.963
211.9716
211.973
212.0135
212.0308
212.0493
212.0857
212.169
212.1983
212.2584
212.2822
212.3281
212.3908
212.4191
212.4666
212.5393
212.5492
212.5674
212.6796
212.6879
212.6961
212.7288
212.7903
212.7964
212.8058
212.8316
212.8424
212.8459
212.8491
213.0193
213.0908
213.1392
213.1528
213.1541
213.1662
213.2051
213.2121
213.3428
213.4216
213.4648
213.4915
213.5723
213.9329
214.4809
214.5079
214.5508
214.5896
214.6213
214.7312
214.748
214.8229
215.0117
215.438
215.4985
215.5437
215.5952
215.6425
215.6657
215.6763
215.692
215.6985
215.705
215.7234
215.7373
215.7431
215.7684
215.7847
215.8376
215.8658
215.874
215.9715
216.0474
216.2804
216.5061
216.5577
216.7605
216.7629
216.9016
216.9052
216.9144
216.9224
217.0428
217.0723
217.1856
217.2728
217.3153
217.5267
217.5366
217.5806
217.6002
217.6105
217.6198
217.6286
217.6359
217.6455
217.6581
217.6608
217.6727
217.7013
217.7188
217.7241
217.7266
217.7371
217.7443
217.7659
217.7678
217.7752
217.7945
217.8018
217.8131
217.8539
217.9087
217.9244
217.9429
217.9769
217.9938
218.0087
218.0692
218.1323
218.2481
218.2536
218.3019
218.3393
218.381
218.4328
218.4669
218.5181
218.6297
218.6355
218.6526
218.6786
218.773
218.7803
218.8014
218.8167
218.9259
219.0351
219.0552
219.0917
219.1701
219.2136
219.2531
219.2919
219.3595
219.4466
219.4568
219.4631
219.5781
219.6004
219.6549
219.7611
219.7694
219.8043
219.8546
219.8933
219.9132
219.9411
219.9552
220.2707
220.3147
220.3401
220.4825
220.6194
220.6633
220.6713
220.7103
220.738
221.2017
221.6051
221.6155
221.6257
221.6372
221.6465
221.6488
221.6612
221.6667
221.6725
221.6808
221.6935
221.6969
221.7012
221.7092
221.7462
221.765
221.7857
221.7948
221.8665
221.876
221.9218
221.9497
222.1434
222.3495
222.453
222.8597
223.1021
223.1515
223.4556
223.571
223.573
223.5776
223.5855
223.5942
223.5987
223.6032
223.6083
223.6131
223.6195
223.6276
223.6323
223.6583
223.671
223.6744
223.6842
223.6918
223.7035
223.7073
223.7084
223.7385
223.7456
223.7801
223.7877
223.7916
223.8387
223.8486
223.8507
223.88
223.9169
223.9337
223.9802
224.0235
224.0619
224.068
224.0845
224.1103
224.2082
224.2582
224.2954
224.3581
224.3816
224.4049
224.4499
224.5699
224.5882
224.598
224.6105
224.6408
224.6562
224.7456
224.8381
224.866
224.9494
225.0308
225.0746
225.1011
225.1413
225.1577
225.1748
225.1866
225.5421
225.5746
225.7255
225.7956
225.8071
225.8395
225.8783
225.8895
225.8962
225.9034
225.9058
225.9797
226.1947
226.2372
226.321
226.4014
226.6227
226.6343
226.6545
226.6821
226.7039
226.782
226.9369
226.9705
227.195
227.2216
227.3623
227.3735
227.3889
227.3972
227.4085
227.4164
227.4182
227.4361
227.5662
227.5746
227.5834
227.5933
227.6228
227.6372
227.6459
227.6582
227.6702
227.6982
227.7086
227.7249
227.7262
227.7384
227.9906
228.3479
228.3622
228.3661
228.425
228.945
228.967
229.5367
229.5379
229.5462
229.5572
229.5604
229.5727
229.5763
229.5846
229.5876
229.5987
229.6024
229.6034
229.6134
229.6171
229.6489
229.6673
229.6949
229.7087
229.7244
229.7393
229.7525
229.7784
229.7885
229.7996
229.8743
229.8915
229.9448
229.9616
230.0016
230.0571
230.0609
230.1058
230.1375
230.1513
230.1713
230.2297
230.2351
230.3421
230.3763
230.3895
230.4221
230.5436
230.5591
230.5624
230.6275
230.6348
230.6763
230.6774
230.6913
230.7068
230.7097
230.9227
230.9588
230.9623
231.0105
231.0208
231.0231
231.0257
231.1284
231.1996
231.2247
231.2693
231.5506
231.5914
231.8682
232.1814
232.2116
232.313
232.3989
232.4065
232.583
232.5983
232.608
232.6231
232.9335
233.126
233.4351
233.4579
233.5199
233.5276
233.535
233.5376
233.539
233.5425
233.5539
233.5579
233.5741
233.578
233.587
233.5974
233.6101
233.6367
233.6591
233.6993
233.7197
233.7568
233.7741
233.9702
233.9858
234.0204
234.2807
234.4356
234.4799
234.8114
234.8743
235.0143
235.2226
235.2682
235.5071
235.5148
235.5279
235.5325
235.5343
235.5357
235.5426
235.5476
235.559
235.5619
235.5901
235.6057
235.6105
235.6187
235.6282
235.6452
235.6524
235.661
235.6701
235.6718
235.6962
235.7246
235.7522
235.7699
235.7886
235.821
235.8658
235.8993
235.9182
235.9909
236.0592
236.0749
236.1142
236.1496
236.1895
236.223
236.2391
236.293
236.3834
236.4194
236.4824
236.4878
236.4942
236.504
236.5053
236.5478
236.6062
236.6116
236.619
236.6475
236.6491
236.7513
236.9034
236.9114
236.9138
236.9171
236.9323
236.9692
237.3699
237.3869
237.5307
237.7664
237.8025
237.9581
237.9713
238.0278
238.0743
238.0759
238.1633
238.1691
238.3694
238.3711
238.3916
238.4358
238.5388
238.5573
238.6407
239.0142
239.0563
239.0687
239.2572
239.4469
239.4608
239.5016
239.5124
239.5228
239.5355
239.5435
239.55
239.559
239.5917
239.6014
239.6133
239.615
239.6234
239.6831
239.8216
239.9735
240.156
240.1599
240.1609
240.1858
240.2795
240.5635
240.7239
240.9382
241.0414
241.0794
241.0966
241.2318
241.3782
241.4349
241.4368
241.45
241.4556
241.4613
241.467
241.4763
241.4834
241.489
241.5008
241.507
241.5212
241.5355
241.5709
241.5848
241.5862
241.5895
241.6013
241.6211
241.6406
241.668
241.671
241.6807
241.6963
241.6994
241.7184
241.7208
241.7563
241.8066
241.8259
241.8528
241.8936
241.9133
241.9178
241.9424
241.967
241.9918
242.0578
242.1086
242.1155
242.1343
242.1479
242.1801
242.1835
242.3016
242.3043
242.3528
242.3745
242.4465
242.4475
242.4678
242.4744
242.4883
242.5004
242.5905
242.6328
242.685
242.7777
242.8035
242.8756
242.8863
242.895
242.9133
242.9172
242.9456
242.9934
243.041
243.0432
243.0619
243.0851
243.1456
243.2228
243.2332
243.4277
243.4915
243.5065
243.5283
243.5445
243.5773
243.5802
243.636
243.7155
243.7905
244.0394
244.0671
244.0707
244.117
244.1223
244.1511
244.3075
244.3443
244.3993
244.4453
244.4952
244.5158
244.5309
244.5428
244.5968
244.6012
244.6068
245.1964
245.4407
245.454
245.4606
245.4654
245.4724
245.4792
245.4866
245.4939
245.5045
245.527
245.5379
245.5531
245.5619
245.5714
245.5919
245.6453
245.6645
245.6695
245.6711
245.7012
245.8319
245.8354
245.8465
246.0071
246.0495
246.075
246.1335
246.3753
246.5157
246.6868
246.7101
246.7421
246.9357
247.1737
247.1912
247.1924
247.2129
247.2533
247.3979
247.4088
247.4188
247.4267
247.4311
247.4354
247.4393
247.447
247.4613
247.475
247.4793
247.4923
247.4969
247.5108
247.5675
247.5701
247.5861
247.591
247.6098
247.6207
247.6239
247.6358
247.6449
247.6608
247.6719
247.6908
247.7238
247.7401
247.7901
247.8343
247.871
247.8895
247.9155
247.92
247.9244
247.9807
248.0089
248.0522
248.0969
248.0999
248.1814
248.2418
248.272
248.2877
248.3101
248.3132
248.416
248.4289
248.439
248.4902
248.4916
248.5511
248.5804
248.5816
248.759
248.7748
248.7799
248.8117
248.8163
248.9558
248.9797
249.1329
249.2763
249.2829
249.2911
249.3986
249.5359
249.5377
249.5458
249.5606
249.6142
250.0664
250.2137
250.2529
250.4475
250.4534
250.4761
250.508
250.5309
250.5949
250.7658
251.0644
251.3577
251.3604
251.3722
251.3822
251.4031
251.4146
251.4227
251.4303
251.4488
251.4647
251.4834
251.4966
251.514
251.5151
251.5582
251.5647
251.607
251.6772
251.6992
251.7133
251.7221
251.7383
252.0644
252.2739
252.5606
252.6448
252.6705
252.7419
252.8659
252.9533
253.0887
253.369
253.3742
253.3804
253.3879
253.3938
253.398
253.4027
253.4096
253.4138
253.4199
253.4375
253.4529
253.4679
253.4735
253.4862
253.4919
253.493
253.5049
253.5094
253.5142
253.5368
253.541
253.5497
253.5585
253.5853
253.5926
253.6981
253.7173
253.7271
253.731
253.7503
253.7775
253.7968
253.8262
253.8381
253.8636
253.879
253.9156
253.9589
254.0086
254.0123
254.0399
254.0956
254.1524
254.2355
254.2394
254.3159
254.3581
254.3748
254.3805
254.3828
254.3922
254.4122
254.4345
254.439
254.4417
254.4949
254.5079
254.5176
254.6793
254.6891
254.6941
254.7043
254.7069
254.7096
254.716
254.7351
254.7581
254.8528
254.8732
254.9899
255.1267
255.2225
255.233
255.2684
255.2936
255.3794
255.4029
255.4502
255.4706
255.4844
255.5129
255.6743
255.6943
255.7395
255.7868
255.8801
255.9675
256.083
256.3151
256.4105
256.4285
256.4407
256.4432
256.4783
256.4834
256.4989
256.5883
256.7183
256.8001
256.9687
257.0627
257.1289
257.3349
257.3756
257.3902
257.3975
257.4035
257.4092
257.4122
257.4157
257.4253
257.4306
257.4448
257.4665
257.4718
257.482
257.4947
257.5096
257.6194
257.7389
258.0361
258.1094
258.2865
258.3536
258.387
258.39
258.4295
258.5209
258.5914
258.6251
258.7216
259.0339
259.2005
259.2152
259.2215
259.2594
259.322
259.3309
259.3379
259.342
259.347
259.3535
259.3562
259.3635
259.3674
259.3704
259.3816
259.3891
259.3923
259.3985
259.4075
259.4137
259.4322
259.4373
259.4511
259.4573
259.468
259.4895
259.5054
259.5067
259.5149
259.5291
259.541
259.5631
259.5718
259.6169
259.6251
259.6289
259.6725
259.7022
259.7064
259.8052
259.8201
259.8885
259.9059
259.9372
260.0068
260.0302
260.0502
260.1146
260.1359
260.165
260.1675
260.1876
260.224
260.3126
260.3331
260.3519
260.3687
260.374
260.4204
260.5945
260.6913
260.7068
260.721
260.7242
260.7336
260.7456
260.7671
260.7822
260.7944
260.8525
260.8632
260.8664
260.8939
260.9573
260.9834
260.9966
261.1549
261.2313
261.2508
261.3066
261.3367
261.3454
261.3649
261.3691
261.437
261.5432
261.6165
261.6758
261.8864
261.9232
261.926
261.955
261.979
262.036
262.0855
262.0941
262.2275
262.2856
262.3805
262.3827
262.4002
262.5279
262.8299
262.8603
263.0403
263.2911
263.3024
263.3074
263.3138
263.3343
263.3424
263.3658
263.3707
263.3729
263.3831
263.4014
263.4401
263.448
263.4701
263.4847
263.5046
263.5462
263.5548
263.6427
263.6855
263.7936
263.8507
264.3256
264.8443
264.9399
265.1295
265.2758
265.2887
265.2956
265.3104
265.316
265.318
265.3268
265.3297
265.3565
265.3624
265.3728
265.3778
265.4078
265.4136
265.418
265.4365
265.4485
265.4703
265.472
265.4814
265.4955
265.5049
265.552
265.5647
265.5847
265.6136
265.6371
265.7135
265.7369
265.7562
265.8419
265.8659
266.009
266.0327
266.0585
266.1321
266.1558
266.1883
266.2375
266.2636
266.2916
266.3324
266.3572
266.404
266.497
266.534
266.5365
266.774
266.8241
266.9547
267.0961
267.2781
267.2895
267.2981
267.3003
267.3031
267.3103
267.3319
267.3381
267.3514
267.3597
267.4081
267.5489
267.5596
267.6352
267.731
267.7452
267.7569
267.7813
267.8121
267.8514
267.9093
268.081
268.2093
268.22
268.2938
268.3135
268.3494
268.3651
268.4007
268.4095
268.4599
268.6089
268.9118
269.1547
269.2649
269.2718
269.282
269.2873
269.294
269.2998
269.3068
269.3153
269.3476
269.359
269.3685
269.3852
269.3925
269.4262
269.4527
269.483
269.5474
269.5654
269.5694
269.6696
269.7544
269.8165
269.8631
269.914
270.1987
270.2207
270.7184
270.7836
270.9024
271.0764
271.2165
271.2295
271.2454
271.2509
271.2543
271.261
271.2633
271.268
271.2782
271.2836
271.2846
271.2856
271.2902
271.2973
271.3171
271.3199
271.3265
271.3698
271.3762
271.3999
271.4141
271.4287
271.466
271.4785
271.5189
271.5565
271.6245
271.6539
271.6937
271.8
271.841
271.8912
271.9455
271.9829
272.0619
272.191
272.2349
272.2414
272.2543
272.2921
272.3143
272.3241
272.3511
272.3564
272.4024
272.418
272.5273
272.6097
272.6167
272.6309
272.6492
272.6941
272.6959
272.7172
272.8469
272.8646
272.9583
272.974
273.0921
273.112
273.2081
273.2328
273.2566
273.3118
273.3989
273.4317
273.4806
273.4958
273.6943
273.6981
273.7799
273.9572
273.9672
274.1789
274.2207
274.2264
274.2645
274.2757
274.288
274.3159
274.3322
274.4364
274.5137
274.9702
275.1328
275.2169
275.2238
275.2349
275.2429
275.2526
275.2624
275.2857
275.3059
275.3137
275.3258
275.3408
275.3467
275.3978
275.4269
275.4915
275.5213
275.5336
275.6847
275.7457
275.7637
275.7854
275.8319
276.2671
276.4356
276.8594
277.0175
277.0913
277.1175
277.1427
277.2007
277.2081
277.2123
277.2164
277.222
277.2245
277.2307
277.2338
277.2462
277.2503
277.2622
277.2663
277.274
277.2797
277.2836
277.2968
277.3142
277.3308
277.3338
277.3473
277.3655
277.3715
277.3899
277.3994
277.4084
277.4424
277.4594
277.4787
277.5035
277.5225
277.5649
277.5843
277.651
277.6633
277.6747
277.7096
277.7391
277.7569
277.7614
277.795
277.8231
277.8525
277.8594
277.9385
277.9563
277.99
278.0289
278.078
278.2074
278.2197
278.32
278.3742
278.5365
278.5407
278.549
278.5655
278.5781
278.6012
278.6246
278.6297
278.655
278.7623
278.7822
278.7986
278.8467
278.8485
278.8775
279.0317
279.1791
279.2087
279.2215
279.2528
279.3256
279.3478
279.583
279.5971
279.6221
279.9004
279.9062
279.9728
280.0002
280.0393
280.1484
280.1593
280.2191
280.2239
280.2399
280.5121
281.0252
281.0691
281.1663
281.185
281.1946
281.2014
281.2105
281.2191
281.252
281.2726
281.2824
281.3142
281.3328
281.3522
281.368
281.3792
281.4229
281.438
281.4452
281.452
281.4648
281.4766
281.495
281.5825
281.8714
281.9424
282.0592
282.2584
282.3816
282.4483
282.6372
282.8554
282.8597
282.8984
282.9204
282.9491
283.1416
283.1496
283.1577
283.1651
283.1678
283.1752
283.1787
283.1862
283.1964
283.1999
283.2063
283.2135
283.2336
283.2446
283.2492
283.2504
283.266
283.2793
283.2857
283.2957
283.306
283.3209
283.3457
283.3566
283.371
283.3853
283.3981
283.4004
283.4216
283.4422
283.509
283.5208
283.5414
283.5921
283.608
283.618
283.6347
283.651
283.6936
283.7555
283.7998
283.8388
283.866
283.9016
283.923
283.9531
284.0101
284.1313
284.1537
284.158
284.1756
284.2276
284.2508
284.295
284.494
284.5019
284.5347
284.5438
284.5695
284.6177
284.6422
284.6464
284.8255
284.8344
284.9536
285.0343
285.0631
285.1666
285.2501
285.3033
285.313
285.3154
285.341
285.4358
285.5177
285.5253
285.542
285.5734
285.9766
286.0133
286.2067
286.2496
286.2668
286.4094
286.5727
286.7805
286.9143
286.9591
287.0397
287.1358
287.1577
287.163
287.1736
287.1782
287.2041
287.2166
287.2391
287.2443
287.2477
287.2559
287.2634
287.2886
287.3856
287.4954
287.5719
287.9076
287.9379
287.9604
287.9777
288.1732
288.2019
288.3316
288.6478
288.734
288.8698
288.9708
289.0508
289.0993
289.1126
289.1176
289.1261
289.1319
289.1412
289.1661
289.1782
289.1938
289.197
289.2146
289.2321
289.2411
289.2485
289.2558
289.2687
289.2833
289.2913
289.3037
289.3062
289.3269
289.3281
289.3382
289.3557
289.4031
289.423
289.4395
289.4531
289.4693
289.4965
289.5426
289.5599
289.5855
289.6133
289.6336
289.6512
289.7018
289.7376
289.7504
289.768
289.8723
289.923
289.9986
290.007
290.0465
290.0986
290.1224
290.1663
290.1926
290.2205
290.231
290.2395
290.2407
290.2755
290.3025
290.4575
290.5242
290.5562
290.777
290.8193
290.9168
290.931
291.0126
291.0447
291.0721
291.1033
291.2578
291.349
291.3546
291.3656
291.4955
291.569
291.6344
291.6636
291.8525
291.8676
291.9223
291.9271
292.0225
292.026
292.0879
292.1271
292.1493
292.2013
292.3195
292.9026
292.946
292.9738
293.0786
293.0852
293.1014
293.1092
293.1119
293.1248
293.1302
293.1355
293.1553
293.1749
293.186
293.1951
293.1997
293.2072
293.2168
293.2264
293.2333
293.2975
293.3256
293.3271
293.3377
293.5714
293.5911
293.6463
293.6602
293.7725
293.8803
293.8877
294.0773
294.1578
294.1819
294.227
294.4798
294.6032
294.7441
294.8673
295.0511
295.0706
295.0788
295.0853
295.0903
295.1007
295.1165
295.1188
295.127
295.1309
295.1455
295.1482
295.1588
295.1629
295.1805
295.1943
295.1993
295.2127
295.2194
295.2328
295.2397
295.2541
295.2627
295.2941
295.2997
295.3104
295.3289
295.3372
295.3808
295.3999
295.4342
295.46
295.4837
295.5014
295.5166
295.5382
295.5501
295.5544
295.5666
295.5877
295.594
295.6121
295.6503
295.666
295.695
295.7166
295.7508
295.7573
295.8075
295.8134
295.8282
295.8566
295.8761
295.9035
295.9294
295.9863
295.9979
296.0546
296.0654
296.0768
296.0782
296.1613
296.1624
296.2277
296.2714
296.3554
296.3611
296.3836
296.4437
296.4476
296.4727
296.5227
296.5414
296.6314
296.7161
296.7321
296.8367
297
297.0042
297.0223
297.0295
297.0308
297.1662
297.1799
297.2468
297.2665
297.5199
297.5663
297.5822
297.5983
297.6117
297.6442
297.6803
297.8664
298.0784
298.1371
298.1384
298.5536
298.6269
298.7741
298.7943
298.8522
298.8704
298.9581
299.0276
299.0396
299.0423
299.0466
299.0636
299.0738
299.0797
299.0885
299.1
299.1047
299.1102
299.1287
299.1367
299.1412
299.1706
299.1816
299.2177
299.2344
299.2989
299.4914
299.5029
299.6611
299.6997
299.7511
299.8242
299.9294
300.0254
300.2075
300.3245
300.3286
300.6484
300.6574
300.664
300.668
300.9045
300.9096
300.9256
300.9423
300.9638
301.0291
301.0454
301.0535
301.071
301.0844
301.0916
301.095
301.1056
301.1211
301.1254
301.1294
301.1386
301.14
301.1418
301.1508
301.1537
301.1577
301.1593
301.1737
301.1751
301.1855
301.2049
301.21
301.2185
301.243
301.2584
301.3175
301.3534
301.3677
301.3892
301.4355
301.4517
301.4809
301.5262
301.5935
301.6071
301.661
301.7077
301.7688
301.83
301.878
301.8803
302.0425
302.0444
302.058
302.0673
302.1528
302.1822
302.2157
302.2325
302.2507
302.3887
302.4066
302.4334
302.5353
302.5369
302.6568
302.6582
302.6805
302.7193
302.8027
302.9351
303.0684
303.0966
303.16
303.2182
303.299
303.342
303.3545
303.4438
303.6668
303.8259
303.8381
303.8524
303.8542
303.9013
303.912
303.9643
304.0024
304.0069
304.0309
304.0425
304.0794
304.1298
304.1416
304.328
304.789
304.9915
304.9936
304.999
305.0221
305.028
305.0431
305.0882
305.1119
305.1336
305.1632
305.3093
305.3615
306.0888
306.2114
306.971
306.9762
306.9905
306.9954
307.0024
307.0066
307.016
307.0224
307.0251
307.034
307.0382
307.0483
307.064
307.0677
307.0707
307.0798
307.0837
307.0853
307.1027
307.1038
307.1161
307.1227
307.1437
307.1678
307.1898
307.237
307.2479
307.2568
307.3092
307.3337
307.3596
307.3876
307.4151
307.4762
307.5235
307.5499
307.5816
307.6024
307.6206
307.6273
307.6779
307.687
307.7582
307.7682
307.831
307.9303
308.0065
308.0303
308.0557
308.1385
308.1686
308.2705
308.3486
308.3732
308.3914
308.4639
308.4698
308.4749
308.5908
308.5991
308.63
308.6486
308.6518
308.6529
308.6691
308.6758
308.6933
308.9063
308.9833
309.0603
309.0686
309.1124
309.1408
309.1729
309.228
309.286
309.2984
309.4211
309.4515
309.4673
309.759
309.8206
309.8339
309.8705
309.9926
310.0992
310.4716
310.7108
310.7202
310.7345
310.7427
310.9567
310.97
310.9815
310.9941
311.0009
311.011
311.025
311.0333
311.0464
311.0646
311.0746
311.1192
311.1262
311.1536
311.1836
311.2297
311.4853
311.7225
311.7394
311.9964
312.0021
312.2599
312.4142
312.7166
312.7307
312.7519
312.7717
312.7814
312.8008
312.8396
312.9287
312.9378
312.9571
312.9604
312.9675
312.9762
312.9851
312.9938
312.9973
313.0076
313.0121
313.0258
313.0287
313.0421
313.0452
313.0592
313.0639
313.077
313.0794
313.0807
313.0826
313.0917
313.12
313.1319
313.1621
313.1816
313.2182
313.23
313.2407
313.2434
313.2564
313.2998
313.3199
313.3503
313.3892
313.4191
313.4739
313.4908
313.5687
313.6089
313.6252
313.6301
313.6861
313.7186
313.7577
313.7711
313.79
313.8677
313.8697
313.9063
313.9552
313.9634
313.9649
313.9789
313.9815
314.0122
314.0315
314.0439
314.0953
314.1036
314.1821
314.2069
314.298
314.3262
314.3313
314.3455
314.3795
314.4151
314.429
314.4557
314.7213
314.7448
314.7521
314.7805
314.7822
314.784
314.8696
314.9916
315.1295
315.1384
315.2206
315.4744
315.7234
315.7919
315.8031
315.8172
315.8199
315.8303
315.843
315.8537
315.8695
316.0867
316.1782
316.3276
316.6446
316.7016
316.9215
316.9281
316.9404
316.948
316.954
316.9639
316.9739
316.9889
316.9966
317.0186
317.0356
317.0442
317.06
317.0912
317.0982
317.1149
317.1441
317.1668
317.3512
317.3813
317.5648
317.6196
317.9399
318.0701
318.1252
318.1327
318.3025
318.3467
318.5465
318.57
318.6017
318.6086
318.6315
318.7503
318.8506
318.9028
318.9067
318.9138
318.9208
318.9264
318.9291
318.9318
318.9364
318.9527
318.9545
318.9578
318.9674
318.9853
319.02
319.0338
319.0385
319.0436
319.0767
319.0899
319.1047
319.1164
319.1319
319.1721
319.1889
319.2042
319.2299
319.2494
319.2754
319.2944
319.3046
319.3107
319.3186
319.3413
319.3526
319.3801
319.4103
319.5043
319.5541
319.5681
319.5849
319.6141
319.6554
319.707
319.734
319.7578
319.7715
319.8414
319.89
319.9236
319.9274
319.9324
320.0161
320.0351
320.0446
320.0739
320.0945
320.3076
320.3695
320.4582
320.4751
320.5025
320.5197
320.5254
320.5556
320.5959
320.6238
320.6417
320.6444
320.6903
320.8077
320.8098
320.8256
320.9178
321.0171
321.1482
321.2023
321.357
321.426
321.4385
321.4761
321.5246
321.5345
321.6692
321.6895
321.7532
321.8693
321.9552
322.1472
322.412
322.8611
322.8711
322.8729
322.8898
322.9061
322.9158
322.9296
322.9361
322.9482
322.9569
322.9618
322.9753
322.9856
323.0081
323.0233
323.0414
323.0891
323.1859
323.2281
323.2432
323.3804
323.459
323.4992
324.0934
324.1986
324.2205
324.3699
324.562
324.6397
324.6675
324.6802
324.7479
324.7553
324.8489
324.8617
324.8673
324.8718
324.8772
324.8794
324.8903
324.897
324.9015
324.9159
324.9286
324.9322
324.962
324.9657
324.9792
325.0079
325.0104
325.0192
325.0303
325.0385
325.0763
325.0824
325.0898
325.1065
325.1198
325.1549
325.1689
325.2002
325.2183
325.2623
325.3009
325.3556
325.3771
325.3983
325.4145
325.4463
325.5723
325.5916
325.6337
325.6708
325.6822
325.696
325.7214
325.7596
325.7612
325.8511
325.8582
325.8676
325.8796
325.9307
326.0003
326.0456
326.0502
326.2225
326.229
326.2365
326.2628
326.303
326.347
326.3809
326.3825
326.451
326.4893
326.5033
326.6877
326.6917
326.8108
326.8266
326.8391
326.8431
326.851
326.8725
326.9259
327.0235
327.0749
327.3729
327.4691
327.4928
327.6609
327.7108
327.804
327.9143
327.9678
328.3069
328.4607
328.5994
328.8156
328.8247
328.8267
328.835
328.8389
328.8496
328.8759
328.8808
328.894
328.9032
328.9167
328.9297
328.9308
328.9431
328.954
328.9829
328.9983
329.0111
329.0783
329.1117
329.179
329.1909
329.1983
329.2065
329.2177
329.2288
329.2731
329.3535
329.4339
329.4367
329.4378
329.5424
329.7682
329.7949
329.8349
329.9895
330.0247
330.0715
330.0954
330.1083
330.1227
330.2478
330.299
330.3643
330.367
330.3743
330.4997
330.5057
330.6014
330.8054
330.8184
330.8229
330.8314
330.8371
330.8386
330.8452
330.8504
330.8551
330.8598
330.8698
330.8861
330.8888
330.9037
330.912
330.9183
330.9197
330.9365
330.9419
330.9447
330.9741
330.9946
331.0054
331.0182
331.0417
331.0752
331.0915
331.1349
331.1428
331.1985
331.2107
331.2305
331.2399
331.2651
331.2874
331.2926
331.3322
331.371
331.4132
331.4946
331.4997
331.5416
331.5994
331.6034
331.6304
331.6678
331.6876
331.7054
331.7437
331.7642
331.7998
331.8154
331.8175
331.8395
331.8618
331.8659
331.8982
331.9326
332.0118
332.0218
332.2056
332.2171
332.2218
332.238
332.2558
332.2749
332.332
332.3581
332.41
332.4265
332.4817
332.5647
332.7302
332.779
332.7882
332.7951
332.8303
332.8486
333.0362
333.0631
333.3982
333.5508
333.564
333.6924
333.7314
333.8609
333.9649
334.1236
334.2693
334.3567
334.3656
334.5417
334.5609
334.6229
334.7154
334.7478
334.7588
334.7646
334.7666
334.7748
334.7847
334.7956
334.797
334.8034
334.8334
334.8445
334.8513
334.8775
334.8975
334.9075
334.9539
334.9567
334.9887
335.0461
335.0579
335.0672
335.0783
335.1036
335.1348
335.174
335.182
335.212
335.2657
335.2761
335.3437
335.476
335.6152
335.7042
335.7101
336.0275
336.2909
336.3114
336.359
336.4201
336.562
336.6162
336.7654
336.7742
336.7812
336.7938
336.7991
336.806
336.8095
336.8204
336.8277
336.8358
336.8478
336.8529
336.8702
336.8801
336.8849
336.886
336.8989
336.9033
336.9167
336.9181
336.9388
336.9454
336.9586
336.9658
336.9783
336.9943
336.9965
336.9975
337.0106
337.038
337.0723
337.083
337.1027
337.1302
337.1558
337.1726
337.2198
337.2436
337.271
337.2898
337.292
337.3109
337.3388
337.3488
337.3531
337.3925
337.4125
337.4656
337.605
337.6917
337.7251
337.7739
337.7798
337.7814
337.8363
337.8451
337.8805
337.9157
337.9235
337.951
337.9717
337.9971
338.0803
338.0876
338.1386
338.1641
338.1679
338.5432
338.5774
338.6057
338.6099
338.6141
338.7152
338.94
338.9875
339.0928
339.1094
339.1178
339.1191
339.1377
339.1437
339.3555
339.3874
339.6626
339.6691
339.685
339.7152
339.7988
339.8257
339.8309
339.8593
339.8798
339.9136
339.9889
340.2069
340.4406
340.6369
340.7433
340.7529
340.7613
340.7788
340.7868
340.7889
340.8132
340.841
340.8519
340.8649
340.866
340.8756
340.8807
340.8977
340.9192
340.9554
341.0167
341.018
341.0374
341.0592
341.0621
341.1663
341.2756
341.2783
341.316
341.3722
341.6089
341.728
341.8283
341.842
342.348
342.5333
342.561
342.7074
342.7227
342.7364
342.7397
342.7453
342.7511
342.754
342.7606
342.7654
342.7706
342.7759
342.7801
342.789
342.7924
342.8062
342.8209
342.8381
342.8424
342.8774
342.8794
342.8925
342.9233
342.9347
342.9496
342.9556
342.9933
343.0069
343.0222
343.0364
343.048
343.0719
343.0928
343.1122
343.1288
343.1488
343.1901
343.2017
343.2033
343.2374
343.2698
343.2899
343.3072
343.3095
343.3551
343.3847
343.4027
343.4198
343.4329
343.4594
343.479
343.5218
343.5442
343.6015
343.612
343.6788
343.7529
343.7609
343.7677
343.7805
343.8154
343.8329
343.8449
343.8486
343.8928
343.9058
343.9085
343.9244
344.0611
344.0819
344.0904
344.0984
344.1111
344.1775
344.3292
344.3538
344.3558
344.3591
344.3644
344.4068
344.4385
344.5142
344.5679
344.5907
344.7828
344.9228
344.936
345.0309
345.1006
345.1503
345.5435
345.5556
345.7805
345.792
345.7971
345.8277
345.8352
345.8452
346.3449
346.5937
346.6028
346.6255
346.6351
346.6455
346.6736
346.7047
346.7225
346.7421
346.7534
346.7597
346.7687
346.7721
346.7817
346.7972
346.8021
346.817
346.8309
346.8429
346.885
346.8863
346.9419
347.042
347.0543
347.2137
347.3522
347.3862
347.5704
347.6935
347.7377
347.7547
347.7617
348.0148
348.1419
348.2081
348.2231
348.3471
348.3487
348.356
348.43
348.4915
348.5269
348.5411
348.6123
348.6828
348.6911
348.6988
348.7054
348.7168
348.7205
348.7255
348.7335
348.7359
348.7437
348.7466
348.7493
348.7801
348.7831
348.7968
348.8009
348.8149
348.82
348.8332
348.8528
348.8615
348.8734
348.893
348.8943
348.9085
348.918
348.9215
348.9495
348.9646
348.9821
349.0087
349.0262
349.0511
349.0771
349.1644
349.1737
349.1814
349.231
349.2693
349.305
349.3317
349.3449
349.3873
349.3933
349.4574
349.5202
349.5624
349.594
349.5956
349.615
349.6797
349.703
349.7067
349.7106
349.7382
349.7584
349.7988
349.9737
349.9935
350.0748
350.142
350.1539
350.1656
350.1807
350.2099
350.2281
350.2332
350.2588
350.3223
350.414
350.4685
350.492
350.4961
350.6854
350.7437
350.8537
350.9156
350.949
350.9674
350.9789
350.9893
351.0369
351.0838
351.1216
351.2151
351.3259
351.393
351.4622
351.4785
351.5837
351.6133
351.7451
351.7941
351.8086
351.8858
351.9247
352.4147
352.4952
352.6045
352.6222
352.6718
352.6775
352.6844
352.692
352.7052
352.7153
352.7381
352.752
352.7682
352.7771
352.8404
352.9077
352.9973
353.042
353.0446
353.0478
353.0724
353.3438
353.4235
353.5988
353.6365
353.9627
353.9786
354.1761
354.2579
354.3011
354.3257
354.429
354.581
354.6542
354.6651
354.671
354.676
354.6801
354.6926
354.7025
354.7059
354.7088
354.7178
354.7216
354.7287
354.7339
354.7379
354.7502
354.7696
354.7718
354.7751
354.7929
354.8142
354.8166
354.8268
354.8489
354.8651
354.871
354.8803
354.8937
354.9187
354.9342
354.9528
355.0159
355.0641
355.083
355.0914
355.1316
355.1745
355.2011
355.2434
355.2446
355.2685
355.2972
355.3642
355.3996
355.4558
355.461
355.5078
355.5396
355.5953
355.6052
355.6724
355.6737
355.6753
355.7073
355.7253
355.7427
355.7531
355.7788
355.8076
356.0457
356.0539
356.0988
356.1236
356.1293
356.1307
356.1823
356.1842
356.5128
356.5414
356.5754
356.6145
356.6398
356.6418
356.6479
356.6565
356.6793
356.9319
357.0129
357.1121
357.2114
357.2631
357.299
357.323
357.4547
357.4984
357.5096
357.6331
357.6873
357.7008
357.7655
357.8043
358.0648
358.0805
358.1403
358.2869
358.2919
358.3173
358.3212
358.3844
358.6018
358.6115
358.6139
358.6246
358.6413
358.6524
358.6598
358.6696
358.6867
358.692
358.7028
358.7149
358.7366
358.7556
358.7579
358.7798
358.7986
358.8286
358.8425
358.8759
358.9557
358.9659
358.9705
358.9921
359.2647
359.3892
359.5534
359.579
359.6899
359.719
359.7246
359.7284
359.7616
359.8673
359.8933
360.0285
360.1283
360.414
360.5793
360.5865
360.5963
360.6155
360.6244
360.6382
360.6427
360.6532
360.6634
360.6652
360.6717
360.6819
360.6974
360.7017
360.7158
360.7194
360.7324
360.7371
360.7424
360.7521
360.7539
360.7598
360.7724
360.7835
360.7875
360.7889
360.7916
360.8222
360.8484
360.8517
360.8937
360.8947
360.94
360.9451
360.9683
360.9784
361.0038
361.0301
361.0618
361.0851
361.1529
361.1747
361.1759
361.1924
361.2463
361.2907
361.3651
361.3973
361.4093
361.4619
361.4666
361.4945
361.5031
361.531
361.5653
361.5715
361.6092
361.6246
361.6647
361.7095
361.7393
361.7568
361.7591
361.7784
361.8102
361.8878
361.9062
362.0053
362.023
362.032
362.0453
362.05
362.1185
362.1977
362.3266
362.3399
362.3503
362.3653
362.3881
362.5257
362.5534
362.5585
362.5749
362.5764
362.5889
362.5901
362.6034
362.6072
362.7401
362.8176
362.9946
363.1521
363.1804
363.2102
363.2279
363.2826
363.5258
363.6456
363.6664
363.6709
363.682
363.7591
364.1543
364.2122
364.2511
364.4056
364.488
364.574
364.5772
364.6002
364.6119
364.6196
364.6247
364.6382
364.6519
364.6579
364.6679
364.6746
364.7
364.7091
364.7309
364.7518
364.7832
364.8219
364.8259
364.8693
364.8776
364.8905
364.9201
364.9324
364.9641
364.983
365.0104
365.42
365.4454
365.5732
365.5948
365.6382
365.7087
365.9529
365.9552
365.9724
366.0566
366.1967
366.2406
366.4515
366.5433
366.5493
366.566
366.5765
366.5837
366.5883
366.6075
366.6124
366.6413
366.6457
366.6589
366.6624
366.6694
366.6719
366.6796
366.69
366.6924
366.7106
366.7149
366.72
366.7316
366.7523
366.7665
366.7813
366.8309
366.8654
366.8718
366.9377
366.972
366.996
367.0269
367.0567
367.1162
367.1173
367.1474
367.1775
367.2162
367.247
367.2673
367.2747
367.3726
367.4569
367.4791
367.4916
367.5461
367.5682
367.5742
367.5854
367.6062
367.6162
367.635
367.6485
367.672
367.6795
367.6913
367.7107
367.727
367.8088
367.8945
367.9067
367.9301
367.9997
368.0407
368.0643
368.0715
368.0754
368.0904
368.1161
368.1664
368.2855
368.3548
368.3708
368.3833
368.4115
368.4857
368.5487
368.5989
368.6803
368.998
369.0095
369.0167
369.0469
369.0859
369.1301
369.2062
369.2351
369.2658
369.4569
369.4961
369.5342
369.5763
369.6648
369.6954
369.8564
370.1364
370.1618
370.3126
370.4503
370.5279
370.5335
370.5422
370.5495
370.557
370.5647
370.572
370.5886
370.5946
370.5999
370.617
370.6568
370.6892
370.6999
370.7097
370.7121
370.7374
370.7641
370.7729
370.7808
370.7937
370.8203
370.822
370.8748
370.9771
371.1552
371.1761
371.206
371.2613
371.3108
371.3234
371.3832
371.5086
371.5681
371.5922
371.6947
371.8674
371.919
372.1096
372.135
372.1539
372.199
372.2836
372.3751
372.4697
372.5154
372.5223
372.5277
372.5304
372.5363
372.5389
372.5431
372.5476
372.5633
372.5697
372.578
372.58
372.5828
372.5854
372.6169
372.6289
372.6441
372.6502
372.6625
372.6673
372.6828
372.688
372.7095
372.72
372.7349
372.7481
372.7615
372.7909
372.8133
372.8666
372.8817
372.8946
372.8957
372.9211
372.9463
372.9665
372.9967
373.0286
373.0406
373.0577
373.0835
373.1582
373.2127
373.2518
373.274
373.4728
373.474
373.5025
373.5503
373.5734
373.5836
373.6596
373.6751
373.6903
373.6944
373.7381
373.786
373.807
373.8133
373.8663
373.9169
373.9562
373.9573
373.9628
374.0241
374.0522
374.0782
374.2475
374.4843
374.4926
374.5177
374.6503
374.6612
374.722
374.7561
374.7585
374.7831
374.8083
374.8685
374.8845
375.2488
375.2612
375.3364
375.4671
375.5717
375.6028
375.6096
375.6846
375.9853
376.1516
376.1914
376.2802
376.3602
376.3812
376.4241
376.5058
376.5127
376.5236
376.5263
376.5359
376.5419
376.5498
376.556
376.5629
376.5703
376.5928
376.6041
376.6205
376.627
376.6423
376.6932
376.7139
376.7412
376.7565
376.7737
376.7811
376.803
376.9294
376.9765
377.0028
377.0288
377.0309
377.0506
377.4231
377.4362
377.6317
377.8626
377.8978
378.0523
378.0709
378.2124
378.2897
378.3551
378.45
378.4567
378.465
378.4712
378.4751
378.4825
378.4875
378.493
378.4976
378.5049
378.5194
378.5235
378.5344
378.5426
378.5525
378.5667
378.5754
378.5777
378.5877
378.6078
378.6206
378.6307
378.6758
378.7671
378.8079
378.8161
378.833
378.8539
378.8779
378.9026
378.9219
379.0087
379.0556
379.072
379.0936
379.1549
379.2083
379.261
379.3208
379.3554
379.3822
379.4183
379.4415
379.4445
379.4766
379.4813
379.4841
379.5003
379.5364
379.5543
379.5833
379.5971
379.6244
379.6547
379.6669
379.7497
379.7646
379.815
379.9003
379.9294
379.9498
379.9566
380.0575
380.0785
380.0898
380.164
380.1744
380.2747
380.2796
380.2918
380.3065
380.3158
380.3694
380.3837
380.4619
380.5928
380.6404
380.6782
380.8155
380.8569
380.8691
380.9013
380.9348
380.9738
381.0184
381.1228
381.2086
381.2341
381.2738
381.3124
381.355
381.3648
381.4988
381.606
381.6097
381.6207
381.9433
382.0409
382.0756
382.1858
382.1875
382.2867
382.4617
382.4683
382.4855
382.4914
382.4944
382.5108
382.5231
382.5294
382.5375
382.543
382.5504
382.5663
382.6116
382.642
382.6646
382.7358
382.7617
383.1471
383.2198
383.3331
383.5863
383.6598
383.6681
383.8149
383.9591
383.9964
384.0692
384.3249
384.4073
384.4187
384.4467
384.4516
384.4575
384.463
384.4661
384.4686
384.471
384.4782
384.481
384.4921
384.509
384.5416
384.5591
384.5665
384.5738
384.58
384.5976
384.607
384.6318
384.6419
384.6562
384.669
384.6715
384.6846
384.7004
384.7089
384.7196
384.7236
384.7554
384.7753
384.7886
384.8325
384.8946
384.932
384.9734
384.9928
384.9979
385.0101
385.0531
385.0742
385.1158
385.1755
385.2061
385.2378
385.2451
385.2536
385.2679
385.2796
385.319
385.3647
385.3777
385.442
385.4664
385.4806
385.4839
385.488
385.5563
385.5655
385.594
385.6217
385.6231
385.6698
385.6987
385.726
385.7422
385.7545
385.7609
385.8277
385.829
385.9173
385.9367
386.0818
386.1
386.1288
386.1596
386.1796
386.224
386.3229
386.5165
386.5272
386.6617
386.6644
386.6928
386.7931
386.8106
386.8722
386.8792
387.0701
387.2844
387.3312
387.3339
387.3608
387.3757
387.5445
387.5462
387.8007
388.2502
388.3293
388.4024
388.4066
388.411
388.4171
388.4296
388.4371
388.4474
388.4554
388.4594
388.4725
388.479
388.4858
388.4916
388.5101
388.5112
388.5276
388.5359
388.5458
388.5604
388.5768
388.5889
388.6086
388.6325
388.6796
388.6811
388.7313
388.7432
388.8035
388.9779
389.0178
389.0988
389.1542
389.1981
389.274
389.2972
389.3914
389.5076
389.5179
389.5794
389.7793
389.8516
390.1263
390.1908
390.3569
390.3723
390.3777
390.3918
390.4036
390.4084
390.414
390.4182
390.4214
390.4252
390.436
390.4499
390.4518
390.4611
390.4659
390.4771
390.4952
390.4995
390.5117
390.5169
390.5203
390.5325
390.537
390.5451
390.55
390.5804
390.5911
390.5974
390.6035
390.629
390.6429
390.6565
390.6974
390.7307
390.7429
390.772
390.7903
390.8136
390.8242
390.8819
390.8833
390.96
391.0169
391.0433
391.054
391.0661
391.1239
391.2032
391.2053
391.2389
391.3266
391.4104
391.4151
391.4495
391.4567
391.5365
391.5494
391.5509
391.7066
391.8111
391.8125
391.8157
391.8586
391.8628
391.8686
391.8774
391.9122
391.9167
391.9282
392.0877
392.0994
392.1079
392.1196
392.2033
392.272
392.3709
392.4741
392.4991
392.5893
392.6501
392.6592
392.6647
392.7744
392.8128
392.8965
393.0848
393.1167
393.143
393.1716
393.3823
393.3972
393.457
393.4592
393.5316
393.5751
393.7975
393.9372
394.0064
394.2028
394.2316
394.2944
394.365
394.396
394.4011
394.4278
394.4342
394.4385
394.4492
394.4592
394.468
394.4813
394.491
394.4979
394.5085
394.518
394.5399
394.559
394.5864
394.5989
394.6878
394.7026
394.7324
394.8126
394.9282
395.0385
395.1263
395.2728
395.4251
395.629
395.6412
395.6505
395.6932
396.0076
396.099
396.1177
396.251
396.3417
396.3504
396.3558
396.3614
396.3656
396.3706
396.3745
396.3859
396.3887
396.3959
396.4006
396.4116
396.4293
396.4322
396.4335
396.4442
396.4613
396.4824
396.4855
396.4873
396.5015
396.5111
396.5234
396.5429
396.5561
396.5685
396.5832
396.5927
396.6118
396.6138
396.6535
396.655
396.6722
396.722
396.7551
396.7678
396.7934
396.8763
396.8834
396.9054
396.9266
396.9862
397.0201
397.1064
397.1112
397.1323
397.1983
397.2377
397.254
397.3312
397.3558
397.3723
397.4074
397.4373
397.4442
397.4689
397.4889
397.4905
397.4926
397.5032
397.5221
397.5238
397.5343
397.7016
397.7571
397.7656
397.8048
397.9047
398.1583
398.4001
398.6478
398.6613
398.6891
398.7112
398.8001
398.8442
399.0698
399.1087
399.2705
399.3036
399.3776
399.3915
399.4182
399.46
399.4652
399.4728
399.481
399.5166
399.7559
399.7596
399.896
400.0014
400.3168
400.3192
400.3239
400.337
400.3452
400.3546
400.3595
400.3734
400.3899
400.3977
400.4042
400.4377
400.4478
400.4723
400.4824
400.5019
400.5226
400.5488
400.5703
400.5759
400.615
400.8907
400.9065
401.0123
401.062
401.1921
401.3372
401.4482
401.658
401.6924
401.7038
401.8292
401.9367
402.1153
402.1305
402.1348
402.1401
402.1499
402.2886
402.2938
402.3012
402.3186
402.3257
402.3319
402.3513
402.3533
402.3545
402.3567
402.3653
402.37
402.3717
402.3731
402.3837
402.3999
402.411
402.4187
402.436
402.4621
402.4807
402.4917
402.5463
402.5666
402.5819
402.5964
402.6134
402.622
402.6373
402.6931
402.6966
402.7116
402.7677
402.8232
402.8629
402.8871
402.9078
402.9419
402.959
402.9616
402.9845
403.0335
403.0663
403.0687
403.0973
403.1699
403.179
403.2216
403.314
403.3251
403.3375
403.358
403.3842
403.4084
403.4145
403.4421
403.4877
403.5626
403.6052
403.7217
403.7722
403.7874
403.8225
403.8621
403.8963
403.9143
403.9158
403.9401
403.977
404.0917
404.1783
404.2798
404.2934
404.3093
404.3225
404.4174
404.4333
404.4761
404.6467
404.7179
404.8892
404.8916
404.9193
404.9311
404.9555
405.007
405.2425
405.37
405.3789
405.487
405.7709
405.8277
406.2242
406.26
406.2728
406.3031
406.3081
406.3182
406.3305
406.3382
406.3443
406.352
406.3588
406.3619
406.3677
406.3881
406.3952
406.4007
406.4108
406.4183
406.4338
406.4646
406.5143
406.5359
406.5787
406.6359
406.6487
406.6828
406.8168
406.8258
406.8594
406.8668
407.1024
407.1414
407.235
407.258
407.3071
407.3637
407.479
407.6155
407.6289
407.689
407.7406
407.7974
407.9527
408.0315
408.034
408.0403
408.0548
408.0674
408.1226
408.2504
408.2526
408.256
408.2675
408.2759
408.2818
408.2926
408.2982
408.3004
408.3065
408.3098
408.3149
408.3178
408.3216
408.323
408.3355
408.3516
408.3669
408.3796
408.386
408.388
408.3986
408.404
408.4092
408.4181
408.4379
408.4747
408.4898
408.5075
408.5251
408.548
408.5706
408.5961
408.6123
408.6392
408.7111
408.7138
408.8272
408.8433
408.8488
408.8724
408.9273
408.9969
409.0369
409.0637
409.0721
409.1113
409.137
409.1411
409.1876
409.2032
409.2726
409.274
409.2809
409.2887
409.2927
409.3012
409.3134
409.3334
409.3425
409.3582
409.3737
409.3852
409.4049
409.4131
409.4204
409.4422
409.5889
409.6111
409.6244
409.6403
409.7117
409.7518
409.8035
409.8364
409.8375
409.857
409.8959
409.946
409.9616
410.1459
410.2543
410.2653
410.2705
410.3323
410.3467
410.5873
410.6028
410.6302
410.6879
410.8449
410.916
410.9245
411.1615
411.23
411.3106
411.3128
411.3272
411.3595
411.8705
412.0229
412.0634
412.1398
412.2437
412.2573
412.2652
412.2709
412.2806
412.2876
412.3011
412.3093
412.3162
412.3346
412.3521
412.3562
412.3961
412.4021
412.4419
412.4706
412.4916
412.566
412.5828
412.5838
412.6923
412.7963
412.8125
412.912
412.9673
412.9762
413.0113
413.1812
413.235
413.2448
413.5294
413.6229
413.7678
414.0171
414.0831
414.1916
414.2078
414.2248
414.2307
414.2359
414.2413
414.2461
414.2471
414.2522
414.2579
414.2623
414.264
414.2694
414.2777
414.2864
414.2908
414.2952
414.2982
414.3108
414.3121
414.3185
414.3354
414.3503
414.3714
414.3886
414.3954
414.417
414.4316
414.4508
414.4598
414.4762
414.4899
414.5401
414.5586
414.5812
414.6509
414.6928
414.7361
414.7763
414.7839
414.8152
414.8269
414.88
414.8984
414.904
414.9265
414.9415
415.0432
415.0702
415.1093
415.124
415.1259
415.2538
415.3148
415.3347
415.3363
415.3711
415.3787
415.477
415.5852
415.6589
415.6838
415.7004
415.7036
415.7122
415.7291
415.7393
415.9013
415.9267
415.9954
416.0274
416.2387
416.4415
416.5646
416.5832
416.5998
416.6539
416.6896
416.9703
416.9809
417.0157
417.0345
417.1234
417.1375
417.1465
417.1479
417.2723
417.2974
417.322
417.36
417.3661
418.1846
418.2003
418.2085
418.2207
418.242
418.2709
418.2864
418.2877
418.2944
418.3076
418.3177
418.3343
418.3512
418.3601
418.3826
418.3947
418.3986
418.4171
418.4351
418.4608
418.5321
418.5608
418.5659
418.6152
418.6254
418.6509
418.8049
418.8192
418.8741
418.9086
418.9379
419.0389
419.0447
419.2339
419.36
