0.0387
0.1645
1.7133
2.3812
6.8141
7.0818
8.202
9.5472
9.639099999999999
9.7981
10.2483
11.0196
11.1274
11.3556
12.1033
12.1619
12.177
13.1007
14.1677
15.0865
15.1841
15.2948
15.3618
16.0612
16.0643
16.0659
16.0852
16.0925
16.1213
16.2365
16.3184
16.3504
16.7032
16.743
16.8461
17.4101
18.123
19.2187
19.4997
19.5066
20.0436
20.9004
21.0959
21.2247
21.3425
22.0383
22.0443
22.0487
22.0706
22.1622
22.1679
22.446
22.4612
22.5599
22.6809
24.0964
24.1908
24.6038
24.8234
26.8763
26.9651
28.0293
28.0586
28.08
28.4197
28.9878
29.5953
29.965
30.0117
30.0503
30.0981
30.2826
30.5837
30.7195
31.3893
32.0466
32.2819
32.5039
33.9519
33.9803
34.6341
35.1764
35.3145
35.8999
36.0653
36.3102
36.6682
39.1042
39.8907
39.9124
40.2175
40.3437
40.4388
40.44
40.5906
41.1716
41.2607
41.7467
42.031
42.2008
43.0708
43.1081
43.1841
43.4756
44.1777
44.4741
44.5414
44.8601
44.9408
45.8487
45.8601
45.8741
45.9045
45.9069
45.9175
45.9391
45.9468
46.1997
46.8965
46.9893
47.8388
47.8559
47.8791
48.0183
50.8961
51.8064
51.8169
51.8212
51.9808
52.0692
52.3288
52.3873
52.5105
52.6011
53.0644
53.6178
53.9027
54.8781
55.2613
55.7286
55.9223
56.9491
56.9558
57.7665
57.803
57.9549
57.9722
59.1068
59.3436
59.807
59.8136
59.8209
59.9242
61.2884
61.4939
61.4957
62.2473
62.4442
62.7448
62.7889
63.1244
63.7363
63.7442
63.7647
63.9325
64.70650000000001
64.9572
64.9766
65.7397
66.8702
68.99760000000001
69.1828
69.6825
69.7076
69.7255
69.7632
69.8065
69.8282
69.8428
69.9435
70.35380000000001
70.5752
70.9868
71.752
73.9139
75.7659
76.02630000000001
76.1922
76.3374
76.39100000000001
77.1725
77.5158
77.65219999999999
77.6677
77.7004
78.002
78.8165
79.23739999999999
79.6587
79.7473
80.1138
80.654
80.6906
80.8313
81.5954
81.605
81.64319999999999
81.7272
81.8083
82.0205
82.03570000000001
82.07599999999999
82.309
82.3699
82.54730000000001
82.5595
82.6952
83.1692
83.32510000000001
83.3687
84.91370000000001
84.9526
85.1951
86.6938
87.6641
87.7728
88.0367
88.9697
88.9961
89.03400000000001
89.8327
89.89749999999999
90.9127
90.98099999999999
92.33150000000001
92.6858
93.5091
93.5107
93.5382
94.3043
94.4353
94.6165
94.9731
95.29040000000001
95.437
95.7003
96.8005
97.1433
98.1568
98.25700000000001
98.5458
99.2521
99.4705
99.47199999999999
99.4794
99.50839999999999
99.7657
99.8464
99.9572
100.4925
101.4879
101.4995
101.5847
101.9788
102.1974
103.8789
104.1554
104.4268
105.4277
105.4326
105.525
105.5295
105.6964
106.1785
106.7506
107.4422
107.4944
107.588
108.7726
108.8007
108.827
110.8377
111.3882
111.4096
111.6021
111.8495
112.1184
112.1884
112.4931
112.9843
113.2737
114.5992
114.6329
114.691
116.0488
117.2901
117.3441
117.3497
117.4644
118.476
118.652
118.7038
119.3665
119.3853
119.4183
119.7111
119.9933
120.581
120.6575
120.6762
122.3078
123.2969
123.3077
123.3107
123.3876
123.6171
123.6693
124.3126
125.468
125.6784
127.0106
127.2373
128.4201
128.4588
128.4843
128.7836
129.2591
129.2793
129.2812
129.3475
129.3791
130.1684
130.2209
130.3901
130.6432
131.2407
131.5874
131.974
131.9971
133.586
134.1395
134.2263
135.2264
135.6992
136.2821
137.2457
137.8343
138.0861
138.3546
138.5267
138.7232
138.7976
138.9694
138.9771
139.832
139.9873
140.1938
141.1689
141.1725
141.1852
141.2077
141.2718
141.3706
141.5098
141.577
141.699
141.757
142.565
143.1473
143.1492
143.2604
143.3575
143.4575
143.6441
144.8989
145.2854
146.1575
146.286
147.1351
147.1773
148.053
148.9309
149.095
149.1361
149.1617
149.2241
149.2447
149.5251
149.544
150.4773
150.7966
150.8294
151.1897
151.7661
151.8526
152.2788
152.3673
152.3978
153.1015
153.1129
153.3119
153.3481
153.6444
153.843
153.9023
153.9088
154.1203
154.2176
154.711
154.7957
155.1308
155.4941
155.6171
155.7509
155.8834
156.249
156.5957
157.8902
158.0189
158.3263
158.514
159.0486
159.1296
159.1408
159.4654
159.8853
160.039
160.0502
160.1314
160.3791
160.4912
160.7749
160.977
161.2963
161.8026
162.3267
162.5966
162.7728
164.0508
164.1319
165.0076
165.0237
165.0254
165.0752
165.1258
165.2142
165.4165
165.9607
166.4985
166.536
166.5757
166.6338
166.7566
166.9859
167.0254
167.1042
168.2349
168.8485
169.1899
169.4466
169.4762
170.0039
170.3482
170.9558
170.986
171.7927
171.9507
171.9813
172.6187
173.7287
174.2852
174.7937
174.8033
175.9069
176.0689
176.9454
177.0297
177.3842
178.1997
178.2739
178.779
178.9305
179.2162
179.5192
180.6963
180.8992
181.0392
181.4885
181.714
182.2913
182.8755
182.9427
182.9814
183.4016
183.4543
183.8665
184.9815
185.0192
186.1785
186.7693
187.3147
187.8383
187.9248
188.826
188.8433
188.886
188.9434
189.0596
189.0773
190.1188
190.4268
190.6154
190.787
190.8267
191.4617
191.5935
191.6092
192.2336
192.8261
193.0377
193.0693
193.9407
194.4966
194.7922
194.8498
195.1531
195.3581
195.6459
196.0538
196.9011
197.1567
197.5585
197.8517
198.2789
198.7238
199.4672
200.7417
200.7545
200.7831
201.2024
202.0483
202.3835
202.6126
203.0149
203.6692
204.4987
205.7471
205.8791
206.7282
206.7444
206.7492
206.7512
206.7596
206.911
206.946
207.0106
207.3102
207.3783
207.6212
207.8058
207.9437
208.0337
208.4861
208.7458
209.2813
209.5609
209.6042
210.7415
211.3968
211.7348
211.8016
211.9774
211.9973
212.6761
212.7213
212.7469
212.8547
214.667
214.6806
214.7267
214.7337
216.6608
218.6187
218.6231
218.6685
218.8824
219.689
220.7617
221.7677
222.5766
222.968
223.0821
224.5817
224.7205
225.2795
225.7966
225.9049
225.9427
225.9989
226.6186
227.346
227.3614
227.5876
228.8702
229.4633
229.5631
230.6405
230.8599
231.4219
231.9214
232.5157
232.5233
232.5716
232.5839
232.7664
232.9323
233.3911
233.3969
233.6933
234.5088
235.5301
236.5044
236.5273
236.5369
236.5837
236.6139
236.6454
237.135
237.1855
237.2005
237.2497
237.6671
238.0417
238.2714
238.4029
238.6212
239.1817
239.2544
239.3104
239.4404
239.585
239.6307
241.2717
241.4243
242.4469
242.451
243.5906
244.4793
244.5835
244.9445
245.5419
246.4
247.4286
247.4375
247.461
247.5892
248.3988
249.895
250.6694
251.369
251.3712
252.2935
253.4828
253.6334
254.3557
255.4467
255.6746
255.7604
256.3701
257.2816
258.3369
259.3607
259.3831
260.32
260.3213
260.3301
260.5704
260.6588
262.1283
262.305
262.3283
262.382
262.7169
263.2947
263.4456
263.46
263.4978
263.8828
264.4115
265.4368
265.6095
266.281
266.2906
266.3055
266.3301
266.3528
266.6462
267.2552
268.3333
268.6912
268.7234
270.6095
270.6534
271.5227
271.7013
272.2387
272.2503
272.2904
272.2982
272.5059
272.6693
272.6764
272.7387
272.9738
273.0811
273.5319
273.8005
273.9661
275.4035
275.9101
276.1663
276.4312
276.8885
277.2254
277.4028
278.2088
278.6059
278.6276
278.6617
278.8488
279.9732
280.2488
281.9561
282.0928
282.1152
282.9772
283.2155
283.2607
284.1532
284.1582
284.1959
284.5251
285.1295
285.4078
285.4694
285.6386
285.8892
286.2448
286.2579
286.7307
287.259
287.4493
287.6484
287.7519
288.4197
288.7675
288.9318
290.1109
290.1422
291.2388
291.2904
291.6906
291.6965
296.0702
296.0729
296.0778
296.08
296.2324
296.2673
296.6862
296.7584
297.5469
298.7402
299.3196
301.0639
302.0328
302.0395
302.0594
302.2531
302.2747
302.6331
302.7957
303.0944
303.3224
303.7495
304.0073
305.0033
305.1317
305.1794
305.455
305.696
305.7604
306.0214
306.5318
307.2163
307.8508
307.9789
307.9819
307.9851
307.9943
307.9965
308.0059
308.0097
308.0739
308.0757
308.1975
308.2868
308.4036
308.6553
308.9266
308.9861
310.9729
311.1481
311.3425
311.6555
312.2602
312.3048
312.693
312.9559
313.0976
313.9396
313.9442
314.0269
314.0852
314.1823
314.3435
314.5058
314.8133
314.825
314.8783
314.9437
315.7456
315.9343
316.514
316.9106
317.9001
318.657
318.9584
319.7769
319.902
319.9041
319.9101
320.0315
320.0399
320.1264
320.1413
320.4519
320.5068
320.6597
320.8687
321.3682
321.4387
321.4712
321.9038
323.0187
323.0463
323.0954
323.4944
323.5461
324.3293
324.7082
324.9622
325.434
325.8515
325.8622
325.8847
325.8967
325.9103
325.9462
326.0334
327.1165
328.1981
328.4078
328.4969
328.6408
328.8978
329.2183
329.2766
330.1168
330.8072
330.8484
331.8106
331.8422
331.8747
331.9091
332.3884
332.4083
332.4255
332.8202
333.0162
333.2308
333.2493
333.383
333.8796
334.1058
334.3806
334.7624
335.2973
335.3497
336.6457
336.9018
336.9451
337.7686
337.7748
337.7817
337.7874
337.7974
337.8685
337.872
337.9203
338.1644
338.2037
338.2607
338.5504
338.569
338.9819
339.1972
339.3582
339.8248
339.8847
340.9363
341.7282
342.0859
342.6762
342.7533
342.8996
343.2538
343.7283
343.7298
343.8223
344.2757
344.3363
345.298
345.7025
346.1562
346.2201
346.4
346.7472
348.7502
348.7673
349.6811
349.6839
349.718
350.7329
351.1418
351.2131
351.4697
351.5684
351.584
351.676
351.7731
351.7834
351.925
352.5556
352.8186
353.2328
353.7363
354.2739
354.2761
354.8589
355.2432
355.6395
355.6413
355.7013
356.7425
356.9867
357.1781
357.3889
357.4524
357.5291
357.8579
358.1149
358.1406
358.2293
358.777
359.8454
359.9342
360.5969
360.6276
360.7807
360.8485
360.9205
361.5974
361.6016
361.6049
361.6075
361.6096
361.7006
361.8105
361.9476
362.0748
362.2795
362.2943
362.4612
362.6815
363.08
363.3992
363.4166
363.7591
363.97
365.0661
365.1489
365.1994
365.8763
366.0976
366.6482
366.7666
367.5515
367.5552
367.5571
367.5696
367.5758
367.6108
367.6954
368.2111
369.1782
369.5736
369.632
369.793
370.531
370.6309
370.7847
371.2215
372.2914
372.6135
372.6449
372.6518
372.6891
372.7177
373.5122
373.5167
373.5217
373.5292
373.8736
374.4538
374.8304
374.8325
374.9051
375.9313
376.0639
376.0989
376.611
376.6387
376.8906
376.9558
377.6169
378.242
378.3201
378.6662
378.6817
378.9303
379.7952
380.0145
380.1576
380.4547
381.0198
381.4508
381.465
381.4773
382.4462
382.4835
382.8459
382.8979
383.1571
383.216
383.3944
384.2038
384.4639
384.5279
384.5641
384.5803
385.4323
385.4405
385.4547
385.4715
385.4798
385.5118
385.5213
385.7449
385.8514
385.8596
386.2545
386.4951
387.4389
387.4784
387.8269
387.9171
388.4209
388.6293
388.6978
390.1799
390.4946
391.4092
391.4126
391.4162
391.423
391.5663
392.4378
393.3771
393.3992
393.4554
394.1697
394.5261
395.0701
395.1789
395.2264
395.8846
396.3687
396.401
397.1013
397.3861
397.3874
397.3949
397.6001
397.7606
398.2948
398.3937
398.7184
399.3272
399.3737
399.3754
399.3779
399.6534
399.6964
400.3464
400.5725
401.4196
403.3014
403.3225
403.3463
403.3858
403.895
405.3079
405.5815
406.2374
406.2773
406.4359
407.6398
407.9163
408.1122
408.1229
408.1432
409.2683
409.3209
409.5315
410.0147
410.2371
410.6247
410.8794
411.0058
411.2334
411.6261
411.9872
412.7395
414.0454
414.2601
415.0658
415.2158
415.2202
415.2276
415.2382
415.2828
415.3235
416.1449
416.3408
416.4945
416.9088
416.9326
417.178
417.2238
417.7077
418.6609
419.485
419.5222
