0.004
0.1128
0.2409
0.2579
2.0922
2.0975
2.2975
2.3068
2.3322
2.4394
2.4639
2.6324
2.8943
2.911
2.9234
2.9449
3.3016
3.5497
3.9446
4.0204
4.0372
4.0415
4.0474
4.3625
4.3929
4.4325
4.6348
4.7841
4.8246
5.2014
8.4412
8.4443
8.4978
8.565200000000001
8.729699999999999
8.7399
8.768599999999999
8.818899999999999
9.103400000000001
9.132999999999999
9.2242
9.337400000000001
9.3994
9.4551
9.519299999999999
9.5562
9.827400000000001
10.4718
10.4903
10.7761
10.7824
12.101
12.1051
12.1313
12.1355
12.1437
12.1663
12.1708
12.2178
12.2386
12.2554
12.2651
12.2849
12.3031
12.3354
12.3724
12.4029
12.4325
12.4421
12.4731
12.5147
12.5409
12.5546
12.5753
12.5937
12.6136
12.6321
12.6723
12.7115
12.7473
12.8008
12.8182
12.8345
12.9466
12.973
13.0625
14.0177
14.022
16.1991
16.2015
16.2869
16.2912
16.3053
16.4064
16.413
16.5017
16.5054
16.5493
16.6117
16.6654
16.6742
16.6924
16.7289
16.7468
16.7857
16.8212
18.0515
18.0607
18.0641
18.0826
18.0921
18.1057
18.1699
18.1844
18.1869
18.1923
18.2183
18.2559
18.2845
18.3082
18.3627
18.4413
18.4765
18.4923
18.5624
18.5986
18.6802
18.7148
18.7593
18.7869
18.8113
18.9971
22.0285
22.0992
22.1592
22.1615
22.1986
22.2041
22.2663
22.383
22.3882
22.413
22.4279
22.4973
22.5306
22.5964
24.0289
24.0322
24.0538
24.0747
24.0778
24.0844
24.1038
24.1237
24.1709
24.1834
24.2081
24.2224
24.2386
24.2604
24.3144
24.3465
24.3737
24.4011
24.4424
24.463
24.483
24.5503
24.6889
24.8745
24.9145
28.092
28.0978
28.1003
28.1056
28.1805
28.1858
28.2577
28.2623
28.3014
28.3311
28.3621
28.455
30.0167
30.0212
30.0392
30.0572
30.0635
30.0744
30.0981
30.112
30.119
30.1362
30.1493
30.1907
30.2078
30.2494
30.2767
30.3009
30.3198
30.3575
30.3794
30.4069
30.5424
30.5688
30.5988
30.623
30.7978
33.9581
34.0567
34.0591
34.0722
34.0799
34.1295
34.1343
34.163
34.1792
34.2506
34.3305
34.3681
34.3863
34.4717
34.4948
35.9588
35.9624
35.9842
35.9962
36.0049
36.0262
36.0463
36.0841
36.0927
36.1188
36.1522
36.1914
36.2454
36.272
36.2858
36.321
36.3785
36.4242
36.4515
36.4685
36.7251
36.7906
36.8768
36.8966
39.9897
39.9922
40.0177
40.0247
40.052
40.0649
40.1405
40.1588
40.2505
40.3229
40.3246
40.3551
40.3856
41.9075
41.9343
41.9415
41.9661
41.9707
41.9924
42.0011
42.0126
42.0211
42.0356
42.0566
42.0918
42.1165
42.1319
42.1867
42.2119
42.2432
42.2964
42.3146
42.3408
42.4295
42.446
42.5563
42.5828
42.5941
42.7173
42.7487
46.0031
46.0055
46.0136
46.0464
46.0683
46.1237
46.1413
46.2164
46.2231
46.2427
46.2698
46.3767
47.8654
47.8684
47.8946
47.9217
47.937
47.9651
47.9806
48.0003
48.0129
48.0329
48.0734
48.1021
48.1158
48.1573
48.2028
48.2199
48.2491
48.2803
48.3075
48.3419
48.3627
48.4793
48.5001
48.5547
48.6232
48.6952
51.8793
51.9134
51.9159
51.935
51.9582
51.9766
51.9778
51.9882
52.0408
52.0423
52.0643
52.1055
52.1256
52.1412
52.1724
52.2141
52.3227
53.8141
53.821
53.8405
53.8566
53.8724
53.8907
53.9077
53.9175
53.9591
53.9715
54.0034
54.0168
54.0415
54.0623
54.0889
54.1175
54.1822
54.2061
54.2363
54.2432
54.2569
54.281
54.3464
54.3653
54.3998
54.4539
54.4919
54.6582
57.8795
57.882
57.9087
57.952
57.9568
57.9895
58.019
58.0325
58.0547
58.0919
58.1332
58.1919
58.2065
58.2523
58.3243
58.3949
58.5867
59.7918
59.7949
59.8255
59.8429
59.8519
59.8688
59.8888
59.9024
59.9241
59.9361
59.9544
60.0095
60.0241
60.0464
60.0647
60.0917
60.1426
60.2029
60.3056
60.3191
60.3518
63.789
63.8061
63.8183
63.8209
63.8428
63.8463
63.8793
63.8877
63.9192
63.9498
63.9662
64.0001
64.0749
64.1319
64.146
64.2313
64.4374
65.7499
65.7531
65.7667
65.7791
65.7915
65.81359999999999
65.8377
65.8489
65.86150000000001
65.8897
65.9061
65.928
65.953
65.97239999999999
66.0303
66.06229999999999
66.09690000000001
66.11199999999999
66.1305
66.2272
66.2435
66.3365
66.4482
66.67610000000001
69.7787
69.7813
69.7966
69.7997
69.8235
69.83029999999999
69.8836
69.896
69.9298
69.94280000000001
69.9943
70.0231
70.1332
70.15170000000001
70.1905
70.2591
71.6835
71.68899999999999
71.6922
71.71040000000001
71.7206
71.73050000000001
71.75360000000001
71.7617
71.78189999999999
71.809
71.8198
71.8342
71.8587
71.8737
71.8916
71.9101
71.91930000000001
71.9419
71.9644
71.997
72.04430000000001
72.129
72.1754
72.27509999999999
72.44589999999999
72.5767
72.6026
75.7358
75.7383
75.7563
75.765
75.79300000000001
75.8032
75.82940000000001
75.87390000000001
75.89660000000001
75.9829
76.01130000000001
76.02290000000001
76.0355
76.0787
76.11669999999999
76.21210000000001
76.2547
76.37350000000001
76.40170000000001
76.4477
76.4717
76.5795
76.62
76.6469
76.7114
76.82729999999999
76.8614
76.9014
76.9293
76.9683
77.09820000000001
77.1176
77.26090000000001
77.3038
77.4901
77.49930000000001
77.6023
77.64790000000001
77.6688
77.6942
77.7107
77.7312
77.74469999999999
77.7671
77.7747
77.7908
77.8284
77.8561
77.87430000000001
77.9076
77.93429999999999
77.9551
77.9936
78.0154
78.0685
78.08629999999999
78.1122
78.1373
78.19929999999999
78.2431
78.3022
78.46680000000001
81.7092
81.7118
81.7192
81.7366
81.75530000000001
81.7794
81.8005
81.8282
81.8391
81.8781
81.9342
82.0523
82.0628
82.09999999999999
82.14449999999999
82.25409999999999
82.33710000000001
82.37739999999999
82.4785
82.57129999999999
82.8083
82.8372
82.8798
82.90600000000001
82.9753
83.0145
83.08029999999999
83.10039999999999
83.1377
83.16070000000001
83.2968
83.3685
83.56780000000001
83.5849
83.6026
83.6212
83.6476
83.6754
83.6979
83.7103
83.7238
83.7411
83.79649999999999
83.82129999999999
83.84520000000001
83.9041
83.9169
83.9363
83.9688
83.9965
84.0305
84.05289999999999
84.09050000000001
84.1217
84.13849999999999
84.1591
84.1789
84.2354
84.2825
84.3753
84.43510000000001
84.4659
84.5128
87.5671
87.61360000000001
87.6447
87.64709999999999
87.6631
87.67359999999999
87.7068
87.75490000000001
87.8047
87.81910000000001
87.854
87.873
87.9246
87.96980000000001
87.99250000000001
88.04470000000001
88.0826
88.10680000000001
88.13
88.2775
88.3398
88.39319999999999
88.42310000000001
88.4584
88.4616
88.48869999999999
88.6793
88.7205
88.78660000000001
88.8279
88.8428
88.86750000000001
89.21429999999999
89.2594
89.34399999999999
89.54340000000001
89.5599
89.5801
89.5998
89.616
89.6302
89.64570000000001
89.6677
89.69119999999999
89.70820000000001
89.7278
89.7432
89.77249999999999
89.7933
89.816
89.8426
89.86620000000001
89.8819
89.95099999999999
89.98269999999999
90.00839999999999
90.026
90.06870000000001
90.09229999999999
90.12220000000001
90.1412
90.1713
90.1858
90.2538
90.29340000000001
93.6259
93.6285
93.6365
93.6564
93.6651
93.672
93.6956
93.73520000000001
93.7497
93.7783
93.83920000000001
93.8573
93.88200000000001
93.899
93.9462
93.9774
94.026
94.125
94.1388
94.20229999999999
94.2392
94.25660000000001
94.29040000000001
94.3361
94.3553
94.4806
94.6694
94.6926
94.7529
94.8094
95.0005
95.1186
95.2602
95.4256
95.4909
95.50579999999999
95.5607
95.5908
95.6033
95.63209999999999
95.6576
95.67619999999999
95.6855
95.7022
95.7146
95.7312
95.75060000000001
95.8006
95.82380000000001
95.8716
95.886
95.91
95.9568
95.9903
96.02249999999999
96.0491
96.0774
96.12050000000001
96.1514
96.2
96.3008
96.3575
96.3781
96.4057
96.44499999999999
99.55670000000001
99.5596
99.5664
99.59690000000001
99.60590000000001
99.629
99.6562
99.6849
99.69880000000001
99.74339999999999
99.7663
99.8034
99.81740000000001
99.84650000000001
99.9096
99.9734
100.0537
100.1251
100.1534
100.1903
100.2191
100.2345
100.2616
100.3016
100.4302
100.4896
100.5372
100.5812
100.7105
100.7765
100.8749
100.9214
100.942
100.9722
101.1858
101.222
101.3086
101.3692
101.4481
101.4595
101.4712
101.4804
101.4888
101.5101
101.558
101.5664
101.5869
101.6055
101.6377
101.6555
101.696
101.7362
101.7677
101.8351
101.8525
101.8732
101.9208
101.9446
101.965
101.9835
102.015
102.0456
102.0676
102.1453
102.1678
102.2295
102.2577
102.2891
102.3671
102.3971
105.5308
105.5331
105.562
105.5805
105.6032
105.6268
105.6472
105.6749
105.7053
105.7246
105.7732
105.8664
105.9045
105.9406
106.0028
106.0336
106.0847
106.106
106.128
106.1469
106.2183
106.2352
106.2543
106.2738
106.3953
106.4288
106.5073
106.5436
106.6279
106.8958
106.9224
107.0111
107.043
107.1488
107.173
107.2883
107.3861
107.4037
107.4211
107.4456
107.4607
107.4785
107.5073
107.5391
107.5655
107.581
107.6144
107.6262
107.6493
107.6679
107.7345
107.7674
107.7874
107.8008
107.8357
107.877
107.9019
107.9367
107.9552
108.0041
108.0311
108.0579
108.0946
108.1115
108.1478
108.172
108.2216
108.2492
108.2887
108.3218
111.4396
111.4835
111.4879
111.5092
111.5174
111.5393
111.5469
111.5572
111.5806
111.596
111.6388
111.6671
111.6942
111.7104
111.81
111.8326
111.8867
111.9007
112.039
112.0519
112.0617
112.0889
112.1093
112.1655
112.2174
112.2792
112.3093
112.3699
112.4158
112.4425
112.6007
112.6398
112.692
112.7048
112.7539
112.7969
112.8537
113.021
113.0654
113.0937
113.1315
113.3115
113.3547
113.3787
113.4042
113.4322
113.4457
113.4683
113.484
113.4992
113.5085
113.5328
113.5351
113.5506
113.5774
113.614
113.6628
113.7044
113.7308
113.7761
113.7954
113.8359
113.8656
113.8813
113.8838
113.9006
113.9561
114
114.0507
114.0641
114.0808
114.102
114.171
114.2165
114.2702
114.2988
114.3199
116.1535
117.3586
117.4475
117.45
117.4958
117.5001
117.5284
117.5435
117.5644
117.5859
117.5942
117.6086
117.6463
117.6945
117.7207
117.8027
117.8276
117.8369
117.859
117.8777
118.0244
118.0913
118.1535
118.2136
118.2681
118.3182
118.4027
118.4715
118.599
118.6238
118.7527
118.7944
118.8157
118.8275
118.8815
119.0625
119.0923
119.1172
119.1539
119.2086
119.3329
119.3816
119.3898
119.4013
119.4243
119.4365
119.4692
119.4883
119.5088
119.5262
119.5574
119.601
119.6157
119.6826
119.7009
119.7247
119.7427
119.7935
119.8551
119.9075
119.9242
119.9521
119.9694
120.0074
120.0589
120.0896
120.1309
120.202
120.2207
123.3903
123.4245
123.4273
123.4349
123.4577
123.4644
123.5005
123.5149
123.5328
123.5512
123.5807
123.6007
123.6101
123.6388
123.7078
123.7466
123.782
123.8577
123.9302
123.9535
123.9824
124.005
124.0502
124.0919
124.3099
124.3305
124.4016
124.5147
124.5578
124.5928
124.6188
124.6297
124.6938
124.7734
124.8088
124.8665
124.9023
125.2902
125.2992
125.3104
125.3247
125.3444
125.3548
125.3689
125.4095
125.4348
125.4545
125.4751
125.4931
125.5127
125.5369
125.5506
125.5744
125.5883
125.6312
125.6631
125.6897
125.7565
125.7842
125.8118
125.8356
125.8784
125.8945
125.9407
125.9704
126.0535
126.1171
126.1827
126.2009
126.2363
129.3342
129.3378
129.3553
129.3644
129.384
129.39
129.425
129.4566
129.467
129.4857
129.5026
129.5473
129.5893
129.6198
129.6317
129.7013
129.7391
129.7762
129.8087
129.8895
129.9743
130.0031
130.0498
130.0874
130.1226
130.1497
130.1884
130.3398
130.4363
130.5338
130.6057
130.6351
130.6972
131.0028
131.08
131.1074
131.1329
131.167
131.2298
131.2442
131.2704
131.2909
131.3157
131.3422
131.356
131.3819
131.3997
131.4328
131.4628
131.493
131.5123
131.5334
131.572
131.6182
131.6355
131.672
131.6881
131.7157
131.7515
131.7764
131.8126
131.8428
131.875
131.8978
131.9805
132.0005
132.0279
132.0519
132.0761
132.127
132.1757
132.202
133.1172
133.1352
133.388
135.2803
135.2835
135.308
135.3113
135.3561
135.3691
135.3936
135.4058
135.4171
135.4351
135.445
135.4507
135.5311
135.5783
135.6662
135.6777
135.6955
135.7928
135.8133
135.8383
135.8599
135.8805
135.9266
135.9607
135.9746
136.0797
136.2774
136.2972
136.3623
136.3877
136.5539
136.6096
136.7131
136.7595
136.7787
136.8363
136.8841
136.9175
137.1394
137.1681
137.1938
137.2195
137.2372
137.2479
137.2691
137.286
137.3027
137.313
137.3307
137.3402
137.3886
137.4093
137.4311
137.4494
137.4825
137.5143
137.5394
137.5815
137.602
137.6344
137.6897
137.7541
137.7865
137.8153
137.8385
137.8622
137.8783
137.9286
137.9627
138.0003
138.0351
138.0532
138.1042
138.1374
138.7803
139.071
139.2179
139.4523
139.4714
139.4985
139.9604
139.9996
140.0448
141.2781
141.2809
141.3008
141.3092
141.3514
141.3654
141.385
141.4683
141.4866
141.4994
141.5597
141.6085
141.6364
141.6584
141.6748
141.8301
141.9045
141.9272
141.9634
142.0529
142.0703
142.1395
142.2791
142.4178
142.4774
142.5518
142.5812
142.683
142.7954
142.8765
143.1631
143.1748
143.1963
143.2123
143.2221
143.2426
143.2534
143.2717
143.296
143.3166
143.3387
143.3616
143.379
143.4347
143.4577
143.4742
143.5048
143.5214
143.5457
143.5618
143.6051
143.6347
143.7055
143.7261
143.7459
143.7605
143.7875
143.828
143.8932
143.9685
143.9942
144.02
144.0751
144.1071
144.1279
144.7444
144.838
144.8636
145.0239
145.0525
145.1755
145.3415
145.3559
145.3778
145.7162
145.7247
147.2387
147.2428
147.258
147.2754
147.2938
147.3294
147.3397
147.4208
147.4622
147.4824
147.5101
147.5354
147.584
147.6462
147.7173
147.7567
147.8256
147.8958
147.9289
147.9794
148.025
148.077
148.0916
148.1039
148.1716
148.1919
148.2501
148.507
148.5518
148.5774
148.6152
148.7526
148.7827
148.9223
148.9754
149.0055
149.0296
149.0617
149.1166
149.1416
149.1703
149.1805
149.2
149.2278
149.247
149.2676
149.2875
149.3293
149.3511
149.3697
149.389
149.4228
149.4482
149.4666
149.4935
149.5225
149.543
149.5625
149.6637
149.6799
149.7254
149.7451
149.7885
149.8125
149.8972
149.9186
149.9472
149.9683
150.0441
150.6461
150.691
150.9313
150.9954
151.3015
151.3342
151.5512
151.583
151.782
151.9201
153.1149
153.1239
153.1294
153.2006
153.2045
153.2255
153.2448
153.2562
153.291
153.3023
153.3335
153.3643
153.4134
153.4313
153.4398
153.5018
153.5269
153.5897
153.7668
153.819
153.8391
153.8778
153.9132
153.9414
154.1309
154.1532
154.3735
154.4698
154.5066
154.6498
154.735
154.9101
154.9254
154.9428
154.9795
155.0426
155.0697
155.0906
155.094
155.1076
155.1268
155.1467
155.1634
155.1776
155.2064
155.2487
155.2765
155.2855
155.3149
155.3347
155.3686
155.3895
155.4154
155.441
155.4731
155.5055
155.5738
155.6026
155.6324
155.711
155.7549
155.772
155.7979
155.8277
155.85
155.8871
156.0117
156.425
156.4674
156.7838
156.8051
157.0139
157.0578
157.1839
157.2556
157.5933
157.6587
157.6823
157.7631
157.8012
157.984
159.1565
159.1603
159.1813
159.209
159.2219
159.2459
159.3091
159.3349
159.3423
159.4552
159.5128
159.5389
159.6735
159.6945
159.7533
159.7835
159.8013
159.8273
159.8662
159.8791
159.8988
159.9977
160.1432
160.2368
160.2751
160.3397
160.3664
160.3967
160.4289
160.7622
160.7835
160.8057
160.8178
160.8528
160.9118
161.0446
161.0731
161.0806
161.099
161.1113
161.1235
161.1732
161.193
161.2137
161.2339
161.2696
161.2941
161.3143
161.3765
161.396
161.4289
161.4651
161.5116
161.5294
161.5672
161.5892
161.6331
161.6904
161.7208
161.7655
161.7898
161.8216
161.8409
161.8694
161.9298
161.9849
162.6952
162.948
162.9583
162.9763
163.0219
163.5781
163.5919
163.6246
163.8236
163.8552
165.113
165.116
165.1384
165.1558
165.1666
165.1785
165.1806
165.197
165.2256
165.2514
165.2687
165.347
165.3594
165.4433
165.5319
165.5594
165.7107
165.7898
165.8358
165.8636
166.005
166.0263
166.0533
166.1346
166.232
166.3694
166.3849
166.4333
166.4822
166.5227
166.6922
166.8061
166.854
166.9232
166.9916
167.0221
167.0353
167.049
167.0566
167.1307
167.1674
167.193
167.218
167.244
167.2621
167.2952
167.3162
167.341
167.4367
167.4749
167.4898
167.5085
167.5472
167.5745
167.6034
167.6332
167.6483
167.6968
167.8371
167.8503
167.8777
167.8953
167.9092
168.4629
168.4806
169.0271
169.352
169.3688
169.3925
169.4211
169.6873
169.7061
169.7223
171.0262
171.0545
171.0898
171.0934
171.1213
171.1473
171.1571
171.2184
171.2822
171.3216
171.3727
171.4293
171.5789
171.6441
171.6595
171.6795
171.7065
171.8251
171.8865
171.9725
172.2395
172.2602
172.2825
172.4
172.4505
172.4813
172.6781
172.696
172.7877
172.9388
172.9516
172.9614
172.9836
173.0032
173.0298
173.0528
173.0636
173.0784
173.0949
173.1078
173.1327
173.1831
173.1988
173.2509
173.2883
173.3144
173.339
173.3699
173.3965
173.4208
173.4532
173.4884
173.5422
173.5879
173.6228
173.6382
173.6566
173.6906
173.7743
173.7946
173.8215
173.852
173.8782
173.9042
173.9292
174.7503
174.9455
174.9857
175.0269
175.3109
175.4611
175.5265
175.6913
175.7287
175.7974
175.822
177.0101
177.0136
177.0639
177.0937
177.1113
177.1457
177.1823
177.3445
177.3571
177.4845
177.4915
177.54
177.5679
177.6513
177.6894
177.8025
177.967
177.9824
178.047
178.0916
178.2121
178.3692
178.3915
178.5624
178.5796
178.6652
178.6957
178.7298
178.901
178.9232
178.9386
178.9598
178.9735
178.9945
179.0001
179.0315
179.0533
179.073
179.0978
179.1064
179.1346
179.1616
179.2067
179.2301
179.2482
179.2783
179.2945
179.3558
179.3996
179.4595
179.5017
179.5155
179.5362
179.5577
179.5767
179.64
179.6604
179.6861
179.7039
179.7394
179.7794
179.808
179.8402
179.8726
180.5003
180.5629
180.637
180.6828
181.0718
181.0891
181.2964
181.4108
181.4706
182.993
182.9958
183.0246
183.0306
183.0524
183.074
183.0959
183.1098
183.1532
183.1835
183.2
183.2276
183.2559
183.2867
183.3403
183.4731
183.502
183.5227
183.6086
183.6356
183.6835
183.8648
183.969
184.1375
184.3699
184.4138
184.4627
184.593
184.6161
184.6489
184.6675
184.7226
184.8518
184.8802
184.9131
184.9288
184.9471
184.9598
184.995
185.0103
185.0229
185.0527
185.0757
185.1098
185.1324
185.1649
185.2807
185.303
185.3274
185.3682
185.4001
185.4273
185.4502
185.4797
185.4993
185.5231
185.5868
185.6083
185.6266
185.6607
185.7077
185.732
185.7633
186.3057
186.6406
186.6842
187.0692
187.1076
187.1824
187.393
187.4169
187.6343
187.6866
188.9275
188.9312
188.9584
188.9858
188.9933
189.0219
189.0524
189.0965
189.1158
189.1795
189.2077
189.2672
189.3865
189.4387
189.5344
189.586
189.6248
189.6603
189.7602
189.8644
189.9044
189.927
189.9585
189.9835
190.1539
190.1834
190.2177
190.4144
190.5194
190.6498
190.8113
190.8293
190.8617
190.8697
190.8789
190.8915
190.9118
190.9231
190.9528
190.9844
191.0194
191.0364
191.0723
191.0923
191.1139
191.1395
191.161
191.1797
191.2127
191.2272
191.2519
191.2846
191.3759
191.4289
191.4479
191.467
191.4915
191.6003
191.637
191.6784
191.7254
191.7602
191.7825
192.6923
192.961
192.9988
193.2426
193.2892
193.5746
193.6447
194.8843
194.8874
194.9157
194.9225
194.9419
194.9744
194.9846
195.0076
195.0672
195.0821
195.1011
195.2321
195.2989
195.3408
195.3866
195.5095
195.5329
195.5669
195.608
195.6764
195.8859
195.9289
195.9627
196.0158
196.0811
196.1782
196.2066
196.4054
196.5702
196.6026
196.6329
196.7848
196.8019
196.8161
196.8197
196.8316
196.8678
196.8827
196.9071
196.9294
196.9501
196.9697
196.9831
197.0015
197.0133
197.0351
197.0477
197.0734
197.097
197.1187
197.1406
197.1863
197.211
197.2348
197.2632
197.2997
197.3642
197.383
197.421
197.4552
197.4767
197.4876
197.5115
197.5396
197.5653
197.6052
197.6589
197.7061
197.7336
198.6696
198.7173
198.8169
198.8359
199.2369
199.2645
199.5298
199.5462
199.5695
199.6341
200.7494
200.7644
200.7748
200.7908
200.8573
200.8607
200.9255
200.9388
200.9607
200.9983
201.0221
201.0365
201.0463
201.0865
201.1247
201.177
201.1909
201.2468
201.2977
201.3259
201.3586
201.4048
201.4481
201.4836
201.5083
201.5511
201.5859
201.6424
201.6989
201.8569
201.9126
201.9349
201.9634
201.9986
202.0864
202.3998
202.5865
202.6755
202.7324
202.7452
202.7613
202.7747
202.7962
202.812
202.8264
202.837
202.8531
202.8934
202.9115
202.9364
202.9649
202.9887
203.0081
203.034
203.0593
203.081
203.1009
203.1211
203.169
203.2055
203.2423
203.2632
203.3016
203.3263
203.3485
203.3726
203.403
203.4289
203.4605
203.4983
203.5313
203.5711
203.5897
203.6267
203.6762
203.7006
204.2264
204.4152
204.6044
204.8705
204.8793
205.1833
205.5643
205.6616
206.7142
206.807
206.8102
206.8341
206.8422
206.8553
206.8648
206.8869
206.9521
206.9853
207.1049
207.1147
207.139
207.2034
207.2292
207.2509
207.2813
207.2976
207.373
207.3813
207.4917
207.5462
207.5955
207.6389
207.6951
207.8335
207.992
208.0259
208.0483
208.1588
208.1967
208.2575
208.3532
208.6085
208.6692
208.6886
208.7033
208.7163
208.736
208.7788
208.8081
208.8279
208.8565
208.8694
208.8996
208.9292
208.9429
208.9767
209.0118
209.0506
209.0702
209.0822
209.0996
209.1172
209.1346
209.1646
209.2095
209.2309
209.2902
209.3161
209.3656
209.4145
209.4358
209.4611
209.5025
209.5358
209.5623
209.6367
210.0488
210.5364
210.5573
210.5682
210.6059
210.9493
211.4039
211.5545
211.5852
212.76
212.7632
212.7762
212.8175
212.851
212.8579
212.8809
212.8962
212.9154
212.9663
213.0103
213.0631
213.1172
213.1572
213.2218
213.2614
213.293
213.3035
213.323
213.37
213.3978
213.4363
213.5611
213.5853
213.633
213.7371
213.756
213.7799
213.9607
214.019
214.0859
214.1284
214.1769
214.3773
214.4075
214.4966
214.654
214.6736
214.6823
214.6886
214.7005
214.7215
214.7393
214.7664
214.7793
214.8001
214.8142
214.8632
214.8825
214.8971
214.9131
214.9281
214.9498
214.9791
215.0103
215.0291
215.0455
215.0794
215.1143
215.1312
215.1492
215.1757
215.2076
215.2614
215.2994
215.3597
215.3948
215.4178
215.4554
215.4946
215.5275
215.5602
215.5885
215.6117
216.0446
216.4423
216.4644
216.7772
216.8029
216.8628
216.9603
217.2767
217.4714
218.7203
218.7228
218.7384
218.7649
218.7795
218.8037
218.8335
218.8495
218.8572
218.8985
218.9283
218.9485
218.9577
219.1227
219.1595
219.1692
219.1933
219.2141
219.2494
219.3885
219.4164
219.4875
219.528
219.6925
219.726
219.7502
219.8257
219.8655
219.9453
219.9865
220.0915
220.114
220.2612
220.2785
220.464
220.5743
220.5897
220.607
220.6277
220.6452
220.6522
220.6699
220.6766
220.7119
220.7467
220.7715
220.7847
220.8062
220.8315
220.8557
220.8755
220.8805
220.9051
220.934
220.9625
220.9831
221.0063
221.0212
221.0818
221.1101
221.1845
221.2042
221.2291
221.2799
221.3158
221.3411
221.3749
221.4133
221.43
221.4739
221.5114
221.5321
221.5647
222.2385
222.3817
222.982
222.9965
223.0083
223.1117
223.3345
223.4864
223.51
224.5856
224.6768
224.6797
224.701
224.7076
224.7681
224.7826
224.7993
224.8267
224.88
224.9159
224.9715
225.0484
225.1205
225.1427
225.16
225.1974
225.3835
225.4181
225.4682
225.4962
225.7867
225.8512
225.9083
225.9796
226.0821
226.1068
226.1254
226.1948
226.4961
226.5404
226.5772
226.5945
226.6092
226.6485
226.6747
226.6902
226.6988
226.7185
226.7337
226.7626
226.7869
226.8061
226.8354
226.852
226.8959
226.9073
226.9234
226.9416
226.9704
227.0039
227.0314
227.0478
227.0723
227.1049
227.1473
227.1902
227.2039
227.2447
227.2738
227.302
227.3647
227.4098
227.446
227.4607
227.4877
227.5036
227.9256
227.948
228.6136
228.6436
228.8939
229.134
229.2531
229.4141
229.4793
230.5482
230.6345
230.6374
230.6693
230.6784
230.6875
230.7064
230.7339
230.7403
230.7547
230.7787
230.8148
230.836
230.8688
230.9039
230.9752
231.014
231.0343
231.0793
231.1867
231.2097
231.3726
231.552
231.6401
231.6924
231.7694
231.8336
231.8427
231.8706
232.0543
232.0849
232.2228
232.2972
232.4679
232.5028
232.5313
232.5474
232.5524
232.5593
232.5754
232.5895
232.6033
232.6141
232.6286
232.6408
232.6571
232.6802
232.7024
232.7213
232.744
232.756
232.7771
232.7969
232.816
232.8404
232.8769
232.8949
232.9174
232.9534
232.9709
232.9887
233.0306
233.0975
233.1184
233.1517
233.1712
233.2047
233.2984
233.3213
233.3386
233.3608
233.3689
233.4149
233.485
233.984
234.0173
234.3036
234.5353
234.8326
234.8553
235.0137
235.4172
236.5116
236.5744
236.5776
236.6236
236.6422
236.657
236.6784
236.7073
236.7292
236.7764
236.7872
236.8047
236.8311
236.8563
236.8966
236.9371
236.9931
237.0217
237.1183
237.16
237.2295
237.2799
237.3303
237.4862
237.5919
237.6223
237.6461
237.6599
237.6784
237.8632
237.9948
238.1592
238.3292
238.3614
238.3774
238.4849
238.4959
238.5026
238.5251
238.5465
238.561
238.5891
238.6001
238.6173
238.6313
238.6567
238.6815
238.7085
238.7496
238.7618
238.8101
238.8373
238.8769
238.9066
238.9545
238.9753
238.9976
239.0259
239.0565
239.0801
239.1514
239.1693
239.1893
239.2204
239.2622
239.2892
239.3322
239.3674
239.3849
239.4242
239.8873
239.9123
240.1769
240.3018
240.3259
240.679
240.7951
240.8443
240.8757
240.9229
241.4192
241.4518
242.4665
242.4751
242.5577
242.5613
242.5958
242.5996
242.6153
242.6352
242.6529
242.6875
242.7141
242.7527
242.776
242.8093
242.835
242.8573
242.8903
242.9173
242.9242
243.082
243.0976
243.1785
243.2091
243.2282
243.2399
243.6225
243.6767
243.7219
243.8389
243.8954
243.9142
244.0816
244.1423
244.3619
244.4155
244.4342
244.4549
244.4681
244.4853
244.5096
244.5236
244.5432
244.5712
244.5933
244.6074
244.6334
244.6533
244.7084
244.7447
244.7732
244.7935
244.8143
244.8598
244.8885
244.9112
244.9251
244.9769
245.0117
245.0291
245.0606
245.0853
245.097
245.1129
245.1973
245.2249
245.2617
245.2807
245.3076
245.3438
245.3772
246.1115
246.6079
246.6316
246.7074
246.7508
246.855
248.4306
248.5066
248.5094
248.5368
248.5768
248.6007
248.6122
248.6325
248.663
248.7003
248.7261
248.7671
248.7864
248.8145
248.8419
248.8882
248.9052
248.9518
249.0151
249.0672
249.0882
249.1104
249.1711
249.2104
249.2498
249.3392
249.6782
249.6984
249.7341
249.7769
249.8005
249.8968
249.9401
250.2237
250.3166
250.3435
250.3763
250.4115
250.4221
250.4418
250.4522
250.4712
250.511
250.5223
250.5477
250.5689
250.5881
250.62
250.6377
250.6837
250.7162
250.7313
250.7519
250.7738
250.8032
250.8568
250.8819
250.9157
250.9549
250.9627
250.9811
250.9999
251.0249
251.0422
251.0802
251.1462
251.1555
251.1834
251.2309
251.3138
251.3395
252.002
252.0247
252.0567
252.284
252.323
252.6654
252.7577
252.9323
253.0363
253.2488
253.2682
254.3806
254.4636
254.467
254.476
254.4958
254.5178
254.5359
254.5484
254.5706
254.5986
254.6275
254.6823
254.6966
254.7256
254.7399
254.7674
254.8107
254.9532
255.0077
255.0231
255.0433
255.2096
255.3009
255.3348
255.4196
255.569
255.6059
255.6522
255.6847
255.7071
255.7646
255.941
255.9587
255.9798
256.0124
256.0477
256.0977
256.2231
256.3686
256.3788
256.3895
256.413
256.4324
256.4534
256.461
256.4928
256.52
256.5433
256.5594
256.5897
256.6235
256.6502
256.6694
256.7018
256.7494
256.7823
256.8151
256.8332
256.8739
256.901
256.9347
256.9585
257.0204
257.0365
257.0605
257.0858
257.1374
257.1444
257.1616
257.188
257.2035
257.2314
257.2583
257.3017
257.7963
258.441
258.4679
258.6744
258.7392
258.892
259.2423
259.3001
260.4196
260.4228
260.4684
260.4864
260.518
260.5255
260.5455
260.5594
260.6015
260.6242
260.6374
260.6864
260.7183
260.8171
260.9119
260.9351
260.972
261.0131
261.0392
261.082
261.1142
261.2005
261.3441
261.4079
261.4242
261.4452
261.5984
261.7565
261.7791
261.9369
261.9489
262.1193
262.15
262.172
262.2136
262.2701
262.2982
262.3151
262.3349
262.3546
262.3712
262.3977
262.4075
262.4324
262.4474
262.4658
262.4963
262.5148
262.5305
262.5589
262.5968
262.6261
262.6477
262.6632
262.7044
262.7283
262.7548
262.7775
262.8051
262.8299
262.8867
262.9165
262.9342
262.965
262.9952
263.0171
263.0488
263.0773
263.1085
263.1285
263.1531
263.1833
263.21
263.2445
263.7467
263.9587
263.9904
264.0563
264.2882
264.3493
264.7008
264.7315
264.8521
265.0558
265.0887
265.1368
265.1748
266.3487
266.3752
266.3781
266.3972
266.4108
266.4272
266.456
266.471
266.4895
266.5348
266.5532
266.5824
266.603
266.6546
266.7482
266.7777
266.9043
267.0599
267.0619
267.0758
267.1215
267.1432
267.2323
267.2611
267.3255
267.377
267.3995
267.4482
267.4732
267.5039
267.6587
267.7088
267.812
268.127
268.1795
268.2214
268.2769
268.2954
268.3136
268.3333
268.3431
268.358
268.3832
268.3965
268.414
268.4375
268.5082
268.5245
268.5396
268.589
268.632
268.669
268.6965
268.7211
268.734
268.7683
268.8313
268.8476
268.8756
268.9038
268.9294
268.9578
268.9785
269.1022
269.1178
269.141
269.1841
269.2028
269.2292
269.6422
269.6732
270.1124
270.1353
270.2166
270.2448
270.2839
270.3718
270.7791
270.8075
270.8302
270.8541
270.8844
271.3758
272.2877
272.3381
272.3418
272.3546
272.3657
272.3731
272.4033
272.426
272.4429
272.459
272.4791
272.5588
272.5702
272.6447
272.6923
272.7159
272.7425
272.7893
272.8622
272.9177
272.9379
272.9637
273.0089
273.0424
273.0798
273.1977
273.234
273.3922
273.6808
273.7837
273.9837
274.0165
274.0525
274.0814
274.1262
274.2237
274.2464
274.2616
274.2756
274.2866
274.2984
274.3153
274.3375
274.3634
274.3852
274.3973
274.4158
274.4325
274.4466
274.4647
274.4855
274.5145
274.5428
274.5679
274.6168
274.6332
274.6507
274.695
274.7132
274.7275
274.7597
274.7972
274.815
274.8508
274.8749
274.9279
274.9808
275.0109
275.0438
275.0757
275.0982
275.113
275.1428
275.1711
275.8341
275.851
276.0002
276.6107
276.631
276.7352
276.7661
278.2213
278.2809
278.2841
278.3001
278.3183
278.3342
278.3657
278.3758
278.3948
278.4111
278.4204
278.4675
278.4977
278.5198
278.6369
278.699
278.7272
278.7547
278.8105
278.8669
278.8962
278.9084
278.9287
279.0121
279.0539
279.1709
279.2201
279.3266
279.3675
279.5531
279.5697
279.6608
279.7094
279.7294
279.7586
279.7855
279.8415
280.0108
280.0298
280.0477
280.1841
280.1974
280.2193
280.2326
280.2444
280.2647
280.3017
280.325
280.3439
280.3641
280.3858
280.4048
280.4329
280.4701
280.4919
280.5258
280.5476
280.5698
280.5998
280.638
280.6631
280.6808
280.7073
280.7353
280.7661
280.7984
280.8208
280.8781
280.9015
280.9859
281.0824
281.1175
281.1465
281.8536
281.864
282.3585
282.6309
282.6604
282.6997
282.8989
282.9244
284.2318
284.2484
284.2516
284.2659
284.2775
284.3062
284.3179
284.356
284.3717
284.4106
284.5055
284.518
284.5403
284.5589
284.5834
284.6126
284.6856
284.7349
284.8069
284.8312
284.8527
284.871
284.9824
285.0784
285.1335
285.1823
285.3195
285.3492
285.7537
285.7815
285.803
285.8368
285.8718
285.9674
285.9866
286.0259
286.1223
286.1579
286.1914
286.209
286.2455
286.2664
286.288
286.3025
286.3259
286.3404
286.3547
286.3699
286.3866
286.4141
286.4494
286.4713
286.51
286.5318
286.5494
286.5819
286.6272
286.6458
286.6847
286.7088
286.7457
286.761
286.7937
286.8196
286.8492
286.8725
286.8895
286.9091
286.9285
286.9629
287.0376
287.0648
287.0886
287.8317
287.8438
288.0259
288.3773
288.4465
288.8632
290.2053
290.2083
290.2284
290.2395
290.2536
290.2738
290.2931
290.3307
290.3581
290.3836
290.4529
290.4885
290.5546
290.5785
290.6039
290.6222
290.686
290.743
290.8121
290.8777
290.9019
290.9424
290.9764
291.1026
291.1256
291.157
291.3085
291.368
291.4077
291.4311
291.5328
291.5563
291.627
291.6732
291.7598
291.9329
291.9771
292.1198
292.1345
292.1551
292.1665
292.1862
292.196
292.2185
292.2576
292.2801
292.3372
292.3724
292.401
292.4326
292.4513
292.4709
292.4994
292.5158
292.5476
292.57
292.5943
292.6094
292.6446
292.6817
292.7141
292.7763
292.8088
292.8349
292.8686
292.8969
292.9534
292.9916
293.033
293.5963
294.0217
294.4549
294.4668
294.4885
294.611
294.7996
294.96
296.079
296.1527
296.1617
296.1644
296.197
296.2049
296.2231
296.2335
296.2641
296.3021
296.3177
296.3401
296.3603
296.5349
296.5605
296.5882
296.6093
296.6754
296.7016
296.7061
296.7377
296.7566
296.7937
296.8163
296.8562
296.9633
297.0241
297.1898
297.2365
297.2597
297.2839
297.4293
297.571
297.7782
297.8538
297.8972
297.9297
298.0348
298.0607
298.0766
298.0933
298.1224
298.1332
298.1473
298.1592
298.2073
298.224
298.2413
298.2579
298.2759
298.3212
298.3635
298.3983
298.423
298.4362
298.4442
298.4969
298.5251
298.5771
298.6464
298.6894
298.7154
298.7384
298.7999
298.8525
298.8826
298.9176
298.9457
298.9621
298.9829
299.0285
299.744
299.7949
300.1872
300.228
300.2971
300.3313
300.5786
300.6088
300.9004
300.9879
302.0432
302.1259
302.1293
302.147
302.1853
302.2189
302.2391
302.2497
302.2761
302.3087
302.3625
302.4051
302.4511
302.5012
302.5284
302.6077
302.6263
302.6509
302.6955
302.7306
302.8092
302.8963
302.9395
303.2219
303.3268
303.3732
303.3896
303.6684
303.7032
303.7266
303.7659
303.8039
303.8681
304.0113
304.0308
304.0393
304.0467
304.0598
304.0702
304.0835
304.1005
304.111
304.1206
304.1366
304.1517
304.1907
304.2129
304.2462
304.2678
304.2923
304.3293
304.3501
304.3792
304.4245
304.443
304.4678
304.5139
304.551
304.5719
304.6191
304.663
304.6847
304.6999
304.7353
304.7654
304.7923
304.806
304.8417
304.8924
304.9212
304.9611
304.9859
305.5324
305.9393
305.962
306.0072
306.301
306.5136
306.5283
306.8349
306.8686
306.8854
306.9536
306.9697
307.2713
308.0756
308.0787
308.1068
308.1175
308.1469
308.1788
308.1912
308.2022
308.2447
308.2732
308.359
308.4515
308.5392
308.5521
308.5913
308.6268
308.663
308.7289
308.7437
308.8177
308.8743
308.9538
308.9835
309.0669
309.1313
309.3335
309.3691
309.4486
309.5993
309.9634
309.9771
310.0006
310.0247
310.0429
310.0553
310.0709
310.0848
310.1002
310.1112
310.13
310.146
310.1629
310.1876
310.2127
310.2276
310.2499
310.2822
310.3061
310.3484
310.4257
310.4501
310.4695
310.4873
310.5302
310.5487
310.5734
310.623
310.6823
310.727
310.7743
310.7925
310.8233
310.8548
310.8801
310.9017
310.9267
312.0601
312.0797
312.099
312.1746
312.2934
312.9021
313.9564
313.9627
314.0385
314.0415
314.0746
314.0811
314.1152
314.1291
314.1944
314.2164
314.257
314.281
314.3184
314.3352
314.3596
314.4082
314.4531
314.4964
314.51
314.5583
314.5888
314.6044
314.666
314.7466
314.7721
314.8363
314.8655
314.8775
314.9591
315.0574
315.2281
315.2511
315.3759
315.427
315.5715
315.6071
315.713
315.9156
315.9348
315.9521
315.9666
316.0004
316.0084
316.0201
316.034
316.0555
316.0698
316.0837
316.1002
316.1277
316.1547
316.2068
316.258
316.2716
316.2866
316.3323
316.3586
316.3773
316.409
316.4299
316.4437
316.4803
316.5001
316.5201
316.5422
316.5709
316.6067
316.6311
316.6783
316.7596
316.8295
316.8564
316.8867
317.6079
317.6259
317.649
317.7665
318.0796
318.5082
318.651
318.6992
319.0819
319.9115
319.9897
319.9923
320.0001
320.024
320.0397
320.0569
320.0751
320.087
320.1042
320.1515
320.1914
320.2494
320.2956
320.3553
320.3972
320.4181
320.43
320.4633
320.5346
320.6779
320.7021
320.751
320.9513
321.0773
321.3751
321.3995
321.4226
321.4278
321.4471
321.8861
321.8949
321.9008
321.9148
321.938
321.9633
321.9727
321.9983
322.0359
322.0599
322.0782
322.0887
322.1255
322.1754
322.196
322.2083
322.228
322.2486
322.2613
322.3103
322.3403
322.3611
322.3995
322.4439
322.4644
322.4903
322.503
322.5604
322.5913
322.6255
322.6945
322.7309
322.8006
322.8513
322.8653
323.6347
323.6533
323.947
323.9617
323.9788
324.0425
324.3007
324.7874
325.8631
325.9466
325.9495
325.9703
325.9768
325.9989
326.0209
326.0763
326.0856
326.1303
326.1407
326.1814
326.2121
326.2826
326.3058
326.3324
326.356
326.4143
326.4548
326.5058
326.6923
326.7421
326.7789
326.8237
326.961
327.0158
327.0345
327.0745
327.1083
327.2511
327.2754
327.3814
327.4378
327.5228
327.5589
327.5797
327.7175
327.7455
327.7858
327.8084
327.832
327.8597
327.8772
327.8921
327.9049
327.9264
327.9553
327.9734
328.008
328.03
328.0768
328.133
328.1704
328.2033
328.2165
328.2517
328.2843
328.3114
328.3468
328.3711
328.3943
328.4436
328.4632
328.5117
328.5274
328.5434
328.6068
328.6432
328.6638
328.6998
328.7163
328.7901
329.3689
329.7411
329.8354
329.9042
330.131
330.1448
330.4912
331.9054
331.908
331.9381
331.9495
331.973
331.9937
332.0181
332.047
332.0722
332.1007
332.1247
332.1403
332.1729
332.272
332.2893
332.37
332.4078
332.4185
332.4893
332.5524
332.6623
332.6769
332.7142
332.7719
333.0494
333.0854
333.1142
333.1544
333.1786
333.2235
333.3997
333.4694
333.4998
333.6689
333.6989
333.7283
333.7802
333.8044
333.8277
333.8421
333.8574
333.8995
333.9175
333.9285
333.942
333.962
334.0008
334.0695
334.0925
334.1135
334.1371
334.1516
334.1798
334.1976
334.2367
334.2715
334.2982
334.3164
334.3404
334.3528
334.3693
334.3963
334.438
334.4753
334.5406
334.5691
334.5902
334.6201
334.6342
334.6811
334.7404
335.586
335.6073
335.6435
335.686
335.7323
336.4525
336.5609
337.7725
337.8079
337.8406
337.8586
337.8617
337.8778
337.8833
337.9159
337.9329
337.9414
337.9769
337.9895
338.0175
338.0699
338.1085
338.1198
338.1607
338.254
338.3281
338.3503
338.3859
338.4684
338.4845
338.5108
338.5282
338.8936
338.9331
338.9645
339.0605
339.2227
339.2649
339.5064
339.5321
339.558
339.6645
339.7072
339.7333
339.7475
339.7723
339.7972
339.8071
339.8371
339.8684
339.8783
339.8929
339.9205
339.9499
339.9692
339.9946
340.0127
340.0329
340.0522
340.0795
340.1142
340.1317
340.1609
340.2244
340.2538
340.2681
340.2945
340.3099
340.3312
340.345
340.3566
340.4034
340.4326
340.4626
340.5026
340.5421
340.5908
340.6092
340.6264
340.6509
341.0481
341.5843
341.6101
341.9123
342.0456
342.2329
342.3817
342.4489
343.8217
343.8255
343.8495
343.8555
343.8878
343.8918
343.9053
343.9543
344.0056
344.0351
344.0983
344.1261
344.1486
344.1749
344.2102
344.3284
344.3478
344.5166
344.5501
344.5865
344.6133
344.6319
344.6521
344.737
344.8445
344.8674
344.9517
345.0492
345.0857
345.0993
345.1893
345.6169
345.6635
345.6914
345.72
345.7479
345.7604
345.769
345.7873
345.7986
345.8171
345.8328
345.8551
345.8692
345.884
345.9077
345.9489
346.0029
346.0279
346.0482
346.0716
346.117
346.1521
346.1816
346.2066
346.2426
346.263
346.3236
346.3456
346.3635
346.4206
346.4703
346.5009
346.5148
346.5344
346.5776
346.6502
347.3032
347.3361
347.4135
347.4314
347.4662
347.8098
347.9868
348.4433
348.4737
348.4958
348.5183
348.5498
348.6586
349.7791
349.7826
349.7942
349.8124
349.8249
349.8503
349.8815
349.9025
349.9558
350.0009
350.0596
350.0854
350.1685
350.3403
350.3775
350.4679
350.65
350.6865
350.7196
350.7897
350.9238
350.9835
351.067
351.1085
351.151
351.3472
351.3886
351.5045
351.5251
351.6691
351.6814
351.7071
351.7451
351.7617
351.778
351.8015
351.8226
351.8469
351.8574
351.8674
351.916
351.9403
351.959
351.9993
352.0235
352.0409
352.0651
352.0972
352.1175
352.1848
352.233
352.2667
352.2992
352.3209
352.3436
352.3629
352.4266
352.4572
352.4898
352.529
352.5427
352.5612
352.6136
353.6802
353.7856
353.9047
354.2666
354.2864
354.5467
354.6411
355.7389
355.7429
355.7639
355.7791
355.8082
355.8251
355.8422
355.8851
355.9402
355.9505
356.02
356.0447
356.1744
356.202
356.2436
356.3006
356.3285
356.3351
356.4466
356.5583
356.5899
356.7656
356.8064
356.8481
356.8756
356.9806
357.2157
357.3755
357.426
357.4504
357.5301
357.6288
357.6393
357.6544
357.6718
357.6935
357.7366
357.7612
357.7992
357.8115
357.8253
357.874
357.9174
357.9332
357.9605
357.9718
357.9842
358.0137
358.0315
358.0809
358.1589
358.2018
358.2473
358.2645
358.28
358.2967
358.3533
358.3838
358.4307
358.4489
358.4903
358.5278
358.5483
358.5949
359.383
359.5085
359.5445
360.0802
360.1961
360.249
360.4858
360.5585
361.7059
361.7088
361.7245
361.7361
361.7568
361.7698
361.7979
361.8063
361.8319
361.8472
361.8688
361.9196
361.9505
361.9737
362.0882
362.1502
362.1848
362.2659
362.2874
362.3429
362.363
362.3976
362.4426
362.4665
362.712
362.7478
362.7955
362.9286
363.0522
363.0922
363.1726
363.3036
363.4713
363.4996
363.5714
363.5991
363.6212
363.6429
363.6517
363.67
363.6863
363.7104
363.7244
363.7531
363.7892
363.862
363.8808
363.9257
363.9432
363.9626
363.9868
364.0095
364.0276
364.044
364.1037
364.1418
364.1756
364.2133
364.2518
364.2763
364.3039
364.3375
364.3804
364.4017
364.4186
364.4501
364.473
364.5681
365.4589
365.8716
365.8865
365.9072
365.9589
366.1843
366.221
367.6579
367.6623
367.6792
367.6837
367.6951
367.7205
367.7496
367.7889
367.8127
367.8352
367.8599
367.8847
367.9162
368.0157
368.0524
368.1896
368.2245
368.2509
368.2851
368.4047
368.4394
368.5027
368.5767
368.6112
368.7798
368.8543
368.9145
368.9455
368.9734
369.014
369.0779
369.1004
369.1445
369.2568
369.309
369.3948
369.4375
369.5494
369.5536
369.5723
369.5938
369.6181
369.6263
369.6419
369.6564
369.6763
369.6958
369.7152
369.7368
369.7554
369.7736
369.7964
369.8092
369.821
369.8559
369.8821
369.9224
369.9427
369.9746
370.0097
370.0357
370.0614
370.0858
370.1131
370.1533
370.1991
370.2192
370.2488
370.2785
370.314
370.3544
370.3918
370.4233
370.471
370.4908
371.2168
371.2286
371.3648
371.4179
371.45
371.7083
371.9414
371.9546
372.2117
372.2349
372.3153
372.4481
373.5676
373.6126
373.6159
373.6418
373.664
373.6939
373.7358
373.7553
373.7659
373.7803
373.8497
373.9132
373.9538
373.9801
374.0216
374.0525
374.0779
374.1123
374.1354
374.2193
374.2378
374.2688
374.3922
374.4554
374.5329
374.6023
374.6711
374.7277
374.8802
374.9027
375.1086
375.3518
375.3691
375.4962
375.5177
375.5397
375.5492
375.5669
375.5923
375.6015
375.6249
375.634
375.6443
375.6662
375.6841
375.7016
375.7173
375.7309
375.7543
375.7791
375.7983
375.8319
375.8651
375.8979
375.9119
375.925
375.9634
375.9816
375.9965
376.061
376.0973
376.1194
376.1508
376.1628
376.1918
376.2216
376.2543
376.2906
376.315
376.3369
376.3765
376.4094
376.441
376.892
377.526
377.7573
377.8134
377.8402
377.9398
378.2174
378.2974
378.335
378.3553
379.4868
379.5747
379.5776
379.5869
379.5904
379.6065
379.623
379.6416
379.6633
379.6953
379.7372
379.7662
379.8101
379.8348
379.8481
379.8787
379.9387
379.976
380.018
380.0994
380.1718
380.2035
380.2412
380.2784
380.328
380.3432
380.3704
380.5356
380.6508
380.6762
380.7328
381.0384
381.0636
381.2744
381.2967
381.3969
381.4692
381.4717
381.4874
381.5019
381.5117
381.5214
381.5363
381.5519
381.5721
381.5888
381.6066
381.6371
381.6525
381.6772
381.7027
381.7215
381.7657
381.8171
381.8726
381.9008
381.919
381.9491
382.0195
382.0322
382.0603
382.0926
382.1331
382.159
382.1882
382.2253
382.2483
382.2792
382.3196
382.3469
382.3644
382.3877
382.4069
382.8797
383.2888
383.5398
383.6347
383.9135
383.9865
384.1027
384.1178
385.5393
385.5421
385.5617
385.5794
385.5954
385.6089
385.6267
385.6614
385.6792
385.7422
385.7874
385.8726
385.8919
385.95
386.0361
386.0702
386.1186
386.1569
386.1726
386.2051
386.2466
386.3318
386.3706
386.4131
386.4445
386.5166
386.5447
386.8086
386.8556
386.9166
386.9463
387.0417
387.089
387.1173
387.1398
387.4133
387.4282
387.4444
387.4548
387.4684
387.4887
387.5043
387.5239
387.545
387.5605
387.5753
387.5896
387.6076
387.6208
387.6392
387.6617
387.7122
387.7308
387.7492
387.765
387.7955
387.8365
387.8638
387.9186
387.9752
388.0327
388.0612
388.0839
388.1035
388.1392
388.164
388.194
388.2253
388.2962
388.3315
388.3624
388.8139
389.1183
389.3084
389.3638
389.5238
389.5325
389.5618
389.6073
389.9462
390.2696
390.2946
390.3475
391.4012
391.4767
391.4802
391.4864
391.5161
391.5182
391.5385
391.5517
391.5801
391.6118
391.6707
391.691
391.7542
391.8085
391.8454
391.8971
391.9277
391.9627
392.0085
392.0554
392.1319
392.2724
392.3238
392.3815
392.4302
392.4816
392.6056
392.6392
392.7088
392.7355
392.7644
392.7883
393.0243
393.0867
393.2393
393.3694
393.4033
393.4269
393.4302
393.4336
393.4393
393.4584
393.4673
393.4857
393.5035
393.5124
393.5394
393.562
393.5898
393.6174
393.6613
393.6997
393.7181
393.7543
393.7772
393.7961
393.8217
393.8438
393.9013
393.9391
393.9536
393.9887
394.0193
394.0853
394.1251
394.1438
394.1807
394.258
394.2806
394.3148
395.0724
395.1471
395.525
395.562
395.6607
395.8736
397.3596
397.3888
397.431
397.4336
397.4666
397.4715
397.4805
397.4974
397.5242
397.536
397.551
397.5656
397.6062
397.6641
397.786
397.8299
397.8527
397.8679
397.8816
397.8952
397.9153
397.9304
397.9965
398.261
398.3003
398.3218
398.4513
398.6926
398.723
398.7403
398.8804
398.9001
399.2081
399.2607
399.3132
399.3294
399.3453
399.3686
399.3866
399.4023
399.4155
399.4295
399.4445
399.4599
399.4773
399.5255
399.5445
399.5683
399.589
399.6132
399.6309
399.6752
399.703
399.7404
399.7528
399.7767
399.8139
399.8654
399.8952
399.9169
399.9447
399.9734
400.005
400.0319
400.0591
400.0923
400.1168
400.1467
400.1812
400.2048
400.2407
400.2669
401.1075
401.2432
401.3924
401.4151
401.749
401.7739
401.8823
402.049
402.1065
403.416
403.4188
403.4364
403.4419
403.4572
403.4874
403.5084
403.5405
403.583
403.6188
403.6422
403.6615
403.6811
403.7128
403.7958
403.8313
403.8944
403.9654
403.9875
404.0289
404.079
404.1434
404.2635
404.2862
404.3083
404.3417
404.3985
404.5249
404.7354
404.829
404.8682
404.9858
405.011
405.0296
405.2848
405.3081
405.3279
405.3359
405.3474
405.3626
405.3817
405.4024
405.4252
405.4431
405.4514
405.4894
405.5176
405.5542
405.5762
405.6005
405.6211
405.6365
405.6562
405.6745
405.7018
405.7255
405.7551
405.7865
405.8139
405.8524
405.8695
405.8967
405.9792
406.0524
406.0744
406.0967
406.1176
406.1373
406.1575
406.1976
406.2239
406.6165
406.914
406.9289
407.0741
407.5739
407.7156
407.7936
407.9432
407.9838
409.2793
409.3563
409.3592
409.382
409.3914
409.4014
409.4235
409.4409
409.4695
409.5267
409.5426
409.5754
409.5967
409.6167
409.6339
409.6789
409.8078
409.8405
409.9568
410.0723
410.1177
410.1476
410.3312
410.3714
410.4275
410.5853
410.6146
410.6463
410.6884
410.8432
410.9173
410.9362
410.9719
411.235
411.2487
411.2647
411.282
411.3025
411.3288
411.3406
411.3782
411.3936
411.4026
411.4171
411.446
411.4976
411.5343
411.5683
411.6072
411.6484
411.6672
411.6908
411.7231
411.7806
411.8082
411.828
411.8472
411.8849
411.9334
411.9907
412.0433
412.0653
412.0919
412.1267
412.1509
412.8923
412.9022
412.9227
412.9761
413.0093
413.4902
413.8766
415.3106
415.3133
415.3263
415.3588
415.3993
415.4223
415.4452
415.4845
415.5324
415.5575
415.6054
415.6458
415.6689
415.6871
415.8217
415.8569
415.8889
415.9318
415.9645
416.0854
416.1077
416.1446
416.2263
416.2595
416.2806
416.3882
416.5679
416.6109
416.7177
416.7741
417.1008
417.1924
417.2174
417.2373
417.2529
417.2678
417.2801
417.3108
417.3318
417.3453
417.3523
417.3653
417.3826
417.3944
417.4193
417.4353
417.4467
417.4878
417.5794
417.5982
417.6162
417.6275
417.6589
417.6823
417.7183
417.7403
417.8245
417.8547
417.8755
417.9065
417.9648
417.9852
418.0245
418.0509
418.1185
418.1479
418.1841
418.9055
418.9339
418.96
419.2743
419.3122
