0.724
1.9731
2.8374
5.2325
5.4998
6.1694
7.728
7.7462
8.084
8.461600000000001
8.5395
10.0781
10.0936
10.6053
12.0677
12.1619
12.1725
12.3696
12.699
12.7073
13.1559
13.5507
14.8128
14.8523
15.0312
15.0857
15.2018
15.2369
15.2389
15.3133
16.0577
16.1061
16.1535
16.3858
16.8287
17.1117
17.3372
17.9705
18.0699
18.0748
18.3435
19.0314
20.476
21.0222
21.0284
21.0611
21.0735
21.846
22.0093
22.0258
23.8836
24.6195
24.7022
26.5042
26.671
26.9764
27.0017
28.04
28.332
28.3511
28.4462
28.8865
29.0018
29.6624
29.6966
30.0306
30.31
32.9391
33.2893
33.6048
33.9284
33.9355
34.236
34.2611
34.3064
34.3476
34.4678
35.0454
35.681
35.9277
36.0755
36.5067
38.0089
39.6474
39.6676
39.8888
39.9033
40.0488
40.1846
40.2608
40.3449
41.5652
41.9327
43.2506
43.4841
45.1557
45.513
45.8482
45.8845
46.2136
46.4192
46.5955
46.935
47.3294
49.2123
50.0424
51.2839
51.6045
52.2435
52.6072
52.7051
53.0507
54.1524
54.5359
56.0597
57.5336
57.7636
57.7788
57.8436
57.8648
59.7122
59.8371
60.1562
60.3267
60.5362
60.6703
62.7292
63.1533
63.2034
63.9968
64.15560000000001
64.4517
65.3742
65.95950000000001
66.61239999999999
68.2418
68.3544
68.70829999999999
69.2056
69.6763
70.1152
71.0044
72.45269999999999
72.70999999999999
73.40600000000001
73.8531
73.9325
74.6944
74.7529
75.63549999999999
75.64960000000001
75.6992
75.9678
76.1553
76.8938
76.8989
77.6379
77.8001
78.0266
79.1602
79.5441
79.6041
80.0154
80.0254
80.489
80.8655
81.26439999999999
81.4205
81.5986
82.39660000000001
82.44199999999999
82.79949999999999
83.20399999999999
83.2885
83.51479999999999
84.8771
85.04940000000001
85.27679999999999
85.8279
86.8828
86.925
86.9507
87.5468
87.5582
87.604
87.729
87.8813
88.1542
88.74209999999999
88.9512
89.5885
90.0784
90.7243
91.9238
92.7491
92.8909
94.6812
96.5288
97.0651
97.4645
98.2478
98.2825
98.6331
98.71729999999999
98.7439
98.9837
99.9987
100.0733
100.3436
101.499
101.5435
101.6839
102.5943
103.3281
104.1523
104.2153
104.4277
104.4748
104.705
105.4427
105.7376
105.9371
107.4881
107.5095
108.1841
108.2118
109.6871
109.9674
110.2006
111.0763
111.1503
111.3872
111.4103
111.4937
112.2695
112.3791
113.1473
113.4226
114.0228
114.117
114.2395
114.3402
114.4812
116.4717
117.3382
117.5789
117.879
117.9422
117.96
118.7524
119.0478
119.1048
119.2045
119.7266
119.9318
120.3065
121.1617
122.327
122.4291
123.4676
123.6933
123.7002
124.1089
124.3933
124.7176
124.8123
125.344
125.4686
128.1297
128.2958
128.3595
128.7314
129.2686
130.4616
132.0325
134.6458
134.9386
135.6615
135.6819
137.2416
138.626
138.6524
139.742
140.3537
141.606
142.4125
143.9454
144.1063
144.4512
145.329
145.3444
145.3653
145.4155
145.4413
145.6672
145.7102
146.1717
146.2945
146.5048
147.1201
147.5198
147.5759
148.8397
150.5496
151.946
152.0838
152.1812
153.0383
153.7325
154.2069
154.8677
155.8525
156.0922
156.9213
157.3585
157.5577
158.0848
158.2618
158.3736
159.092
159.8055
161.2162
161.5194
162.4479
162.6316
162.8207
164.0029
164.0225
164.5277
165.0851
165.4395
167.0889
169.1907
170.0063
170.0781
170.0974
170.1604
170.9512
170.9555
170.9967
171.1157
171.9471
172.1231
173.0536
175.9591
175.9769
176.5803
176.9139
177.0511
180.1729
180.6775
181.0167
182.1954
182.2326
182.7983
182.8673
182.8713
183.077
183.1129
183.2716
183.4678
183.667
183.7847
184.1065
184.9347
184.9984
185.8995
185.9767
187.2397
187.7737
187.8306
188.1271
188.5417
190.0485
190.4499
190.8483
190.9729
191.8463
192.6417
194.7352
194.7863
194.7957
194.8149
194.8689
195.5012
196.6223
196.6767
197.0005
197.7339
198.1515
198.619
198.9981
199.0581
199.3091
200.1017
200.3875
200.4186
200.7386
200.7438
200.8689
201.081
201.3025
201.8906
202.0359
202.1058
202.3183
202.8736
203.0911
203.4064
203.5961
203.7414
205.7679
205.8208
206.0305
206.0558
206.6936
207.3151
207.4874
207.7178
207.995
208.3151
208.6906
209.8593
210.0746
210.1143
210.3621
210.4964
210.7145
210.9392
211.1333
211.1712
211.676
211.9017
212.0025
212.1419
212.1671
213.6468
213.6842
214.1453
215.4468
216.3892
216.3936
216.5541
218.3094
218.33
218.4641
218.8344
218.9005
219.3351
219.4215
219.7262
220.0861
220.5773
220.8418
221.3359
221.6388
223.1707
223.5068
223.6568
223.7145
223.7462
223.9215
223.99
224.5738
224.5896
224.6583
224.7394
225.4133
226.2654
227.1626
227.5968
228.1289
228.1987
228.4629
229.0575
229.5448
229.5521
229.5675
229.602
229.804
230.1942
230.5872
230.863
230.9667
230.9964
232.0618
232.3916
232.5397
232.6857
234.6107
235.5061
236.4724
236.7457
238.1261
238.6882
238.8128
239.4121
239.4695
239.6447
239.7156
239.8138
240.4396
240.491
240.885
241.3201
241.3562
241.461
242.3558
242.4447
242.4714
242.5695
242.5985
242.7421
242.7851
242.95
243.1262
243.4962
243.8142
244.3575
244.6213
245.2519
245.317
245.7785
245.7978
245.8072
247.1274
247.4522
247.7124
248.192
248.399
248.4232
248.9828
249.653
249.9842
250.0007
250.1448
251.5416
251.7082
251.9506
252.1294
252.2567
252.7115
253.4057
254.3608
255.0487
255.0579
255.3619
255.5832
256.3718
256.8224
257.2258
257.4044
258.5023
258.9021
259.3158
259.672
259.7483
260.315
260.3345
260.4746
261.0565
261.1186
262.8621
263.3937
263.7963
264.3821
264.9764
265.1501
265.3111
265.5846
265.9193
266.2727
266.6698
266.7643
267.3201
267.4824
267.5033
267.7822
267.9874
268.208
268.3893
268.4071
269.4072
269.4791
270.9907
271.265
271.2892
271.4693
271.534
272.2339
272.2383
272.2435
272.4982
272.9293
273.163
273.5761
275.2031
275.4353
275.4696
276.3004
276.8265
277.224
277.2417
277.6109
277.995
278.1914
278.6642
278.7118
279.1975
279.9941
280.749
281.2286
282.5675
283.1946
283.2964
284.1436
284.1451
284.2224
284.3536
284.4484
284.464
285.9931
286.6259
286.7
287.1692
287.2789
288.8705
289.1349
289.2833
289.7785
290.1132
290.1176
291.7279
293.0524
293.4851
294.8061
294.8693
295.1062
295.1199
295.2343
295.5467
296.0623
296.0639
296.087
296.1879
296.4371
296.4979
296.6774
297.712
298.1078
298.3774
298.4194
298.7196
299.0442
299.2285
300.2567
300.3616
300.4687
300.7721
301.3385
301.3461
302.0181
302.0554
302.1196
302.2487
302.3954
303.6403
303.7671
303.7726
304.0668
305.4745
305.7889
305.9688
306.1689
306.6967
306.8528
307.5028
307.6373
307.99
308.257
308.2968
308.4303
308.4703
308.6111
308.8851
309.0859
309.1306
309.2385
309.7837
310.4455
310.8925
311.006
311.1512
312.4296
312.7793
312.9511
313.1788
313.2836
313.6285
313.6722
313.7862
313.9375
313.9395
313.9616
313.9799
315.4139
315.4655
315.6274
315.6647
315.6868
316.0161
317.1657
317.4806
318.0483
318.0659
318.2564
318.6647
318.8661
318.9027
318.9844
319.2628
319.4791
319.6235
319.9382
321.6343
322.2351
322.3823
322.8215
322.8906
323.1162
323.2723
323.97
324.6813
324.9317
325.0706
325.1286
325.1893
325.3179
325.721
325.8476
325.8562
326.1139
326.1862
326.1981
326.2414
326.323
327.2109
327.4009
327.4844
328.6584
330.4048
330.4256
330.8294
330.8888
330.9161
330.9405
331.1767
331.8075
331.8167
332.1753
332.6245
332.7017
332.8607
332.9785
333.1928
333.6565
334.2255
335.1523
335.2341
335.3723
335.7311
336.2868
336.6947
336.7923
336.9378
337.1482
337.7678
337.7772
338.3213
338.5665
338.9733
339.509
339.9068
340.1344
340.6396
341.0273
341.3629
341.8359
341.9232
342.5271
343.2628
343.4541
343.5561
343.7909
343.9374
344.0254
344.2415
345.1362
345.2227
345.38
346.2588
346.4752
346.5648
346.9351
347.0042
347.9752
348.0036
348.36
348.6859
348.7788
348.8315
349.0401
349.1204
349.6781
349.6795
349.7988
350.0473
350.7258
351.2007
352.2447
352.2747
352.6928
353.1571
354.2726
354.6368
355.1321
355.3066
355.6398
355.6419
356.4421
356.6208
356.886
356.9873
357.2206
357.2663
357.9773
358.2824
358.2987
358.4405
359.0352
359.3412
359.8045
359.8481
360.3692
360.3988
360.6392
360.9079
361.3346
361.598
363.3495
363.4874
363.7797
364.0596
364.1047
364.1447
364.2646
364.7743
364.93
365.7393
366.0265
366.2299
366.7726
367.5547
367.6619
367.8529
367.8695
367.8829
367.8902
367.9176
368.0319
368.7301
368.8776
372.2949
372.741
372.9046
373.5183
373.5522
373.6096
373.8369
375.9029
376.546
376.7404
377.1866
377.4046
378.1563
378.3919
378.5576
379.4661
379.5242
379.8906
379.8936
380.1829
381.1443
381.3917
382.1867
382.7769
382.7926
384.7552
385.2658
385.4275
385.4646
385.5007
385.7996
386.0951
386.1523
386.3867
386.4216
386.4739
386.9401
387.0451
387.7916
390.1427
390.4081
390.4127
390.516
390.6991
391.1162
391.3862
391.3955
391.3986
391.7741
392.5677
392.8887
392.955
393.2518
393.3785
393.5712
394.4359
395.6611
396.3854
396.4147
396.7707
397.2059
397.2843
397.3382
397.3488
397.3753
397.4075
397.4457
397.5117
397.7116
398.2475
398.3348
398.8738
400.009
400.2152
400.4912
401.0379
401.1257
401.8835
402.319
402.4298
402.5368
402.6314
402.6358
402.9716
403.3027
403.6488
405.1868
405.4908
406.2724
406.3559
406.7029
406.9738
407.5912
407.6255
408.0884
408.142
408.2966
408.3625
408.544
408.6039
409.2532
409.2553
409.2611
409.7845
410.2994
410.3394
410.3462
411.3459
413.3762
413.5003
414.2031
415.2112
415.6686
416.2432
417.3138
417.3346
417.4583
418.3676
419.4647
