0.0029
0.5325
0.5476
0.5647
0.7341
1.2837
1.3648
1.4001
1.4311
1.4449
2.1133
2.1929
2.2433
2.2704
2.4165
2.5246
2.6606
2.9811
3.0589
3.0974
3.0997
3.1705
3.2471
3.6639
4.3613
4.4126
4.429
4.4453
4.4583
4.5701
4.8641
4.9049
5.1578
5.1813
5.3231
5.5074
5.6372
5.7213
5.7237
5.7452
5.8481
6.0293
6.6045
6.9949
7.2374
7.4444
7.7733
8.4354
8.6866
8.790100000000001
8.7995
8.8079
8.825699999999999
8.9666
9.4758
9.616
9.7073
9.765599999999999
9.8004
9.807
10.6283
10.735
10.8649
11.0717
12.0788
12.0882
12.0901
12.0992
12.1132
12.1229
12.139
12.1453
12.1526
12.1619
12.1663
12.1675
12.1711
12.1783
12.2071
12.2309
12.2602
12.2793
12.2935
12.8059
12.8293
12.9074
12.9364
13.1029
13.1198
13.1435
13.1679
13.454
13.4699
13.486
13.5551
14.0506
14.3676
14.3696
14.4105
14.5411
14.6344
14.7633
15.0558
15.0761
15.117
15.1225
15.1385
15.1559
15.1706
15.1905
15.1921
15.2086
15.2166
15.2497
15.28
15.3248
15.3429
15.3601
15.5079
15.5397
15.5501
15.7354
15.7997
15.8196
15.86
16.0692
16.0835
16.1286
16.1524
16.1632
16.1858
16.1924
16.26
16.3055
16.3246
16.3455
16.3643
16.3878
16.4048
16.4243
16.501
16.5094
16.5114
16.5219
16.5766
16.6403
16.7262
16.8652
17.051
17.0676
17.1663
17.5571
17.7396
17.7587
18.0436
18.0481
18.0649
18.0936
18.1267
18.148
18.1798
18.1981
18.3172
18.3845
18.4858
18.5184
18.563
18.6112
18.6255
18.6715
18.9167
18.9213
18.9829
19.0544
19.0687
19.0997
19.1047
19.1398
19.1489
19.2467
19.5195
19.6654
20.164
20.3246
20.7921
20.9569
20.9594
21.0001
21.004
21.0295
21.0366
21.0747
21.0882
21.0905
21.118
21.1365
21.2295
21.2564
21.4439
21.5145
21.6232
21.8093
21.8768
22.0265
22.0388
22.0827
22.0871
22.1195
22.1236
22.1352
22.1496
22.1647
22.18
22.2037
22.2583
22.3927
22.4612
22.4635
22.558
22.5692
22.6808
22.6962
22.8566
22.9261
23.1741
23.3383
23.6171
23.6447
23.6635
23.696
23.8122
23.8345
24.0006
24.0346
24.053
24.0658
24.0935
24.136
24.2335
24.2718
24.3892
24.5394
24.6436
24.7335
24.8113
24.8304
24.893
24.9365
25.0158
25.0215
25.0427
25.0758
25.1331
25.3948
25.4293
25.4423
25.4604
25.5023
25.8925
25.9703
26.2075
26.2221
26.2615
26.2917
26.391
26.6077
26.7516
26.988
26.9933
27.0284
27.0501
27.0752
27.1164
27.174
27.1978
27.266
27.2727
27.3037
27.338
27.4237
27.4508
27.5845
27.5888
27.6922
27.7665
27.8737
27.9805
27.9976
28.0665
28.1287
28.2005
28.2667
28.3014
28.375
28.627
28.6283
28.6426
28.661
28.673
28.6907
28.7994
28.912
29.0792
29.1549
29.2519
29.3765
29.4085
29.6591
29.7717
29.961
29.9901
30.0065
30.0195
30.0213
30.1034
30.1262
30.1308
30.1776
30.3568
30.3819
30.9575
30.963
30.9685
30.9786
30.9818
31.0096
31.0326
31.0561
31.3572
31.3648
31.65
31.6993
31.8703
32.0246
32.0836
32.6551
32.9183
32.9401
32.9543
32.9653
32.9821
32.9865
33.0259
33.0613
33.0815
33.3656
33.5251
33.5815
33.5966
33.7201
33.7555
33.7883
33.9024
33.938
33.9478
33.952
34.0039
34.0269
34.0544
34.0748
34.0759
34.1214
34.185
34.2822
34.323
34.333
34.4413
34.4815
34.4827
34.5585
34.5669
34.6067
34.6864
34.7192
34.8896
34.9114
35.2924
35.3575
35.3675
35.5561
35.6681
35.8331
35.8343
35.9049
35.9112
35.9276
35.953
36.0027
36.0215
36.0235
36.0507
36.3304
36.3674
36.4051
36.572
36.6268
36.7018
36.7532
36.8186
36.8408
36.862
36.9579
36.9804
37.0061
37.0391
37.0487
37.0737
37.1008
37.1534
37.7336
37.7721
38.2725
38.2796
38.3061
38.4877
38.8003
38.8564
38.8963
38.9178
38.9325
38.9347
38.9682
38.9762
38.9787
38.9808
38.9957
39.0006
39.0201
39.0596
39.1233
39.1916
39.2631
39.4873
39.4977
39.6387
39.7698
39.9015
39.9073
39.9185
39.984
39.9871
39.9993
40.0032
40.0143
40.0948
40.1151
40.2917
40.3756
40.3812
40.3851
40.3932
40.6481
40.711
40.7262
40.734
40.9295
40.9911
41.2579
41.2685
41.469
41.4927
41.5988
41.628
41.6862
41.7024
41.7327
41.7669
41.8989
41.9231
41.9332
41.941
42.0067
42.085
42.1264
42.2077
42.2604
42.2907
42.3423
42.3613
42.5217
42.7114
42.9161
42.9346
42.9586
42.9698
43.0099
43.1015
43.1589
43.2833
43.301
43.3248
43.4118
43.7261
43.9913
44.1124
44.436
44.6027
44.6554
44.6676
44.6964
44.8708
44.8987
44.9125
44.9351
44.9851
45.0055
45.0447
45.0541
45.1369
45.1592
45.1746
45.2117
45.3046
45.4729
45.68
45.7857
45.8006
45.8414
45.8576
45.8696
45.8742
45.8753
45.9087
45.9171
45.9214
45.9437
45.9657
45.9989
46
46.0104
46.0338
46.199
46.2352
46.2545
46.2823
46.3536
46.471
46.4941
46.6612
46.6634
46.7466
46.8085
47.0571
47.1073
47.1263
47.5501
47.6167
47.7767
47.8515
47.863
47.8857
47.9442
47.9463
47.9483
47.9612
47.9689
47.972
47.9983
48.0335
48.1742
48.1958
48.387
48.4628
48.5076
48.5615
48.6243
48.719
48.7474
48.793
48.8509
48.881
48.9085
48.9324
48.9803
48.9878
49.0244
49.0871
49.4031
49.4714
49.4732
49.6059
49.8053
50.0999
50.3727
50.3847
50.5334
50.8204
50.838
50.8415
50.8434
50.8491
50.8608
50.8637
50.9766
50.99
51.0443
51.0685
51.3227
51.4662
51.5779
51.6618
51.7379
51.807
51.832
51.8769
51.8876
51.8979
51.9059
51.9571
51.9796
52.0013
52.1474
52.1732
52.1823
52.1918
52.1936
52.4064
52.4086
52.4311
52.5433
52.5763
52.6193
52.6424
52.7559
52.8374
53.3428
53.5479
53.6321
53.6352
53.7154
53.7569
53.7863
53.8035
53.8245
53.869
53.9658
54.0405
54.1374
54.1478
54.2
54.3086
54.3215
54.3225
54.3682
54.3835
54.8034
54.8052
54.8294
55.6466
55.6778
55.7763
55.9581
56.0597
56.112
56.121
56.2732
56.3176
56.4942
56.5406
56.789
56.8445
56.9289
56.9795
56.9815
57.0025
57.0442
57.0597
57.0764
57.1307
57.1718
57.2056
57.27
57.6599
57.6678
57.7638
57.777
57.8277
57.836
57.8654
57.897
57.9157
58.0334
58.0504
58.1901
58.1992
58.2186
58.2395
58.3928
58.4124
58.4866
58.4881
58.5207
58.556
58.5582
58.5856
58.7517
58.9154
58.9667
59.1023
59.6161
59.6524
59.6713
59.6846
59.7439
59.7621
59.7641
59.8134
59.8189
59.8361
59.8426
59.875
59.8872
59.934
60.0213
60.0453
60.0899
60.3124
60.3943
60.4765
60.5178
60.6855
60.7613
60.8007
60.8618
60.8798
61.2544
61.6411
61.8685
61.9064
61.9303
62.0301
62.1586
62.1839
62.497
62.5042
62.5199
62.703
62.7145
62.7208
62.7267
62.7323
62.7441
62.7818
62.7841
62.796
63.0156
63.0772
63.5387
63.5598
63.7677
63.7691
63.8466
63.8547
63.888
63.9223
63.9531
64.07599999999999
64.145
64.6643
65.1191
65.155
65.2287
65.498
65.6317
65.65130000000001
65.69929999999999
65.71720000000001
65.72790000000001
65.7409
65.8176
65.8532
65.8573
65.871
65.90170000000001
65.95269999999999
65.99469999999999
66.078
66.1507
66.20659999999999
66.221
66.2366
66.4358
66.52970000000001
66.7702
66.7724
66.8197
67.4157
67.833
67.8706
67.8717
67.9315
68.0513
68.0718
68.10080000000001
68.1185
68.48520000000001
68.5787
68.6288
68.6902
68.7184
68.7347
68.7854
68.79640000000001
68.8192
68.8323
68.90430000000001
68.9914
69.2298
69.3617
69.6786
69.6962
69.6978
69.71899999999999
69.7693
69.794
69.8081
69.81619999999999
69.8394
69.8952
69.9915
70.0136
70.10890000000001
70.18640000000001
70.383
70.39019999999999
70.46559999999999
70.5586
70.56959999999999
70.6601
70.76000000000001
70.7641
70.77509999999999
70.9323
70.94289999999999
70.9718
71.0857
71.3879
71.4055
71.751
71.7624
71.7637
71.8068
72.0363
72.0475
72.2064
72.2634
72.2825
72.6832
72.6863
72.71510000000001
72.748
72.7993
72.8159
73.07850000000001
73.1027
73.51000000000001
73.6592
73.88930000000001
73.96469999999999
74.02119999999999
74.4415
74.6306
74.6497
74.6575
74.6895
74.6909
74.7555
74.768
74.8172
74.85550000000001
74.9607
75.0663
75.1507
75.2236
75.2841
75.3663
75.6383
75.6409
75.65130000000001
75.68729999999999
75.7424
75.7504
75.92189999999999
75.93770000000001
76.0273
76.0638
76.0737
76.10039999999999
76.11360000000001
76.46939999999999
76.5504
76.6429
76.67189999999999
76.68640000000001
76.7766
76.7907
76.9061
76.9268
77.0051
77.0343
77.09990000000001
77.1095
77.1199
77.1395
77.5226
77.60760000000001
77.6739
77.70569999999999
77.7411
77.74420000000001
77.7704
77.8672
77.8912
77.9491
77.98520000000001
78.06699999999999
78.1664
78.2452
78.3882
78.44799999999999
78.5301
78.5423
78.649
78.67740000000001
78.7159
78.76139999999999
78.98269999999999
79.08159999999999
79.0874
79.4037
79.4773
79.6793
79.75620000000001
79.839
79.9132
79.9855
80.2758
80.2957
80.39279999999999
80.4941
80.5283
80.5582
80.59699999999999
80.61490000000001
80.619
80.6301
80.6504
80.7316
80.7624
80.8152
80.9379
80.9791
81.0082
81.04649999999999
81.123
81.3057
81.3466
81.3702
81.4239
81.60809999999999
81.70059999999999
81.71420000000001
81.7175
81.8249
81.91
81.98520000000001
81.9982
82.0283
82.1041
82.1417
82.14570000000001
82.1604
82.4631
82.5103
82.5899
82.64409999999999
82.79640000000001
83.199
83.3501
83.49079999999999
83.5925
83.6337
83.6713
83.6995
83.72629999999999
83.7647
83.8528
83.9096
84.2337
84.35129999999999
84.55029999999999
84.7209
84.7941
84.99169999999999
85.19459999999999
85.39870000000001
85.4888
85.87179999999999
85.89109999999999
85.8934
86.0228
86.5545
86.5877
86.5908
86.60599999999999
86.6092
86.6105
86.6224
86.7141
87.04170000000001
87.098
87.3503
87.3925
87.5791
87.6324
87.6403
87.65949999999999
87.6835
87.7544
87.7764
87.94499999999999
87.9599
87.9648
88.1632
88.25579999999999
88.5598
88.68980000000001
88.7149
88.7407
89.1367
89.16200000000001
89.2407
89.5706
89.6538
89.68680000000001
89.7704
89.8925
89.9362
90.12009999999999
90.1743
90.2394
90.2796
90.3028
90.4478
90.5682
90.6129
90.6765
90.9556
90.9834
91.068
91.18519999999999
91.20650000000001
91.6403
91.68049999999999
91.68259999999999
92.0496
92.1532
92.26179999999999
92.37779999999999
92.4616
92.49939999999999
92.5364
92.5514
92.6178
92.70780000000001
92.7431
93.5111
93.5159
93.51909999999999
93.5324
93.58450000000001
93.5989
93.6938
93.7931
93.9265
93.94540000000001
93.9618
93.9686
94.0257
94.0394
94.1234
94.20869999999999
94.2403
94.40560000000001
94.42019999999999
94.4555
94.934
94.97499999999999
95.0545
95.0573
95.1596
95.22110000000001
95.2478
95.3492
95.5004
95.5183
95.5294
95.70310000000001
95.7872
95.86499999999999
95.9785
96.0796
96.20350000000001
96.3232
96.48699999999999
96.5633
96.6982
97.0348
97.1382
97.1409
98.02500000000001
98.1925
98.24469999999999
98.4333
98.4372
98.4413
98.4457
98.4485
98.4649
98.4755
98.4987
98.62179999999999
98.6288
98.6422
98.7814
98.8331
98.83969999999999
98.85380000000001
98.86239999999999
98.94119999999999
98.9598
98.9862
99.0128
99.1816
99.2085
99.2568
99.3197
99.4923
99.495
99.524
99.5838
99.5861
99.631
99.6352
99.765
99.8563
99.8717
99.9054
99.9341
99.9444
100.0539
100.2616
100.3009
100.5498
100.7028
100.8219
101.1838
101.2632
101.3984
101.4878
101.5041
101.5353
101.557
101.5822
101.5991
101.6309
101.7818
101.9856
102.1397
102.3423
102.3722
102.4752
102.5002
102.5428
102.5737
102.622
102.8262
103.2795
103.6271
103.6351
103.9911
104.0958
105.0194
105.028
105.1736
105.3823
105.3956
105.4322
105.4381
105.4835
105.525
105.5331
105.5584
105.5717
105.578
105.8112
105.8196
105.8341
105.8463
105.8785
105.9439
105.9957
106.0105
106.0223
106.0739
106.1395
106.1859
106.2637
106.2972
106.3231
106.4087
106.426
106.4637
106.748
106.7808
107.1142
107.1166
107.2597
107.4527
107.5041
107.5096
107.5155
107.5348
107.5731
107.6184
107.6483
107.7259
107.8021
107.8157
107.9691
108.0449
108.0941
108.2566
108.3379
108.3668
108.5131
108.6964
108.8987
108.9209
109.3006
109.3032
109.3529
109.7681
109.9346
110.0843
110.2315
110.2925
110.362
110.3784
110.3906
110.4138
110.4281
110.4477
110.4647
110.5384
110.5442
110.5704
110.6804
110.8721
111.3879
111.3917
111.3953
111.4011
111.4104
111.419
111.4372
111.5114
111.6054
111.7609
111.7798
111.8321
111.9273
111.9433
111.9581
111.9611
112.0007
112.0656
112.1233
112.1749
112.2181
112.2353
112.2718
112.4019
112.4535
112.5409
112.6154
112.7115
112.7712
113.0849
113.1385
113.145
113.1561
113.1757
113.4004
113.4166
113.448
113.452
113.5051
113.5377
113.5523
113.5926
113.6214
113.7272
113.7507
113.8122
113.9769
114.2312
114.5161
114.7186
114.8387
114.9911
115.2417
115.504
115.6
115.6826
115.6851
116.1961
116.3704
116.3894
116.4023
116.425
116.4346
116.4526
116.4754
116.7424
116.7614
117.0372
117.0717
117.1371
117.3029
117.344
117.346
117.3471
117.3537
117.3568
117.3612
117.3773
117.3802
117.44
117.4678
117.6676
117.6806
117.6951
117.7059
117.7484
117.9677
118.2104
118.2481
118.2594
118.2733
118.3345
118.3629
118.4357
118.5433
118.7114
118.7665
118.8246
118.8496
118.9536
119.0185
119.1854
119.3707
119.4002
119.406
119.4358
119.4465
119.4619
119.49
119.5078
119.5402
119.6077
119.6163
119.8595
120.3338
120.336
120.5781
120.8131
121.0297
121.2003
121.2306
121.3484
121.5148
121.5975
121.7275
121.7742
121.9083
122.1001
122.2012
122.3075
122.3163
122.3263
122.3455
122.3491
122.5434
123.2255
123.3101
123.3261
123.3402
123.3439
123.3713
123.4381
123.4721
123.4979
123.5216
123.6678
123.7023
123.7421
123.7841
123.8309
123.9333
123.9393
123.9414
123.9579
123.9752
124.076
124.5645
124.8441
125.0456
125.2358
125.376
125.3936
125.4135
125.4197
125.4355
125.4943
125.6264
125.662
125.9263
126.0346
126.1444
126.2859
126.3044
126.3254
126.5626
126.6241
126.7
126.7452
126.8629
126.9889
127.0976
127.281
127.3052
127.6409
128.1138
128.2014
128.2043
128.298
128.3074
128.3136
128.3358
128.3625
128.5641
128.7427
128.8368
129.0723
129.0954
129.2183
129.2589
129.3053
129.3145
129.4483
129.4759
129.5279
129.6205
129.82
129.8824
130.1528
130.1733
130.4249
130.4667
130.5912
130.6147
130.7227
130.7305
130.7434
131.0658
131.3037
131.3205
131.3227
131.3401
131.3477
131.3572
131.4924
131.6046
132.137
132.2625
132.366
132.4279
132.4785
132.5195
133.0709
133.1102
133.1363
133.4153
133.476
133.6207
133.8112
133.8141
133.9686
134.201
134.2346
134.2885
134.3334
134.5109
134.5456
135.216
135.2801
135.2936
135.3562
135.4452
135.5138
135.6151
135.6976
135.8171
136.0436
136.0999
136.7655
136.9362
137.0563
137.2212
137.2556
137.2594
137.4072
137.662
138.1518
138.1969
138.2135
138.2635
138.688
138.6994
138.8102
138.9059
138.9777
139.0061
139.1707
139.4752
139.5845
139.7409
139.9523
140.1875
140.2152
140.2848
140.5503
140.5549
140.9582
141.1731
141.1849
141.204
141.2195
141.2338
141.2725
141.2759
141.2775
141.3238
141.4061
141.5306
141.5463
141.6014
141.7095
142.1789
142.4936
142.5663
142.5807
142.7214
142.7764
142.9071
143.139
143.2116
143.2178
143.2289
143.2402
143.2447
143.2467
143.2678
143.2763
143.294
143.2995
143.3103
143.3203
143.3713
143.4142
143.4581
143.5247
143.5715
143.6262
143.8096
143.8471
144.1643
144.1965
144.4291
144.8035
144.8176
144.9216
145.0534
145.3369
145.4959
145.5292
145.5463
145.653
146.1535
146.1576
146.1832
146.1879
146.2282
146.2609
146.2924
147.0969
147.1314
147.1542
147.2809
147.2881
147.4837
147.6422
147.6669
147.7226
147.7645
147.7925
147.8396
148.2341
148.4119
148.9058
149.1365
149.1727
149.1972
149.2298
149.2575
149.2657
149.3864
150.1413
150.1733
150.1844
150.2121
150.375
150.5468
150.6456
150.812
150.8413
150.852
150.9479
151.477
151.7268
151.7581
152.0775
152.0978
152.1082
152.1417
152.2038
152.3608
152.5084
153.0977
153.0999
153.1784
153.1846
153.4626
153.5157
153.5173
153.5296
153.5694
153.6895
153.9277
153.9369
153.9507
154.0323
154.0353
154.2394
154.3394
154.9372
154.9539
154.9979
155.0731
155.0855
155.1153
155.1316
155.1404
155.1845
155.2153
155.2188
155.2205
156.1395
156.1679
156.497
156.6222
156.8497
157.2054
157.2467
157.2493
157.3362
157.4947
157.6277
157.6987
157.8964
157.9183
158.0543
158.0635
158.0723
158.1414
158.2358
158.2717
158.303
159.0479
159.0639
159.0709
159.0904
159.0992
159.1425
159.1458
159.1611
159.2391
159.2673
159.4476
159.5366
159.6381
159.9216
159.9726
160.0166
160.6548
160.6889
160.7841
161.0849
161.0917
161.1164
161.1371
161.1387
161.3201
161.3552
161.5074
161.7087
161.752
162.0662
162.0805
162.1527
162.1848
162.2704
162.3003
162.336
162.3955
162.4161
162.6238
162.6482
162.8061
162.9748
162.9972
163.2289
163.2403
163.3779
163.4379
163.9288
163.9782
164.0415
164.0856
164.1306
164.1538
164.1759
164.2017
164.2645
164.3793
164.3839
164.5764
164.6612
164.9421
165.0208
165.0303
165.0452
165.119
165.1516
165.1636
165.2038
165.3378
165.3394
165.5097
165.5226
165.5303
165.6997
165.8075
166.0519
166.2183
166.2227
166.2931
166.3499
166.4773
166.8059
167.0174
167.0948
167.1259
167.1517
167.1545
167.17
167.1765
167.2488
167.3437
167.9838
168.0269
168.1041
168.1267
168.1306
168.2216
168.2794
168.3901
168.6215
168.726
168.8458
169.1864
169.1888
169.3056
169.3151
169.3598
169.6678
169.8003
169.9455
169.9645
170.0031
170.0371
170.0525
170.0706
170.1913
170.4434
170.5887
170.7126
170.809
170.9667
170.9815
171.0464
171.0951
171.2065
171.2948
171.3299
171.5292
171.651
171.6704
171.685
171.8135
171.9286
171.9965
172.0246
172.0377
172.0651
172.3213
172.477
172.7177
172.986
173.0655
173.1092
173.1271
173.1317
173.1825
173.3311
173.5067
173.6428
173.8048
174.0494
174.1943
174.2061
174.4978
174.5005
174.5032
174.8669
175.3055
175.4168
175.4687
175.8061
175.9532
175.9761
176.0016
176.0375
176.0524
176.0853
176.0934
176.1238
176.2905
176.6568
176.9267
176.9327
176.9723
176.9753
176.9902
177.0631
177.0644
177.1108
177.3149
177.3261
177.3281
177.3399
177.3885
177.4407
177.4519
177.5098
177.5246
177.5517
177.5841
177.6549
177.6637
177.6836
177.7415
177.8018
177.8271
177.8645
177.8715
178.1885
178.2062
178.3813
178.5697
178.5911
178.9126
178.9552
178.9877
178.9948
179.1364
179.1593
179.2368
179.4652
179.5771
179.6112
179.8497
179.9501
180.0163
180.2341
180.4432
180.6157
180.7222
180.7337
181.0546
181.6752
181.7854
181.8939
181.9009
181.903
181.9094
181.922
181.9641
181.9655
181.9686
181.9951
182.0143
182.266
182.3142
182.8854
182.8999
182.9149
182.9168
182.9278
182.9432
183.0015
183.1374
183.171
183.1846
183.204
183.3327
183.3535
183.4371
183.5467
183.5789
183.7078
183.7237
183.7302
183.8024
183.8175
183.8394
183.8995
184.2156
184.2654
184.3658
184.4423
184.4695
184.5034
184.5054
184.6663
184.6997
184.7008
184.831
184.8475
184.8841
184.9131
184.9238
184.9722
184.9948
185.0044
185.0233
185.1644
185.2813
185.446
185.8779
185.8833
186.1835
186.4942
186.6127
186.7336
187.0617
187.8849
187.9363
188
188.0547
188.3499
188.4725
188.4981
188.8359
188.8423
188.8594
188.8859
188.9177
188.9361
188.9501
188.9815
188.9961
189.0195
189.088
189.1164
189.2388
189.3162
189.3404
189.3527
189.3595
189.369
189.4032
189.4268
189.4999
189.5706
189.6431
189.689
189.8479
189.8495
189.9407
189.9661
189.9894
190.0584
190.1419
190.2589
190.2628
190.2747
190.4169
190.5306
190.5879
190.6662
190.7073
190.7926
190.9733
190.9854
191.2449
191.2869
191.364
191.3889
191.8582
191.8745
191.8874
191.954
192.1754
192.1813
192.2187
192.6162
192.659
192.9245
192.9269
193.0152
193.054
193.0861
193.1719
193.1888
193.2926
193.3752
193.3884
193.5183
193.6382
193.746
193.7846
193.8161
193.8555
193.8842
193.9863
194.084
194.1795
194.6326
194.6452
194.7989
194.8067
194.8254
194.8475
194.8701
194.883
194.8857
194.9066
194.9088
194.9917
194.9946
195.0448
195.0571
195.2395
195.286
195.3173
195.5139
195.594
195.5986
195.8768
195.8883
195.89
196.0268
196.4013
196.632
196.6446
196.7746
196.7782
196.8115
196.8542
197.0327
197.0664
197.0999
197.2312
197.2673
197.2923
197.4526
197.6822
197.7378
197.7946
197.8053
197.8078
197.862
198.4018
198.7561
198.8974
198.9625
199.0238
199.1329
199.4849
199.503
199.5454
199.7417
199.7435
199.8521
199.8993
200.8637
200.9002
200.914
200.929
201.0056
201.0272
201.0917
201.1071
201.1178
201.1278
201.25
201.2956
201.3972
201.6802
201.705
201.8064
201.8703
201.9735
201.981
202.0262
202.6021
202.6091
202.6515
202.741
202.7723
202.7921
202.8198
202.9958
203.1608
203.1943
203.2403
203.3183
203.3868
203.4453
203.7382
203.7714
203.7734
203.8524
204.117
204.142
204.2271
204.3736
204.4244
204.4884
204.799
204.8042
204.8163
204.8819
204.9286
205.7027
205.7106
205.7764
205.7826
205.8246
205.8257
205.8589
205.9892
206.1985
206.4265
206.5399
206.5646
206.7152
206.7588
206.7935
206.8431
206.9856
207.2237
207.42
207.465
207.627
207.6689
207.79
207.7974
207.8342
208.0092
208.0622
208.137
208.1519
208.1599
208.4867
208.6678
208.7446
208.7919
208.8301
208.8625
208.967
209.1489
209.3986
209.5149
209.7173
209.7192
209.7725
209.8025
209.9628
210.0324
210.2547
210.5918
210.6278
210.7252
210.7908
211.3106
211.3532
211.5774
211.6317
211.6676
211.7027
211.7056
211.7092
211.7348
211.8222
211.9675
212.0275
212.0649
212.1108
212.5543
212.6681
212.6833
212.825
213.0466
213.2263
213.3765
213.4774
213.4808
213.5486
213.8363
213.9185
213.9985
214.1039
214.1126
214.3571
214.3919
214.4822
214.4995
214.5999
214.612
214.6475
214.6517
214.6702
214.6731
214.7367
214.7482
214.9201
215.2165
215.5046
215.524
215.6462
215.7014
215.7232
216.6559
216.7162
216.7287
216.8264
216.8301
216.8404
216.8662
216.8984
216.9062
217.3282
217.3685
217.5521
217.5882
217.6051
217.6305
217.6698
217.6839
217.6921
218.3442
218.6241
218.6374
218.6733
218.6765
218.7582
218.7799
218.8226
218.8483
219.2171
219.2233
219.2308
219.2722
219.4279
219.4729
219.6667
220.3341
220.5878
220.7645
221.0522
221.1612
221.3648
221.5329
221.5525
221.6433
221.6708
221.7435
222.0529
222.075
222.3001
222.3261
222.336
222.4733
222.5811
222.6623
222.6881
222.7856
223.0491
223.0905
223.2126
223.3976
223.4805
223.4831
223.4855
223.5887
223.6077
223.6178
223.6226
223.6381
223.6455
223.6617
223.6939
223.695
223.7623
223.8006
223.9413
223.9788
224.5258
224.5827
224.5897
224.5938
224.6803
224.7944
224.8007
224.8742
224.9762
224.9783
225.0019
225.0182
225.153
225.2023
225.2173
225.2325
225.2655
225.6071
225.6109
225.8017
225.8714
225.9853
226.0944
226.6477
226.6827
226.7637
227.1073
227.449
227.5724
227.6409
227.7185
227.9043
227.9349
228.3641
228.5683
228.5959
228.6224
229.4656
229.5436
229.5451
229.5528
229.5643
229.567
229.569
229.5826
229.5901
229.5912
229.6184
229.7105
229.7159
229.8755
230.175
230.3439
230.4891
230.5448
230.5464
230.5756
230.6486
230.679
230.7165
230.7202
230.8801
230.8948
230.9525
231.0262
231.2552
231.2832
231.3638
231.4009
231.41
231.4523
231.5317
231.5715
231.6928
231.6972
232.0127
232.0758
232.1529
232.3049
232.3099
232.36
232.4875
232.5324
232.5423
232.5503
232.5692
232.5959
232.7022
232.7307
232.7346
232.7496
233.3675
233.4834
233.5457
233.5479
233.6504
234.0314
234.0749
234.1677
234.4254
234.4515
234.4726
234.5772
234.6193
234.7703
234.8061
234.8074
234.8849
235.078
235.122
235.267
235.4169
235.4987
235.5138
235.5247
235.529
235.5517
235.5767
235.5779
235.6283
235.6317
235.849
235.9991
236.1265
236.1917
236.4795
236.4825
236.4881
236.4994
236.5817
236.5841
236.7041
236.7149
236.8144
236.8404
236.8916
236.9002
236.9086
236.9327
236.9393
236.9455
236.9881
237.0024
237.1743
237.2744
237.4062
237.4414
237.5287
237.7403
237.8904
237.9999
238.1514
238.2334
238.2354
238.3027
238.4418
238.4691
238.524
238.6131
238.9211
239.3434
239.3452
239.5061
239.5182
239.5753
239.6851
239.7595
239.7839
239.9422
240.2945
240.3389
240.3441
240.6381
240.6433
240.7239
240.8858
241.0318
241.3874
241.4498
241.4685
241.485
241.5024
241.5691
241.5755
241.5872
241.5885
241.623
241.7764
241.7975
241.9596
242.2637
242.4055
242.4588
242.4622
242.4647
242.466
242.4782
242.527
242.6101
242.7436
242.78
242.7931
242.8062
242.808
242.8805
243.0407
243.1937
243.2033
243.2313
243.2448
243.5901
243.599
243.6593
243.7552
243.8209
243.9341
243.9781
243.9986
244.0631
244.1501
244.1665
244.2276
244.3319
244.3489
244.3793
244.4317
244.4629
244.5043
244.5339
244.5361
244.5632
244.5852
244.7248
244.9435
245.0926
245.1303
245.3675
245.4391
245.4526
245.4733
245.4867
245.6361
245.7279
245.7961
246.0802
246.412
246.7131
246.8034
247.0361
247.0484
247.2622
247.265
247.3949
247.4151
247.4227
247.4313
247.4717
247.4793
247.5193
247.53
247.8976
248.0495
248.2016
248.2206
248.4199
248.5699
248.5846
248.623
248.7214
248.7447
248.8601
248.9208
248.9761
249.0069
249.0205
249.0292
249.0463
249.0938
249.1352
249.2799
249.3021
249.4401
249.5119
249.73
249.7416
249.9415
250.0195
250.1437
250.2308
250.2522
250.4506
250.7088
250.7459
250.8455
250.8602
250.9019
250.9427
251.099
251.1137
251.1278
251.314
251.3815
251.4035
251.4123
251.439
251.578
251.8204
252.3073
252.4999
252.6178
252.6439
252.7081
252.9961
253.1346
253.1463
253.1638
253.1723
253.235
253.3836
253.4098
253.4337
253.4686
253.5657
253.629
254.0107
254.2339
254.3693
254.3745
254.3761
254.4263
254.4698
254.491
254.5333
254.6066
254.6513
254.6606
254.6971
254.736
254.7894
254.8041
254.8108
254.8176
254.8276
254.8845
254.9502
255.0795
255.1395
255.1469
255.2544
255.6082
255.6805
255.9127
255.9955
256.0584
256.0933
256.1182
256.1441
256.3763
256.3971
256.4238
256.8037
256.8109
256.8169
256.8231
256.8497
256.8833
257.0378
257.1665
257.3591
257.3674
257.3998
257.4456
257.7917
257.7942
258.0491
258.1886
258.5479
258.9737
259.0185
259.1342
259.2576
259.2693
259.338
259.3411
259.3623
259.3695
259.3899
259.4168
259.4373
259.4981
259.6603
259.7116
259.7233
259.7403
259.967
260.0073
260.3244
260.4303
260.5197
260.5411
260.659
260.6676
260.6799
260.6821
260.6924
260.8572
260.9768
260.983
260.999
261.0413
261.3093
261.317
261.349
261.3635
261.4093
261.4144
261.4493
261.5329
261.5877
261.8703
261.9221
262.3082
262.3399
262.3708
262.4186
262.4831
262.5213
262.6202
262.6362
262.7087
262.7652
262.823
262.8408
262.9211
263.0349
263.1597
263.3125
263.3254
263.3497
263.5122
263.7902
263.8635
264.0101
264.0334
264.1242
264.1689
264.1753
264.2259
264.2396
264.3201
264.5731
264.7911
264.8474
264.8796
264.8985
265.0593
265.1499
265.1696
265.2856
265.301
265.3141
265.382
265.6249
265.796
266.1159
266.2858
266.3464
266.3748
266.3821
266.4173
266.5734
266.6072
266.7345
266.7741
266.8187
266.869
266.9598
267.0565
267.438
267.474
267.4766
267.4858
267.5668
267.6305
268.2375
268.3463
268.3736
269.1688
269.291
269.2971
269.333
269.4028
269.5439
269.5505
269.5586
269.6188
269.7195
269.7987
270.2171
270.219
270.6432
270.6456
270.6925
270.8192
270.9059
271.236
271.2435
271.2474
271.2548
271.2581
271.2631
271.2681
271.2779
271.29
271.3014
271.3116
271.3553
271.4751
271.6844
271.8873
272.0134
272.2534
272.3047
272.3282
272.3373
272.3396
272.364
272.38
272.5136
272.5528
272.6329
272.6432
273.0911
273.2169
273.2317
273.2452
273.385
273.5353
273.5776
274.0361
274.0398
274.2818
274.2922
274.3517
274.3691
274.42
274.5642
274.9519
275.0183
275.1467
275.1522
275.2342
275.3182
275.5056
275.5259
275.5571
275.6003
275.8079
275.9358
276.0833
276.0971
276.1054
276.1207
276.236
276.3045
276.6159
276.9642
277.182
277.188
277.1922
277.1967
277.2278
277.2813
277.5327
277.6702
278.2183
278.2629
278.2985
278.5612
278.5994
278.6271
278.6946
278.7182
278.8256
278.9614
279.0363
279.2199
279.2535
279.2609
279.2946
279.3475
279.3692
279.4329
279.6551
279.7346
279.7487
279.888
279.9155
280.1362
280.1533
280.2069
280.2379
280.2408
280.2606
280.2739
280.5039
280.559
280.624
280.6958
280.9336
281.1809
281.188
281.1983
281.2002
281.3626
281.6445
281.8086
282.1038
282.1513
282.1612
282.3239
282.5498
282.5663
282.72
282.8796
283.143
283.146
283.1526
283.16
283.1659
283.173
283.1817
283.2081
283.2285
283.2644
283.2674
283.2999
283.4179
283.9081
283.9798
284.167
284.1939
284.212
284.2413
284.2681
284.4702
284.5393
284.5675
284.6223
284.6434
284.6451
284.6627
284.6705
284.676
284.68
284.9485
285.337
285.3507
285.4561
285.5144
285.5365
285.7842
285.8601
286.1417
286.1999
286.2823
286.3044
286.3335
286.4734
286.7426
286.9573
287.0615
287.1791
287.9487
288.0473
288.0655
288.0874
288.0898
288.2354
288.2627
288.4053
288.4556
288.7663
289.0986
289.1283
289.1487
289.1594
289.1632
289.1704
289.1786
289.1957
289.2125
289.709
289.9188
290.1109
290.1256
290.1391
290.1845
290.2981
290.4355
290.4478
290.4599
290.4988
290.5262
290.691
290.8029
291.0179
291.1036
291.2039
291.2692
291.2712
291.3023
291.3054
291.3111
291.4956
291.7416
292.0927
292.13
292.1555
292.1903
292.2022
292.2222
292.2851
292.3195
292.4751
292.6574
292.7094
292.7645
292.8318
293.1093
293.1265
293.1401
293.1592
293.1986
293.5792
293.6326
293.7667
293.8139
294.1305
294.265
294.2801
294.2859
294.2963
294.305
294.6861
294.7288
294.8901
294.9646
295.0097
295.0984
295.1613
295.185
295.1867
295.3929
295.9585
295.9853
295.991
296.0776
296.0849
296.1285
296.2044
296.481
296.5422
296.5973
296.6091
297.0172
297.2426
297.5009
297.9203
297.9327
297.9654
297.9913
297.9952
298.0537
298.137
298.1516
298.2959
298.4781
298.6445
298.7121
298.8492
298.9102
299.0724
299.0776
299.1172
299.2804
299.3165
299.3853
299.6249
299.8249
299.8389
299.9469
300.0077
300.0405
300.1438
300.1485
300.1553
300.1912
300.2246
300.4086
300.4141
300.4357
300.6587
300.7372
300.8308
301.0202
301.0354
301.0671
301.0902
301.1041
301.1167
301.3243
301.847
302.0358
302.037
302.0396
302.0488
302.0868
302.1516
302.2243
302.3794
302.4006
302.5157
302.521
302.7863
302.8558
302.86
302.896
302.9341
302.9735
303.0001
303.0599
303.1076
303.2362
303.294
303.4873
303.6008
303.6174
303.634
303.6654
303.686
303.7183
303.7523
303.7663
303.7984
303.8926
303.9383
304.0084
304.0673
304.0938
304.105
304.1604
304.1678
304.1931
304.2914
304.3172
304.3406
304.4914
304.5092
304.5347
304.5446
304.6805
304.8288
304.9594
305.0322
305.0483
305.0753
305.1226
305.2208
305.2967
305.348
305.7425
305.7464
305.7507
305.7623
305.8365
306.0774
306.4924
306.5068
306.6215
306.6607
306.7192
306.9709
306.9843
306.9878
306.9923
307.0371
307.0482
307.0527
307.0553
307.0806
307.1744
307.4029
307.474
307.5082
307.7139
307.9846
307.9867
307.9942
308
308.0403
308.3538
308.391
308.4144
308.5308
308.5804
308.6472
308.8094
308.9701
308.999
309.0592
309.1397
309.2194
309.2513
309.3121
309.5025
309.5108
309.6085
309.6732
309.6867
309.7279
309.9777
310.0086
310.0222
310.0845
310.121
310.1839
310.3053
310.3184
310.4823
310.5467
310.5758
310.6863
310.7961
310.8746
310.8984
311.0053
311.016
311.0173
311.0723
311.1174
311.1243
311.345
311.5348
311.5529
311.5857
311.673
311.8344
311.9307
312.0656
312.0727
312.3986
312.4494
312.5169
312.5771
312.8336
312.8543
312.9305
312.9554
312.9577
312.9755
313.0128
313.0519
313.1492
313.3768
313.5173
313.5391
313.7354
313.8549
313.9415
313.9452
313.9508
313.9583
313.9809
313.9975
314.0131
314.0234
314.1041
314.1145
314.2649
314.2871
314.316
314.4116
314.4349
314.6139
314.6301
314.7214
314.7423
314.7901
314.8678
314.8696
314.937
314.9489
315.5087
315.5261
315.7363
315.9729
316.0694
316.0875
316.1206
316.132
316.1968
316.2881
316.3902
316.4051
316.4444
316.4767
316.6923
317.063
317.1053
317.2634
317.2774
317.2793
317.3452
317.4967
317.6223
317.7978
317.9733
318.0158
318.2359
318.2933
318.339
318.3829
318.5148
318.5397
318.7302
318.7623
318.9262
318.9306
318.9721
318.9764
319.006
319.0273
319.078
319.4606
319.6657
319.8259
319.9029
319.9056
319.9085
319.9673
320.0234
320.0324
320.0756
320.1782
320.2362
320.3102
320.3687
320.4116
320.4288
320.4563
320.6364
320.6849
320.7213
320.8278
321.0438
321.2283
321.2544
321.2655
321.3588
321.8803
321.9618
322.0048
322.0434
322.1557
322.2192
322.3484
322.3753
322.4043
322.4705
322.7176
322.9
322.9232
322.9565
323.0162
323.2347
323.2427
323.2593
323.2622
323.3108
323.5373
323.728
323.7397
323.8703
324.1985
324.4728
324.5511
324.7161
324.8396
324.8417
324.8708
324.8886
324.8944
324.9697
324.9809
325.1713
325.24
325.3788
325.3928
325.4536
325.8535
325.8566
325.8674
325.9508
325.9527
325.9638
325.988
326.0593
326.137
326.1523
326.2423
326.2927
326.2949
326.3033
326.3801
326.447
326.5068
326.6386
326.651
326.6646
326.6887
326.901
326.9257
326.9777
327.1463
327.2503
327.3964
327.4424
327.6931
327.7533
327.7609
327.8018
327.883
327.9124
327.9166
328.0151
328.0323
328.3444
328.4356
328.5584
328.5926
328.6397
328.7181
328.7586
328.763
328.8261
328.8731
328.8888
328.9265
329.0803
329.1552
329.2842
329.7416
330.0322
330.0344
330.0874
330.2986
330.3658
330.6095
330.6407
330.815
330.8325
330.8409
330.848
330.8542
330.8754
330.8867
330.8934
330.972
330.9753
330.9934
331.004
331.153
331.5103
331.534
331.8232
331.8296
331.8626
331.9066
331.9475
331.9557
332.1496
332.1617
332.2946
332.3101
332.3833
332.4153
332.4659
332.4802
332.9556
333.0702
333.1351
333.158
333.2184
333.495
333.5941
333.6987
333.7929
333.82
333.839
333.8876
333.9501
333.963
334.1173
334.3594
334.4212
334.5335
334.6791
334.7419
334.815
334.8244
334.8499
334.8767
334.8942
334.9676
335.3262
335.3527
335.68
335.8573
335.9696
335.9765
336.2583
336.3876
336.4391
336.4457
336.5796
336.694
336.7641
336.7707
336.8001
336.8149
336.8211
336.8474
336.871
336.9249
336.9687
336.9792
337.1304
337.1637
337.2286
337.4198
337.5125
337.5306
337.6985
337.7704
337.7928
337.7984
337.8388
337.8637
337.8824
337.9052
337.9194
337.9438
337.9571
337.9593
338.1019
338.1134
338.2064
338.3216
338.3435
338.3675
338.4369
338.7674
338.8919
338.9013
338.9357
339.3184
339.3213
339.3561
339.4162
339.4989
339.7138
339.783
339.7916
339.8132
339.8362
339.8494
339.9058
339.9109
339.9333
339.9452
340.1446
340.1848
340.1938
340.2247
340.4294
340.4602
340.6453
340.7557
340.7638
340.7689
340.7733
340.7807
340.786
340.8318
340.8573
340.8781
340.9255
340.938
340.9583
341.2476
341.2678
341.507
341.6752
341.7608
341.7962
341.8709
342.2028
342.2139
342.2436
342.2547
342.4346
342.4485
342.4555
342.4746
342.6136
342.6161
342.8056
342.8261
342.8335
342.8656
342.8946
342.9166
343
343.1399
343.183
343.7305
343.7367
343.7395
343.7417
343.7467
343.7535
343.7751
343.8189
343.8531
343.8582
343.8787
344.0232
344.0996
344.112
344.1232
344.3164
344.4519
344.658
344.6801
344.7178
345.0596
345.2797
345.2887
345.4199
345.6076
345.6933
345.7405
345.7579
345.7625
345.7732
345.7972
345.8117
345.8224
345.8338
345.8572
345.8941
345.9576
346.0087
346.1097
346.178
346.289
346.315
346.6643
346.712
346.7161
346.7315
346.7441
346.7496
346.8937
346.9133
346.9983
347.008
347.0943
347.0988
347.1244
347.2336
347.3471
347.3489
347.9121
347.9356
347.9622
348.2806
348.435
348.517
348.5883
348.6902
348.7115
348.7197
348.7231
348.7317
348.752
348.7684
348.8007
348.8353
348.8544
348.8647
348.8663
349.0776
349.1415
349.1541
349.2516
349.622
349.6945
349.7041
349.7158
349.7875
349.815
349.8325
349.8432
350.0406
350.0502
350.061
350.0646
350.0672
350.0791
350.2544
350.3094
350.3159
350.3968
350.5313
350.5504
350.7598
350.8597
351.0383
351.0587
351.1174
351.1522
351.2391
351.3496
351.3675
351.4753
351.5032
351.5148
351.6672
351.7133
351.7279
351.7498
351.7607
351.8276
351.8902
351.9193
352.0743
352.1751
352.212
352.5979
352.6826
352.7214
352.724
352.7387
352.9587
352.9636
353.4962
353.6113
353.6281
353.7788
353.8165
353.8987
353.9679
353.9746
354.3049
354.3616
354.6154
354.663
354.6677
354.6815
354.6942
354.7083
354.7425
354.7547
354.7879
354.8472
355.0062
355.5045
355.5327
355.7124
355.7427
355.7597
355.7766
355.8284
355.8728
355.9343
356.0325
356.1035
356.2296
356.4963
356.4995
356.5065
356.5304
356.5606
356.6212
356.6279
356.6881
356.6934
356.696
356.7796
356.9138
356.9384
357.0564
357.261
357.3522
357.6436
357.673
357.6877
357.7247
357.7871
357.8042
357.8403
357.8622
357.963
358.0218
358.2015
358.2293
358.3697
358.3871
358.4523
358.5535
358.6214
358.6413
358.6436
358.6838
358.7426
358.7749
359.0231
359.2184
359.2282
359.2567
359.3911
359.585
359.7863
359.7983
359.8942
359.9251
360.2387
360.2943
360.3263
360.6009
360.6225
360.6271
360.633
360.673
360.6779
360.7025
360.752
360.9125
361.6096
361.6216
361.6253
361.6577
362.0167
362.0687
362.0767
362.1794
362.1806
362.3568
362.4758
362.5024
362.5372
362.6886
362.8644
362.8871
362.8989
362.9915
363.0395
363.0741
363.168
363.413
363.4717
363.5947
363.5982
363.6387
363.6849
363.7001
363.7196
363.7259
363.7345
363.737
363.7911
363.8977
364.0501
364.3126
364.4917
364.5908
364.6486
364.7254
364.9797
365.0346
365.0582
365.2023
365.2844
365.3629
365.3905
365.674
365.7583
366.0018
366.0039
366.0653
366.2356
366.557
366.564
366.5842
366.6108
366.6122
366.6958
366.7166
366.7346
366.8049
366.8398
367.0058
367.0227
367.0377
367.5695
367.5712
367.5815
367.6038
367.6206
367.6629
367.6934
367.732
367.7564
367.7939
367.8102
367.8421
367.8893
367.8975
367.9497
367.9552
367.9806
368.0042
368.0198
368.1837
368.1863
368.3621
368.4068
368.5692
368.6834
368.7045
368.7285
368.7408
368.8269
369.2561
369.3904
369.5739
369.633
369.6446
369.9941
370.0223
370.1387
370.1442
370.5289
370.584
370.5906
370.6756
370.6919
370.9458
371.087
371.1738
371.3214
371.3704
371.5422
371.8507
372.1128
372.1323
372.1363
372.184
372.2797
372.3441
372.5346
372.5365
372.552
372.5625
372.5693
372.5833
372.5885
372.5965
372.5975
372.6032
372.8757
373.0535
373.2064
373.5674
373.6433
373.6487
373.6522
373.7756
373.9995
374.0802
374.3589
374.3969
374.4923
374.5161
374.7181
374.8278
374.8443
374.8574
374.9711
375.1709
375.3552
375.5079
375.5306
375.5348
375.5439
375.5559
375.5852
375.5889
375.7181
375.928
375.935
375.9735
376.1291
376.2057
376.3792
376.5156
376.5867
376.68
376.9258
376.9355
376.9416
376.98
377.1512
377.2699
377.308
377.3233
377.3574
377.361
377.3874
377.4498
377.6533
377.707
377.9581
378.2235
378.4367
378.5278
378.6451
378.8125
379.4855
379.4958
379.5429
379.5756
379.5883
379.6587
379.6643
379.7546
379.8464
379.8519
379.8575
379.8771
379.9465
380.0179
380.0253
380.0326
380.0426
380.1528
380.2053
380.4204
380.472
380.5351
380.967
381.0868
381.1089
381.1295
381.4817
381.5816
381.5892
381.6167
381.6736
381.7238
381.8098
381.8609
382.1488
382.4983
382.5
382.6605
383.1539
383.1625
383.1761
383.2014
383.4124
383.4166
383.4506
383.4804
384.377
384.4369
384.45
384.4534
384.5596
384.6006
384.7124
385.0873
385.1404
385.1561
385.4407
385.4492
385.452
385.5069
385.5261
385.5774
385.8068
385.8196
385.8612
385.8988
385.9117
385.9131
385.9286
385.9457
385.9864
386.2022
386.211
386.3737
386.4506
386.4605
386.5089
386.5969
386.6474
386.8687
386.9434
386.9555
386.9832
387.1795
387.366
387.3978
387.5076
387.5173
387.5249
387.5365
387.5672
387.6657
387.9713
388.258
388.3175
388.4278
388.4433
388.455
388.4696
388.4868
388.5158
388.8905
389.0244
389.225
389.2445
389.527
389.5436
389.5957
389.6104
389.6419
389.7451
390.0572
390.3566
390.3715
390.3846
390.407
390.421
390.4276
390.432
390.4496
390.4559
390.6474
390.8822
391.4007
391.4396
391.48
391.597
391.64
391.6604
391.7131
391.7162
391.74
391.889
391.9193
392.016
392.1397
392.3937
392.461
392.5914
393.0089
393.0636
393.0948
393.1657
393.2988
393.3332
393.386
393.3902
393.5071
393.7494
393.7522
393.7927
393.9928
394.0803
394.168
394.2608
394.3421
394.4978
394.6085
394.9368
395.1417
395.1438
395.2985
395.4642
395.6162
395.7933
395.9256
396.0989
396.2764
396.3093
396.3343
396.349
396.4019
396.4906
396.5551
396.7095
396.8793
397.0486
397.1116
397.3556
397.4451
397.4796
397.6037
397.6992
397.8051
397.8645
397.8791
397.933
397.9854
398.194
398.7197
398.7536
398.8535
398.8653
398.8664
398.9315
399.0735
399.122
399.3548
399.3608
399.4261
399.5611
399.6339
399.782
399.8355
399.9632
400.3244
400.3356
400.3401
400.3419
400.3678
400.3889
400.3969
400.4708
400.4789
400.5104
400.5949
400.8849
400.9646
401.3268
401.3703
401.6419
401.6614
401.6842
401.8613
401.9467
401.9693
402.1892
402.1915
402.3073
402.3288
402.3338
402.345
402.3586
402.3912
402.4609
402.5001
402.5439
402.7448
403.3339
403.3384
403.4043
403.4092
403.4189
403.5429
403.7606
403.8685
403.8704
403.875
404.101
404.1615
404.1745
404.1828
404.1923
404.2017
404.2115
404.3239
404.6832
404.759
404.8261
405.0814
405.1502
405.2862
405.3166
405.3285
405.3651
405.3834
405.4017
405.4206
405.844
405.8474
405.9275
405.929
405.9514
406.1074
406.1436
406.3524
406.4823
406.6581
406.7875
406.9456
406.9661
406.9808
406.9994
407.0462
407.2005
407.4303
407.6225
407.6283
407.642
407.6466
407.8118
407.8164
407.83
407.8675
407.9016
408.1518
408.2197
408.2553
408.2573
408.2867
408.2929
408.339
408.3604
408.4464
408.566
408.7953
409.2638
409.2741
409.2783
409.2794
409.2917
409.3248
409.3258
409.3789
409.4069
409.4235
409.4379
409.5052
409.6578
409.8956
410.0159
410.0359
410.2945
410.3013
410.3857
410.4938
410.5257
410.556
410.5922
410.7359
410.7692
410.8282
410.8381
410.8869
410.9177
410.9482
410.9637
410.9832
411.3072
411.3189
411.3218
411.3712
411.3727
411.4074
411.4919
411.6848
411.8487
411.9317
412.0237
412.1459
412.2541
412.2783
412.284
412.3737
412.6778
412.7932
412.86
412.9296
412.9761
412.9774
413.3214
413.5614
413.5641
413.6254
413.9773
414.1185
414.232
414.2513
414.2559
414.2743
414.3182
414.3722
414.3757
414.3799
414.3833
414.4075
414.7071
415.2294
415.2487
415.4087
415.4367
415.544
415.6263
415.697
415.7313
415.7426
415.7625
415.7769
415.7838
415.8336
416.595
416.8717
416.9489
417.0557
417.219
417.2217
417.2235
417.2447
417.2812
417.3296
417.3681
417.4461
417.5396
417.7037
417.9664
417.9769
418.0621
418.2331
418.3123
418.4147
418.5201
418.6784
418.7779
418.8801
418.9022
419.1104
419.1718
419.2819
419.3081
419.3412
419.4367
