1.03150500000000012
2.51742500000000025
3.01266500000000015
4.49854500000000002
4.99382500000000018
6.47978499999999968
6.97498499999999932
8.46094499999999883
8.9563050000000004
10.4420650000000013
10.9374249999999993
12.4232649999999989
12.9185049999999997
14.4045049999999986
14.8998249999999981
16.3856649999999995
16.880984999999999
18.3667850000000001
18.8621450000000017
20.3480249999999998
20.8433050000000009
22.3291850000000025
22.824465
24.3103450000000016
24.8056249999999991
26.2915050000000008
26.7868650000000024
28.272705000000002
28.767945000000001
30.2539449999999981
30.7491050000000037
32.2350650000000059
32.7303050000000013
34.2162649999999999
34.7115050000000025
36.1974650000000011
36.6927050000000037
38.1786249999999967
38.6738649999999993
40.1597850000000065
40.655105000000006
42.1410249999999991
42.6362650000000016
44.1221450000000033
44.6174250000000043
46.1033049999999989
46.5985849999999999
48.0845449999999985
48.5797850000000011
50.0656650000000027
50.5609449999999967
52.0469450000000009
52.542145000000005
54.0280249999999995
54.5234250000000031
56.0092649999999992
56.5045050000000018
57.9903850000000034
58.4857050000000029
59.9715849999999975
60.4668250000000072
61.9528250000000043
62.4480250000000012
63.9339049999999958
64.4293449999999979
65.9151849999999939
66.4104249999999894
67.8962649999999996
68.3915849999999921
69.8775449999999978
70.3727449999999948
71.858744999999999
72.3540249999999929
73.8398249999999905
74.3351049999999987
75.8210249999999917
76.3162249999999887
77.8021449999999959
78.2974650000000025
79.7834649999999925
80.2786250000000052
81.7645449999999983
82.2598649999999907
83.7457049999999867
84.2410249999999934
85.7268649999999894
86.2222649999999931
87.7080249999999921
88.2033449999999988
89.689345000000003
90.184465000000003
91.670464999999993
92.1657049999999884
93.6517049999999927
94.1469449999999881
95.6327849999999842
96.1282249999999863
97.6139849999999996
98.1092649999999935
99.595144999999988
100.090544999999992
101.576265000000006
102.071624999999997
103.557464999999993
104.052824999999999
105.538624999999996
106.034025
107.519944999999993
108.01514499999999
109.501064999999983
109.996424999999988
111.482264999999998
111.977504999999994
113.463464999999999
113.958864999999989
115.444545000000005
115.939864999999998
117.425744999999992
117.921104999999997
119.406864999999996
119.902224999999987
121.388104999999996
121.883465000000001
123.369304999999997
123.864584999999991
125.350504999999984
125.845744999999994
127.331625000000003
127.826985000000008
129.312984999999998
129.808104999999983
131.293984999999992
131.789384999999982
133.275144999999981
133.770465000000002
135.25634500000001
