12.1302
12.1378
12.1666
12.3316
12.3336
12.3881
12.4311
12.542
12.5458
12.567
12.5959
12.6482
12.6589
12.7117
12.7164
12.7504
12.7806
12.7995
12.8254
12.8324
12.8642
12.9001
12.9288
13.0278
13.3168
13.3551
13.373
13.4375
13.4858
13.5049
13.5261
13.5577
13.5666
13.5959
13.6253
13.6523
13.6659
13.6914
13.7372
13.7791
13.8293
13.8519
13.9004
13.9185
13.9386
14.067
14.0955
14.1263
14.1528
14.1675
14.195
14.2153
14.299
14.3097
14.3158
14.3799
14.4085
14.5215
14.6433
14.9088
15.0188
15.0291
15.0715
15.1114
15.1301
15.2
15.2176
15.2693
15.2974
15.3414
15.3972
15.4147
15.4639
15.4968
15.5545
15.563
15.5885
15.6202
15.6396
15.7427
15.7507
15.7825
15.8234
15.8323
15.8591
15.888
15.8947
15.9204
15.9517
15.9879
16.0375
16.0719
16.1196
16.1687
16.5871
16.6478
16.6874
16.7381
16.7692
16.7959
16.8078
16.8353
16.8632
16.9037
16.9199
17.013
17.0284
17.0755
17.0929
17.1149
17.1421
17.1906
17.216
17.2301
17.2662
17.283
17.2914
17.3435
17.357
17.3862
17.42
17.5027
17.5068
17.5312
17.536
17.5936
17.6154
17.6417
17.6584
17.6633
17.7034
17.7687
17.8629
18.2727
18.3259
18.3925
18.4371
18.4625
18.513
18.5236
18.5669
18.5777
18.6408
18.6743
18.6816
18.6963
18.7211
18.7253
18.7309
18.737
18.908
18.9125
18.9193
18.967
19.016
23.7089
23.7124
23.7173
23.7308
23.9125
23.9158
23.9212
23.9468
23.9505
23.9663
24.0113
24.0396
24.0824
24.8431
24.9026
24.9312
24.9411
24.9546
24.9827
25.0136
25.0528
25.0652
25.0927
25.1039
25.1534
25.1785
25.2589
25.3259
25.3338
25.3463
25.3705
25.3928
25.4156
25.4513
25.455
25.4639
25.4967
25.5332
25.5876
25.7385
26.4797
26.4887
26.5374
26.5533
26.5833
26.6095
26.6155
26.666
26.6802
26.7345
26.7828
26.8048
26.823
26.8446
26.8635
26.8757
26.8934
26.9125
26.9176
26.931
26.9571
26.9741
26.9833
27.0287
27.039
27.0636
27.0708
27.0964
27.1066
27.1482
27.1635
27.1867
27.197
27.2332
27.2704
27.308
27.3255
27.3518
27.3671
27.3853
27.4303
27.4868
28.1726
28.2035
28.2298
28.2754
28.3265
28.3512
28.3762
28.3874
28.4204
28.4862
28.504
28.5101
28.5389
28.5436
28.5695
28.591
28.6128
28.622
28.6413
28.6621
28.6682
28.6837
28.7277
28.7593
28.7798
28.836
29.8811
29.9061
29.9548
29.9641
30.0039
30.0652
30.1092
30.1343
30.1498
30.1875
30.1937
30.2019
30.2291
30.2367
30.3023
30.3073
30.4766
30.4833
30.4986
30.8178
30.8953
35.2922
35.2944
35.2991
35.3363
35.4989
35.5168
35.541
35.5875
35.5927
35.6489
35.6913
35.8086
36.2876
36.3142
36.36
36.3764
36.3854
36.4241
36.4453
36.4585
36.4824
36.5131
36.5274
36.5365
36.552
36.559
36.5943
36.5976
36.6129
36.626
36.6558
36.6688
36.6822
36.6918
36.7024
36.7163
36.7221
36.7432
36.7558
36.7687
36.7917
36.8278
36.8439
36.8863
36.8922
36.9083
36.9158
36.932
36.9841
36.9896
37.0222
37.0299
37.0932
37.1067
37.1796
37.2122
38.2263
38.2426
38.3296
38.3709
38.3831
38.4473
38.5069
38.524
38.5405
38.6716
38.676
38.7195
39.6763
39.7065
39.7382
39.7854
39.861
39.8822
39.9097
39.9206
39.9449
39.9624
39.99
40.0024
40.0271
40.0487
40.0894
40.0968
40.1605
40.18
40.2059
40.2282
40.2714
40.2749
40.3677
40.4664
41.3153
41.4336
41.4659
41.5174
41.5537
41.5729
41.5873
41.6273
41.6335
41.6391
41.6695
41.6925
41.7116
41.7825
41.7871
41.7914
41.8118
41.8453
41.8812
46.8818
46.8947
46.9071
47.0614
47.0641
47.0785
47.0858
47.095
47.0989
47.1056
47.1128
47.1301
47.1343
47.1457
47.1488
47.1591
47.1617
47.1818
47.1877
47.2035
47.224
47.2483
47.2671
47.294
47.3188
47.3296
47.3514
47.3975
47.4113
47.4371
47.4545
47.4836
47.6089
47.9348
47.962
48.0133
48.0465
48.0856
48.1192
48.1917
48.2313
48.2553
48.2649
48.292
48.3148
48.3286
48.3661
48.3788
48.4001
48.4151
48.4467
48.4766
48.4855
48.508
48.5259
48.545
48.5734
48.5854
48.6091
48.6312
48.638
48.6681
48.6733
48.7012
48.7128
48.7253
48.7461
48.7502
48.7711
48.7755
48.7798
48.8009
48.8443
48.8539
48.8646
48.8856
48.89
48.899
48.9239
48.9622
49.0002
49.0076
49.0284
49.0733
49.121
50.0359
50.1159
50.3578
50.3724
50.3901
50.4183
50.4456
50.4551
50.489
51.5631
51.6502
51.6826
51.7019
51.7506
51.7665
51.8258
51.8504
51.8973
51.9206
51.9532
51.9585
51.9921
51.997
52.0081
52.014
52.0391
52.0726
52.1294
52.1522
52.2046
52.2438
52.3226
52.3706
52.4418
53.0844
53.1267
53.1603
53.2459
53.2979
53.3314
53.3365
53.3633
53.4103
53.4559
53.4662
53.475
53.4871
53.4991
53.6815
58.4667
58.4903
58.6865
58.7032
58.7184
58.7462
58.7817
58.8085
58.8201
58.8497
58.8762
58.9108
58.9326
58.9421
58.9673
58.9963
59.0197
59.0521
59.0633
59.085
59.1055
59.1331
59.1371
59.1597
59.1711
59.1955
59.2096
59.2525
59.2578
59.288
59.3042
59.3242
59.374
59.4003
59.4176
59.4513
59.4854
59.4997
59.5072
59.5243
59.5368
59.5626
59.58
59.5942
59.6094
59.6329
59.6773
59.6892
59.7139
59.7457
59.7709
59.7757
59.7903
59.805
59.8228
59.8588
59.9043
59.9323
59.9705
60.0165
60.0439
60.0889
60.3389
60.3801
60.4106
60.435
60.4687
60.5122
60.5414
60.5603
60.5838
60.6342
60.6516
60.6682
60.683
60.6938
60.7192
60.7562
60.7634
60.8229
60.8505
60.8747
60.8926
60.9134
60.9376
60.9702
61.0162
61.0248
61.0588
61.1446
61.1496
61.1778
61.2011
61.2151
61.2425
61.2574
61.2822
61.3308
61.3569
61.384
61.4063
61.4426
61.4645
61.4884
61.53
61.5336
61.5878
61.67
61.7102
61.7241
61.8649
62.0238
62.1996
62.2585
62.3746
62.5768
62.5985
62.828
62.9031
62.9244
62.9944
63.0232
63.0463
63.1286
63.1662
63.2321
63.3166
63.7219
63.7356
63.8213
63.8967
63.9501
63.9817
64.0528
64.1606
64.1818
64.2741
64.321
64.3308
64.4611
64.4752
64.498
64.5025
64.5562
64.58450000000001
64.59350000000001
64.66500000000001
64.697
64.7076
64.7312
64.76439999999999
64.79859999999999
64.85420000000001
64.9118
64.9766
65.05119999999999
65.05629999999999
70.0397
70.0425
70.0558
70.5575
70.6484
70.71129999999999
70.74250000000001
70.7474
70.762
70.7894
70.8216
70.83
70.8571
70.8633
70.8879
70.9195
70.9344
70.9451
70.9687
70.9846
71.0172
71.0389
71.04859999999999
71.0736
71.08799999999999
71.0942
71.1066
71.1216
71.1405
71.1553
71.1866
71.19589999999999
71.22029999999999
71.2296
71.2492
71.25830000000001
71.29089999999999
71.3031
71.3064
71.3321
71.343
71.3665
71.3763
71.423
71.4361
71.4423
71.4851
71.5108
71.5527
71.57599999999999
71.5979
71.6356
71.72839999999999
71.75530000000001
72.3164
72.36069999999999
72.4021
72.42400000000001
72.4867
72.5
72.5287
72.5682
72.5937
72.62050000000001
72.6512
72.67700000000001
72.6888
72.69199999999999
72.71210000000001
72.7396
72.7488
72.759
72.7702
72.7811
72.7968
72.8015
72.83029999999999
72.8447
72.86969999999999
72.8793
72.8862
72.9213
72.9423
72.95180000000001
72.9581
72.9821
73.0004
73.0224
73.0337
73.0493
73.07559999999999
73.0878
73.1147
73.1579
73.1908
73.2201
73.2384
73.2811
73.36660000000001
74.0348
74.04949999999999
74.0772
74.11409999999999
74.166
74.1819
74.18989999999999
74.2159
74.2616
74.2901
74.3001
74.3348
74.3429
74.3695
74.3835
74.3991
74.40349999999999
74.4418
74.4601
74.4671
74.4713
74.485
74.4984
74.504
74.5296
74.53579999999999
74.5664
74.5706
74.5889
74.6041
74.60980000000001
74.6314
74.6688
74.6815
74.72239999999999
74.75190000000001
74.7779
74.837
74.84220000000001
74.86839999999999
74.9066
74.916
75.0776
75.6233
75.6797
75.7055
75.7214
75.75069999999999
75.7803
75.824
75.8486
75.86369999999999
75.8725
75.91
75.9444
75.94889999999999
75.9836
75.9893
76.02460000000001
76.0518
76.05929999999999
76.0839
76.0882
76.10680000000001
76.11960000000001
76.1279
76.1567
76.1919
76.2175
76.2295
76.2333
76.2612
76.2811
76.30719999999999
76.31310000000001
76.32989999999999
76.377
76.3896
76.4132
76.44410000000001
76.4935
76.5089
76.5359
76.5651
76.6427
76.8254
76.84350000000001
76.8473
76.86969999999999
81.6121
81.6144
81.62050000000001
81.6469
81.79300000000001
81.82980000000001
81.8425
81.9122
82.2445
82.28400000000001
82.3377
82.35590000000001
82.39879999999999
82.4068
82.4404
82.4509
82.4726
82.4933
82.5034
82.52589999999999
82.54900000000001
82.5737
82.58969999999999
82.611
82.6452
82.6617
82.67829999999999
82.6991
82.72110000000001
82.726
82.7397
82.765
82.7765
82.8107
82.81789999999999
82.8291
82.84569999999999
82.8703
82.8798
82.8877
82.91079999999999
82.914
82.9251
82.9453
82.9636
82.9734
82.9945
83.0098
83.0287
83.03879999999999
83.05710000000001
83.0693
83.08620000000001
83.098
83.1275
83.1374
83.14190000000001
83.1622
83.18000000000001
83.2069
83.2197
83.25109999999999
83.2989
83.3044
83.31319999999999
83.3443
83.3781
83.9723
84.1037
84.1399
84.1575
84.17189999999999
84.17619999999999
84.22920000000001
84.24760000000001
84.2546
84.2953
84.3051
84.3232
84.33069999999999
84.3386
84.35760000000001
84.3801
84.40130000000001
84.4067
84.42440000000001
84.446
84.4577
84.47839999999999
84.4845
84.4936
84.51130000000001
84.52330000000001
84.54989999999999
84.57510000000001
84.587
84.59950000000001
84.60380000000001
84.6254
84.6302
84.6498
84.6579
84.6844
84.71939999999999
84.7231
84.748
84.7628
84.7754
84.78700000000001
84.8267
84.8794
84.8995
84.9376
84.95310000000001
84.9718
85.59690000000001
85.6923
85.7282
85.79130000000001
85.8113
85.8216
85.8569
85.8762
85.8973
85.9363
85.9584
85.9816
86.018
86.029
86.0613
86.0814
86.0908
86.1292
86.13809999999999
86.1504
86.17100000000001
86.1786
86.20399999999999
86.20820000000001
86.2199
86.23180000000001
86.2482
86.2636
86.2734
86.2803
86.2848
86.31950000000001
86.32680000000001
86.3312
86.34780000000001
86.3533
86.3828
86.41030000000001
86.42829999999999
86.438
86.4961
86.52119999999999
86.538
86.5685
86.6142
86.6645
87.2303
87.26260000000001
87.38930000000001
87.4028
87.4427
87.4666
87.473
87.49420000000001
87.5373
87.5549
87.5681
87.5827
87.6165
87.6387
87.6511
87.6566
87.6835
87.71510000000001
87.72280000000001
87.7486
87.7714
87.78319999999999
87.8048
87.8122
87.8356
87.8565
87.8621
87.88030000000001
87.8961
87.8998
87.9188
87.929
87.9522
87.9743
88.0056
88.0184
88.0253
88.0514
88.0671
88.08710000000001
88.0921
88.1262
88.1395
88.1562
88.4298
88.476
88.5528
88.6041
88.69110000000001
88.7398
88.7758
93.23650000000001
93.4546
93.4913
93.621
93.66849999999999
93.7081
93.7364
93.7752
93.7856
93.8081
93.84010000000001
93.87090000000001
93.875
93.9036
93.9123
93.9238
93.94450000000001
93.97029999999999
93.9766
93.9957
94.00230000000001
94.008
94.03
94.0457
94.0485
94.0582
94.0932
94.11879999999999
94.1219
94.12820000000001
94.1486
94.1628
94.18129999999999
94.19029999999999
94.2058
94.22669999999999
94.26649999999999
94.27370000000001
94.292
94.3129
94.3293
94.3438
94.3677
94.3738
94.4053
94.42749999999999
94.4465
94.49039999999999
94.4949
94.53319999999999
94.5642
94.6007
94.62430000000001
94.65649999999999
94.6872
94.76090000000001
95.0868
95.31740000000001
95.38209999999999
95.3948
95.39870000000001
95.426
95.461
95.4854
95.5142
95.5338
95.5882
95.59229999999999
95.6185
95.64109999999999
95.6619
95.6858
95.7107
95.7227
95.73050000000001
95.7713
95.7754
95.7807
95.81610000000001
95.8223
95.8416
95.84869999999999
95.8762
95.89660000000001
95.9259
95.9486
95.97539999999999
95.9876
95.9975
96.0205
96.0445
96.0724
96.08499999999999
96.1028
96.1113
96.1407
96.1588
96.16800000000001
96.1827
96.23569999999999
96.245
96.25020000000001
96.3309
96.3403
96.3783
96.4027
96.77370000000001
96.9199
96.988
97.04949999999999
97.0594
97.0839
97.09350000000001
97.10380000000001
97.13
97.1401
97.1591
97.18729999999999
97.1986
97.22539999999999
97.2303
97.2557
97.2784
97.3065
97.3227
97.3449
97.3746
97.38249999999999
97.4136
97.4174
97.4397
97.44540000000001
97.4632
97.4851
97.5117
97.5168
97.5403
97.5543
97.5686
97.592
97.6168
97.6305
97.6469
97.6754
97.7073
97.7435
97.78019999999999
97.7855
97.8246
97.8648
97.8802
97.89660000000001
97.9333
97.95910000000001
97.9894
98.06529999999999
98.3039
98.38890000000001
98.4932
98.5423
98.62779999999999
98.7145
98.75
98.78440000000001
98.83799999999999
98.8515
98.86060000000001
98.8824
98.9014
98.9248
98.93689999999999
98.955
98.9813
98.9978
99.023
99.0347
99.0403
99.0664
99.0788
99.0851
99.11069999999999
99.1285
99.13930000000001
99.1601
99.1636
99.1901
99.2088
99.2157
99.23099999999999
99.23909999999999
99.2735
99.28700000000001
99.3066
99.3158
99.3321
99.3669
99.3745
99.39239999999999
99.40170000000001
99.42010000000001
99.4434
99.47150000000001
99.5112
99.56789999999999
99.6242
99.66119999999999
99.7084
99.7975
99.80329999999999
99.8327
99.8831
99.9024
99.944
99.9813
100.0274
100.0777
100.1059
100.1152
100.1828
100.2612
100.2655
100.3348
100.3574
100.51
100.5432
100.5756
104.7873
104.7931
104.802
104.8092
104.8363
104.8404
104.9104
104.9256
104.9558
104.9973
105.0084
105.0118
105.0271
105.0377
105.0476
105.0529
105.084
105.0932
105.1335
105.138
105.1756
105.2002
105.2122
105.2373
105.2782
105.3084
105.3124
105.3406
105.3798
105.41
105.4479
105.4687
105.5098
105.5461
105.5781
105.604
105.6344
105.643
105.7011
105.8205
105.9732
106.0227
106.0439
106.1026
106.1269
106.1607
106.1891
106.2052
106.2461
106.2667
106.2918
106.3137
106.3294
106.3518
106.3923
106.3994
106.4242
106.4349
106.4518
106.4579
106.4868
106.4938
106.5207
106.5826
106.5908
106.6026
106.6271
106.6424
106.6509
106.6767
106.6813
106.7146
106.7208
106.7468
106.7853
106.8126
106.8428
106.9124
106.9353
106.9596
106.9959
107.0239
107.0581
107.0642
107.1051
107.1801
107.225
107.2636
107.3063
107.481
107.5418
107.5799
107.6321
107.6682
107.7377
107.7641
107.7935
107.7991
107.8724
107.9068
107.9267
107.9574
107.964
107.9793
107.9929
108.0263
108.0555
108.0827
108.0922
108.1153
108.1358
108.1614
108.1717
108.2141
108.2387
108.2636
108.2826
108.3027
108.3128
108.3405
108.356
108.3875
108.397
108.434
108.4691
108.4975
108.5138
108.5403
108.5729
108.5878
108.6099
108.6264
108.6486
108.6817
108.6895
108.7166
108.74
108.7615
108.7662
108.8198
108.8746
108.9888
109.0602
109.1865
109.2939
109.3347
109.41
109.4573
109.4986
109.5302
109.5378
109.5479
109.5641
109.5764
109.6266
109.6579
109.6987
109.7224
109.7498
109.7587
109.77
109.8056
109.8137
109.8323
109.8349
109.8567
109.8758
109.8989
109.9395
109.9481
109.9723
109.9804
109.997
110.0122
110.0467
110.0558
110.0663
110.0993
110.1086
110.1608
110.1798
110.2139
110.2348
110.2536
110.2699
110.3047
110.3231
110.34
110.3755
110.4195
110.443
110.5025
110.5332
110.6331
110.7662
110.7896
110.8832
110.9238
110.9682
110.996
111.0316
111.0567
111.0992
111.1526
111.172
111.2072
111.2164
111.2394
111.2772
111.2911
111.3195
111.3547
111.3625
111.3824
111.3885
111.4066
111.4603
111.4742
111.4928
111.5202
111.5296
111.5494
111.5536
111.5622
111.5692
111.6455
111.7017
116.3708
116.3761
116.3865
116.401
116.4886
116.4982
116.5093
116.5355
116.5416
116.5497
116.5659
116.5691
116.5853
116.5896
116.611
116.6344
116.6541
116.658
116.7153
116.7191
116.7463
116.8911
117.369
117.4335
117.4763
117.5115
117.545
117.5653
117.595
117.6173
117.6391
117.649
117.6991
117.7089
117.7273
117.7465
117.7538
117.7816
117.7986
117.8285
117.8557
117.8586
117.8643
117.884
117.8908
117.9068
117.9359
117.9446
117.9504
117.9639
117.9802
118.0006
118.0109
118.0354
118.0423
118.0578
118.0636
118.0805
118.1021
118.1129
118.1301
118.1532
118.1633
118.2193
118.2267
118.2598
118.2678
118.2949
118.3238
118.3488
118.3827
118.4524
118.5221
119.097
119.1263
119.1562
119.1938
119.215
119.2242
119.2557
119.2727
119.295
119.301
119.3394
119.3461
119.3597
119.3862
119.4017
119.4306
119.4364
119.4615
119.4893
119.4955
119.5089
119.5256
119.5336
119.557
119.5708
119.5937
119.6017
119.6263
119.6526
119.6604
119.6831
119.7025
119.7203
119.7291
119.7343
119.7545
119.7625
119.7786
119.789
119.8129
119.8344
119.8512
119.899
119.9077
119.9318
119.9484
119.9987
120.0932
120.7804
120.8031
120.8331
120.8681
120.9046
120.9422
120.9646
120.9862
121.0075
121.0304
121.0361
121.0737
121.0933
121.1055
121.1446
121.1578
121.1822
121.1985
121.2133
121.2234
121.2362
121.25
121.2643
121.2738
121.294
121.3053
121.3308
121.3385
121.3455
121.3662
121.3731
121.3829
121.415
121.4267
121.459
121.4692
121.491
121.4985
121.5277
121.548
121.5704
121.5935
121.6063
121.6349
121.6655
121.6947
121.7986
122.3566
122.4151
122.4545
122.4818
122.4899
122.5291
122.5405
122.5657
122.6049
122.6263
122.6407
122.6597
122.6793
122.693
122.7153
122.7409
122.7481
122.7659
122.7778
122.7851
122.8169
122.831
122.8504
122.869
122.8874
122.9024
122.9251
122.9355
122.9558
122.9697
123.0442
123.0765
123.1111
123.1285
123.1326
123.1464
123.1802
127.9389
127.9422
127.9506
127.9528
127.9624
127.9693
127.9837
128.0307
128.0521
128.0636
128.1139
128.1297
128.1392
128.1559
128.1866
128.2072
128.2163
128.2564
128.266
128.2789
128.3268
128.3556
128.4346
128.9224
128.9967
129.0045
129.0296
129.0807
129.0899
129.1046
129.1335
129.1517
129.1564
129.1889
129.1943
129.201
129.2169
129.2231
129.242
129.2498
129.2806
129.2919
129.309
129.3161
129.3401
129.355
129.363
129.3715
129.3804
129.4073
129.4173
129.4259
129.4419
129.4497
129.4691
129.4906
129.5042
129.5259
129.5446
129.5531
129.5771
129.6038
129.609
129.6292
129.6582
129.6917
129.7219
129.74
129.7666
129.7967
129.8127
129.8497
129.8881
129.9007
129.9441
129.9978
130.0024
130.2817
130.6775
130.6839
130.7127
130.7258
130.7771
130.7971
130.8263
130.8435
130.8508
130.8843
130.8903
130.9003
130.9103
130.922
130.9295
130.9414
130.9586
130.9743
130.9852
130.9973
131.0021
131.0196
131.0375
131.0444
131.071
131.0842
131.0984
131.1167
131.139
131.1645
131.1953
131.1995
131.2277
131.2376
131.28
131.2886
131.3196
131.3333
131.3507
131.3724
131.3873
131.4187
131.4354
131.4416
131.484
131.5414
131.5452
131.5757
131.6078
131.6894
132.3147
132.3425
132.3701
132.3869
132.4282
132.4424
132.4672
132.4776
132.5036
132.53
132.5405
132.5688
132.5752
132.5955
132.6009
132.6272
132.6325
132.6487
132.6596
132.68
132.6957
132.7245
132.7312
132.7619
132.7656
132.775
132.7892
132.8058
132.8267
132.8386
132.8587
132.8708
132.881
132.8976
132.9291
132.9364
132.9516
132.9748
132.9969
133.0238
133.0457
133.0777
133.1016
133.1233
133.1261
133.16
133.1896
133.2293
133.2816
133.3209
133.3581
133.46
133.8773
133.9852
134.0064
134.0621
134.0808
134.0935
134.1297
134.143
134.169
134.1869
134.1915
134.2231
134.2358
134.249
134.2565
134.2713
134.3034
134.3082
134.3259
134.335
134.3593
134.3694
134.3891
134.4067
134.4232
134.4269
134.444
134.4573
134.4746
134.4918
134.5177
134.7094
134.7144
134.7247
134.7375
134.8103
134.8738
134.8859
134.9027
134.9084
134.9815
134.996
135.0259
135.0305
135.0712
135.1266
135.1361
135.2235
135.2366
135.243
135.32
135.3373
135.3823
135.4164
135.4574
135.5031
135.5585
135.6033
135.6215
135.6579
135.7277
135.7894
135.8584
135.9027
135.9305
135.9896
135.9996
136.0741
136.1065
136.1434
136.1868
136.1958
136.3096
136.3945
136.475
136.4794
136.6084
139.5468
139.5513
139.5652
139.6437
139.6857
139.694
139.7037
139.7358
139.7434
139.7499
139.7536
139.7603
139.7654
139.7796
139.7859
139.8076
139.8112
139.8305
139.8353
139.8482
139.8527
139.8702
139.9026
139.9106
139.9286
139.9671
139.99
139.9934
140.0496
140.0715
140.1056
140.1285
140.1797
140.1937
140.2815
140.4166
140.5664
140.6338
140.7728
140.799
140.8179
140.8476
140.8736
140.9117
140.9408
140.9536
140.976
141.0065
141.0171
141.0443
141.0519
141.0765
141.1008
141.1138
141.1248
141.1572
141.1826
141.2005
141.2249
141.2347
141.2606
141.2733
141.3224
141.3423
141.3577
141.3657
141.3933
141.3972
141.4182
141.4285
141.4501
141.4645
141.4689
141.4875
141.5056
141.5282
141.5432
141.549
141.5734
141.602
141.623
141.6345
141.6727
141.6795
141.7166
141.7465
141.7743
141.8166
141.8903
142.0095
142.2341
142.3616
142.4001
142.4656
142.5077
142.5361
142.5564
142.5788
142.6213
142.6405
142.6468
142.6848
142.7063
142.7122
142.7444
142.7503
142.7774
142.8032
142.8219
142.8583
142.8643
142.8722
142.8931
142.9063
142.9239
142.9336
142.9438
142.952
142.9688
142.9868
142.9912
143.0052
143.0174
143.0322
143.0471
143.0658
143.0891
143.0938
143.1162
143.1264
143.1474
143.1542
143.1646
143.2101
143.2387
143.2759
143.318
143.3883
143.4421
143.4523
143.5303
143.5952
143.7913
143.9318
144.0882
144.1315
144.1829
144.2116
144.2623
144.2873
144.3043
144.3296
144.3418
144.3853
144.3946
144.4092
144.4385
144.4437
144.4615
144.5034
144.5332
144.5497
144.5585
144.5736
144.5822
144.5885
144.6174
144.6407
144.6576
144.6673
144.6882
144.7059
144.7284
144.7558
144.7799
144.7881
144.7966
144.8192
144.8317
144.846
144.8693
144.88
144.8972
144.9063
144.9402
144.9603
145.0045
145.0532
145.0861
145.1188
145.2777
145.5283
145.5818
145.6269
145.7347
145.8037
145.8505
145.8723
145.914
145.941
145.9564
145.9816
145.9875
146.0156
146.0349
146.04
146.0705
146.0918
146.1206
146.1295
146.1327
146.1377
146.1517
146.1589
146.2048
146.2278
146.2329
146.2838
146.2961
146.3071
146.323
146.3494
146.3742
146.4009
146.4119
146.4186
146.4381
146.4447
146.4803
146.5142
146.5697
146.5949
146.6214
146.6442
146.6801
146.7027
146.73
146.8522
146.8835
146.9636
146.9874
147.0202
147.0476
147.0662
147.1003
147.1693
147.2927
147.3148
147.4675
147.492
147.5757
147.7032
147.8967
147.9197
147.9534
147.9806
148.2852
148.4905
148.6665
148.6702
148.7191
148.9044
149.186
149.45
149.4742
149.7629
149.9255
150.2426
150.5787
150.8933
150.9584
150.9726
151.1112
151.1151
151.1269
151.3748
151.4086
151.4461
151.496
151.5283
151.5574
151.5819
151.6061
151.6427
151.6505
151.6807
151.7057
151.7393
151.7546
151.7843
151.8105
151.8173
151.8403
151.8705
151.9004
151.9044
151.9263
151.9637
151.9852
152.0273
152.0525
152.0566
152.0977
152.1136
152.134
152.1414
152.1541
152.1909
152.1984
152.2301
152.2491
152.2761
152.3182
152.3409
152.3587
152.4076
152.4111
152.4368
152.4782
152.494
152.5178
152.5225
152.5503
152.5756
152.6214
152.6492
152.688
152.7958
153.0667
153.0998
153.1281
153.1575
153.2059
153.2684
153.2974
153.3168
153.3462
153.3789
153.397
153.4043
153.4264
153.4584
153.4889
153.5255
153.5552
153.5866
153.6277
153.6479
153.6742
153.6857
153.7115
153.7409
153.7599
153.7821
153.7987
153.8063
153.8221
153.844
153.8686
153.8901
153.8966
153.9209
153.9604
153.9817
154.0015
154.0295
154.0583
154.0915
154.1152
154.1238
154.163
154.1909
154.2456
154.2716
154.2967
154.3822
154.4127
154.6018
154.6387
154.7264
154.7473
154.7932
154.8164
154.8468
154.8856
154.917
154.9295
154.9541
154.9902
155.0358
155.0532
155.0862
155.111
155.1442
155.1491
155.2036
155.2274
155.2558
155.2957
155.3101
155.3376
155.3706
155.3994
155.4089
155.4221
155.4339
155.4666
155.4732
155.5105
155.517
155.5479
155.5675
155.586
155.5977
155.6271
155.6662
155.6722
155.7033
155.7218
155.7746
155.7841
155.8362
155.8425
155.8609
155.8973
155.9124
155.9426
156.1452
156.3764
156.3966
156.422
156.4729
156.5136
156.5295
156.5476
156.5786
156.6163
156.6449
156.6498
156.6765
156.6962
156.7166
156.746
156.7843
156.8017
156.8334
156.8702
156.891
156.9222
156.9398
156.9661
156.9976
157.0071
157.0359
157.0634
157.0671
157.0779
157.0941
157.123
157.1389
157.166
157.1756
157.1847
157.2159
157.2386
157.2644
157.2988
157.3041
157.3325
157.3788
157.3937
157.4058
157.4148
157.4365
157.4585
157.4797
157.5028
157.5194
157.5757
157.6045
157.6523
157.6794
157.7168
157.7213
157.7466
157.806
157.834
157.8761
157.9104
157.9553
157.9704
158.0455
158.1063
158.1624
158.1776
158.2848
158.3205
158.377
158.4861
158.6175
158.8357
158.8709
158.9418
159.4534
159.7841
160.1901
160.2044
160.3097
160.4214
160.4931
160.7187
160.7288
161.1643
161.9585
162.113
162.2843
162.6908
162.7085
162.7122
162.7193
163.3402
163.3887
163.4056
163.4412
163.473
163.5431
163.565
163.5749
163.61
163.6134
163.6396
163.6698
163.679
163.6992
163.7175
163.7212
163.7446
163.7602
163.7815
163.7911
163.7982
163.8393
163.8626
163.8851
163.8931
163.9161
163.9346
163.9457
163.9604
163.9855
163.9911
164.0063
164.0339
164.0424
164.0727
164.0942
164.1259
164.1613
164.1935
164.2358
164.2923
164.2968
164.3407
164.422
165.0359
165.0678
165.0943
165.157
165.1928
165.208
165.2368
165.2577
165.2932
165.3131
165.3425
165.351
165.3643
165.3687
165.3965
165.4062
165.4119
165.4319
165.443
165.4502
165.4926
165.5264
165.5305
165.5538
165.5625
165.5726
165.5958
165.6135
165.6245
165.6416
165.6746
165.6797
165.7094
165.7326
165.7389
165.7571
165.7945
165.8263
165.8399
165.8874
165.9135
165.943
165.9715
166.0034
166.6341
166.7269
166.7751
166.8048
166.82
166.8555
166.8672
166.9168
166.9335
166.9475
166.9697
166.9774
167.0113
167.0342
167.038
167.0673
167.0845
167.0869
167.109
167.1215
167.1344
167.1499
167.164
167.1755
167.1796
167.2089
167.2233
167.2446
167.2514
167.2622
167.2764
167.2871
167.3112
167.3386
167.3635
167.3804
167.3911
167.4067
167.4301
167.4632
167.4922
167.5002
167.526
167.5607
167.5903
167.6456
167.7881
168.3057
168.3448
168.4206
168.4435
168.4744
168.5103
168.5387
168.5955
168.6091
168.6331
168.6451
168.6501
168.6798
168.6839
168.7084
168.725
168.7286
168.7575
168.7667
168.7959
168.8101
168.8364
168.8571
168.8657
168.8936
168.9102
168.9206
168.9362
168.9418
168.9519
168.9853
168.9914
169.0047
169.0219
169.0565
169.065
169.0773
169.1252
169.1468
169.1744
169.2094
169.2353
169.2638
169.3082
169.445
169.4603
169.5072
169.5461
169.5901
169.672
169.7237
169.7311
169.8761
169.925
170.0245
170.144
170.2018
170.223
170.2507
170.3974
170.4211
170.5754
173.9323
174.2759
174.28
174.2878
174.2913
174.3034
174.3346
174.3701
174.4031
174.4414
174.4578
174.4879
174.5054
174.9529
174.9938
175.0279
175.0475
175.0638
175.0928
175.127
175.1595
175.1897
175.2104
175.2229
175.2299
175.2349
175.2662
175.2805
175.2871
175.3077
175.3393
175.358
175.3686
175.3858
175.424
175.4286
175.4594
175.4703
175.477
175.4923
175.5077
175.5249
175.5516
175.5582
175.5647
175.5937
175.6024
175.6096
175.6293
175.6446
175.6516
175.6726
175.6953
175.7049
175.7224
175.7445
175.7542
175.7696
175.7761
175.7975
175.8078
175.8321
175.8611
175.8723
175.8936
175.9294
175.9413
175.9723
175.9795
176.025
176.1385
176.6209
176.7069
176.7828
176.8156
176.8253
176.8569
176.878
176.8912
176.9076
176.9223
176.938
176.9505
176.976
177.003
177.0151
177.0362
177.0575
177.0893
177.104
177.1274
177.1413
177.163
177.166
177.1955
177.2136
177.2229
177.2447
177.25
177.2679
177.29
177.3026
177.314
177.3368
177.3417
177.3587
177.3796
177.3876
177.4068
177.4275
177.4448
177.4576
177.4689
177.5018
177.5238
177.5348
177.5766
177.6063
177.6576
178.3385
178.3906
178.4295
178.4576
178.4687
178.5212
178.5275
178.5581
178.5692
178.5964
178.6283
178.6373
178.6779
178.6919
178.7059
178.7133
178.7354
178.7565
178.7797
178.7865
178.8092
178.8175
178.8221
178.8464
178.8644
178.8715
178.8899
178.9099
178.9323
178.9372
178.9561
178.9775
178.9841
179.0068
179.0342
179.0472
179.0631
179.0781
179.0958
179.1126
179.1273
179.1511
179.1639
179.1825
179.1979
179.21
179.29
179.329
179.8162
180.0579
180.0906
180.095
180.1211
180.1264
180.1521
180.1877
180.2126
180.2453
180.2638
180.2739
180.2959
180.3228
180.3295
180.3852
180.408
180.418
180.4364
180.4403
180.4575
180.4692
180.4859
180.5007
180.5061
180.5302
180.5352
180.5405
180.5616
180.5713
180.581
180.5967
180.6034
180.6069
180.623
180.6692
180.6743
180.7103
180.7156
180.7347
180.7469
180.7533
180.7714
180.7797
180.8058
180.8262
181.0484
181.0745
181.0946
185.8823
185.8998
186.0808
186.3051
186.3308
186.4014
186.4179
186.4349
186.4489
186.4827
186.4875
186.5069
186.5145
186.5381
186.5601
186.5651
186.5903
186.6102
186.6155
186.6356
186.6634
186.6756
186.7137
186.721
186.7425
186.7672
186.7861
186.7907
186.8024
186.8195
186.8236
186.8493
186.86
186.8773
186.9005
186.9119
186.9172
186.9274
186.9441
186.9669
186.9778
187.0022
187.0121
187.023
187.0341
187.0566
187.0735
187.1004
187.1067
187.1312
187.1676
187.1866
187.2037
187.2268
187.238
187.2737
187.2808
187.309
187.3248
187.3642
187.4159
187.4543
187.9632
188.0257
188.0628
188.0772
188.1255
188.1312
188.1461
188.1496
188.1748
188.1796
188.2065
188.2234
188.2632
188.2847
188.3175
188.3389
188.3422
188.3519
188.3813
188.3892
188.4033
188.4282
188.4347
188.4416
188.4679
188.487
188.4931
188.5159
188.5306
188.5456
188.5598
188.5932
188.6127
188.6188
188.6467
188.6554
188.6637
188.6795
188.6974
188.7201
188.7433
188.7561
188.7695
188.7904
188.8235
188.8381
188.8794
188.9009
188.9212
188.9529
188.9845
189.0317
189.1254
189.5094
189.649
189.6648
189.7065
189.7249
189.7332
189.7734
189.7957
189.8099
189.8321
189.8509
189.8776
189.8965
189.9151
189.9453
189.9596
189.987
189.9968
190.0334
190.0553
190.0682
190.0726
190.0961
190.1089
190.1155
190.1309
190.1597
190.1766
190.1932
190.2033
190.2209
190.2296
190.257
190.2748
190.2803
190.3013
190.3084
190.3349
190.3402
190.3514
190.3679
190.3873
190.4055
190.4249
190.4328
190.4494
190.486
190.517
190.5643
190.617
190.6653
190.6849
190.7754
190.8506
191.2764
191.3047
191.3574
191.3834
191.4094
191.4306
191.4676
191.479
191.5029
191.5347
191.5502
191.5892
191.6217
191.6289
191.6397
191.6562
191.6704
191.6906
191.7011
191.7044
191.7222
191.7468
191.763
191.78
191.7975
191.8027
191.821
191.8363
191.8566
191.8771
191.9024
191.9095
191.9381
191.9551
191.9675
192.0066
192.0119
192.0334
192.0549
192.0782
192.0875
192.1088
192.1424
192.1655
192.2123
192.2214
192.2766
192.3383
192.3532
192.3889
192.4736
192.4824
192.489
192.5034
192.5287
192.5697
192.5823
192.6046
192.6188
192.681
192.7287
192.7766
197.4495
197.4544
197.4602
197.4657
197.4847
197.5105
197.5765
197.5814
197.5951
197.5998
197.61
197.642
197.6471
197.6531
197.6732
197.6934
197.7223
197.7444
197.773
197.7823
197.8361
197.841
197.8728
197.8926
197.9146
197.9374
197.9673
197.9714
198.0198
198.0427
198.0506
198.0645
198.0915
198.1286
198.1465
198.1619
198.1813
198.2264
198.2533
198.2854
198.3739
198.4823
198.548
198.5908
198.6774
198.7073
198.7261
198.7443
198.7687
198.7944
198.8116
198.8309
198.8823
198.9083
198.9488
198.9765
198.9862
199
199.0309
199.0538
199.0658
199.0858
199.095
199.1216
199.1502
199.1787
199.1866
199.2119
199.2176
199.2339
199.2426
199.2525
199.272
199.2998
199.3391
199.3454
199.352
199.3795
199.3858
199.4312
199.4401
199.4607
199.477
199.5148
199.5567
199.5732
199.6157
199.6335
199.6689
199.7049
199.7212
199.7696
199.7777
199.8137
199.8608
199.9803
200.041
200.1568
200.243
200.3284
200.3632
200.3981
200.4283
200.4407
200.4622
200.4855
200.499
200.5454
200.5708
200.6049
200.628
200.653
200.688
200.7073
200.7284
200.754
200.7675
200.8022
200.818
200.8367
200.8598
200.875
200.8893
200.9161
200.9213
200.9392
200.9582
200.9725
200.9897
201.0211
201.0317
201.0631
201.0885
201.1062
201.1294
201.143
201.1674
201.1925
201.2161
201.2466
201.2722
201.2998
201.3097
201.3375
201.3727
201.4319
201.4614
201.5064
201.5428
201.5858
201.7455
201.8872
201.9425
201.9699
202.0316
202.067
202.0827
202.0999
202.1277
202.1514
202.1769
202.1822
202.2134
202.2196
202.2403
202.2753
202.2977
202.327
202.3379
202.3739
202.3893
202.3974
202.434
202.458
202.4643
202.4941
202.5077
202.5437
202.5634
202.5674
202.5886
202.6079
202.63
202.6348
202.6531
202.6857
202.695
202.7241
202.7553
202.7863
202.8179
202.8429
202.8769
202.9005
202.9273
202.9562
202.9732
203.0035
203.0547
203.0656
203.092
203.1169
203.1468
203.1962
203.2679
203.5938
203.6372
203.6986
203.7244
203.7526
203.7743
203.7976
203.8265
203.8301
203.8652
203.8986
203.9325
203.9369
203.9573
203.9865
203.9905
204.0338
204.0504
204.054
204.0648
204.0729
204.0844
204.137
204.1526
204.1709
204.2143
204.2229
204.2369
204.2414
204.2744
204.3136
204.3323
204.3398
204.3509
204.419
209.0344
209.0371
209.0474
209.0557
209.0605
209.134
209.1585
209.1647
209.1699
209.1929
209.199
209.2149
209.2212
209.2244
209.2271
209.2539
209.2589
209.2682
209.2942
209.3256
209.3309
209.3796
209.3873
209.4803
210.0643
210.1257
210.1528
210.1836
210.2157
210.2593
210.2662
210.2821
210.3082
210.3329
210.3541
210.3716
210.3804
210.3929
210.4268
210.4472
210.4541
210.4687
210.5009
210.5107
210.5294
210.541
210.5563
210.5671
210.5789
210.5973
210.6067
210.6247
210.6349
210.647
210.6583
210.6793
210.7153
210.7271
210.7337
210.7596
210.7663
210.7961
210.8
210.8205
210.8354
210.8556
210.8669
210.886
210.8928
210.9244
210.9486
210.9529
210.9833
211.0088
211.0241
211.0464
211.226
211.7027
211.7683
211.8047
211.8308
211.8453
211.8736
211.901
211.9354
211.9491
211.9653
212.0049
212.0312
212.0432
212.0595
212.0809
212.1057
212.121
212.143
212.1523
212.1654
212.1919
212.2067
212.2146
212.2285
212.2441
212.2611
212.2764
212.294
212.3022
212.3093
212.3305
212.3437
212.3574
212.3654
212.3817
212.4038
212.4124
212.4426
212.4556
212.5062
212.5385
212.5429
212.555
212.5729
212.5998
212.6263
212.6554
212.6633
212.6934
212.7292
212.7754
212.8361
213.4486
213.4834
213.5181
213.5484
213.5729
213.5995
213.6095
213.6422
213.6871
213.704
213.7253
213.7452
213.7745
213.7805
213.7982
213.8135
213.8203
213.8335
213.8477
213.8588
213.8764
213.8955
213.9118
213.9174
213.9316
213.9373
213.9476
213.9667
213.9936
214.0151
214.0276
214.0547
214.0688
214.0962
214.1132
214.1396
214.1679
214.1726
214.1777
214.2187
214.2377
214.2649
214.2717
214.3106
214.3381
214.4093
214.6528
215.0232
215.0969
215.1287
215.1987
215.2389
215.2486
215.2937
215.3068
215.334
215.3524
215.3687
215.38
215.4003
215.4146
215.4466
215.4536
215.47
215.5104
215.5164
215.5281
215.5328
215.5493
215.5622
215.6001
215.6048
215.6138
215.6333
215.6453
215.6741
215.7025
215.7335
215.7678
215.7724
215.7905
215.8411
215.8499
215.8601
215.8687
215.8831
215.9003
215.971
216.0275
216.031
216.0463
216.0576
216.0859
216.1126
216.116
216.1752
216.2187
216.2933
216.3919
216.4363
216.5237
220.6147
220.6184
220.6207
220.6254
220.6324
220.6359
220.6429
220.6687
220.7001
220.7225
220.7343
220.7628
220.7859
220.7917
220.8069
220.8279
220.8591
220.869
220.883
220.9167
220.9229
220.9486
221.0143
221.0439
221.3139
221.599
221.6572
221.6868
221.7235
221.7444
221.7728
221.7772
221.8076
221.817
221.8318
221.8546
221.8642
221.8841
221.8963
221.9136
221.917
221.9249
221.9452
221.9547
221.9736
221.9793
221.9939
222.0037
222.0257
222.0452
222.0604
222.0825
222.0882
222.1053
222.1312
222.1373
222.1425
222.1592
222.1682
222.1843
222.1961
222.2056
222.2135
222.2444
222.2538
222.2628
222.2792
222.3074
222.3306
222.3379
222.3625
222.4044
222.4107
222.4277
222.4554
222.4794
222.4963
222.5038
222.5641
222.6004
222.6778
223.3003
223.3338
223.3702
223.4034
223.4376
223.4416
223.4794
223.5039
223.5174
223.526
223.5351
223.5602
223.5808
223.5934
223.6023
223.6267
223.6456
223.6516
223.668
223.6753
223.6924
223.7017
223.7104
223.7377
223.7533
223.7606
223.7735
223.7887
223.7959
223.8221
223.8389
223.8481
223.8528
223.8685
223.8843
223.9033
223.9205
223.9326
223.9615
223.9651
223.983
224.0063
224.0401
224.0666
224.0699
224.1164
224.1439
224.1696
224.1949
224.1984
224.2293
224.2806
224.3202
224.3271
224.8718
224.9977
225.0224
225.0318
225.0677
225.11
225.1149
225.146
225.1675
225.1911
225.2067
225.2328
225.2403
225.259
225.2801
225.2845
225.3017
225.3106
225.3207
225.338
225.3448
225.3596
225.3768
225.3955
225.4274
225.4409
225.4491
225.4669
225.4709
225.4836
225.5051
225.5256
225.5418
225.5669
225.5754
225.5938
225.6294
225.6454
225.677
225.7043
225.7211
225.7649
225.7928
225.8005
225.8332
225.8824
225.9315
225.9377
226.1214
226.5926
226.6379
226.6841
226.714
226.7348
226.7538
226.7594
226.7833
226.8306
226.8355
226.8589
226.87
226.8853
226.8971
226.9094
226.9237
226.9303
226.9469
226.9593
226.9714
227.0076
227.0119
227.0229
227.037
227.0442
227.0515
227.0665
227.0871
227.1061
227.1211
227.1455
227.1523
227.1742
227.1822
227.2101
227.3731
227.3826
227.4402
227.4526
227.4872
227.5617
227.6251
227.6353
227.6545
227.6684
227.6938
227.7729
227.7896
227.8572
227.9084
227.9334
227.9613
227.9977
228.063
228.1077
228.1302
228.159
228.3108
228.3613
228.4077
228.5461
228.6111
228.841
228.924
229.1044
229.2754
229.3462
229.355
229.6093
229.8009
229.8714
229.905
230.1291
230.3344
230.361
230.5502
230.5945
230.6244
230.9098
231.0167
231.2267
231.301
231.7655
231.7819
231.9033
231.9221
232.2033
232.21
232.2195
232.2256
232.3323
232.3515
232.3609
232.3686
232.3777
232.394
232.3987
232.4081
232.4259
232.44
232.4639
232.4831
232.4901
232.5055
232.5223
232.5286
232.5499
232.5591
232.588
232.6289
232.6597
232.7204
232.7251
232.7592
232.818
232.8884
232.9493
233.234
233.3789
233.4201
233.4849
233.5196
233.537
233.5667
233.5725
233.5986
233.6266
233.6736
233.7062
233.7154
233.7313
233.7382
233.7546
233.7703
233.7989
233.8118
233.8201
233.835
233.8608
233.8677
233.8977
233.9233
233.94
233.9616
233.9924
234.0002
234.0242
234.0367
234.0521
234.0623
234.0775
234.1052
234.1147
234.1188
234.1396
234.1454
234.1546
234.1749
234.2053
234.2175
234.231
234.2633
234.3004
234.3345
234.3684
234.4146
234.4383
234.5164
234.5644
234.6114
234.6389
234.7145
235.0352
235.0812
235.1214
235.1473
235.2116
235.244
235.2618
235.2932
235.325
235.3466
235.3748
235.3838
235.4189
235.4262
235.4637
235.4996
235.5041
235.5203
235.5488
235.5538
235.5798
235.592
235.6162
235.6427
235.6594
235.6653
235.6817
235.7041
235.7373
235.7424
235.7522
235.7705
235.7808
235.8049
235.8131
235.8426
235.8469
235.8533
235.8682
235.8808
235.9046
235.9105
235.9314
235.9745
235.9803
236.0198
236.049
236.094
236.1123
236.2195
236.4517
236.6416
236.7758
236.8046
236.8397
236.8744
236.8804
236.9189
236.9419
236.9875
236.9953
237.0132
237.0375
237.0632
237.0793
237.113
237.1217
237.1607
237.1972
237.2011
237.2195
237.2418
237.2571
237.2662
237.2839
237.316
237.336
237.3438
237.3689
237.3786
237.3854
237.4086
237.4362
237.4632
237.4789
237.4954
237.5085
237.5276
237.5417
237.567
237.5789
237.5937
237.6409
237.6459
237.6609
237.6855
237.711
237.7331
237.7624
237.8107
238.0836
238.3881
238.4197
238.4509
238.4682
238.5194
238.5541
238.6011
238.6315
238.6522
238.6757
238.6885
238.7006
238.7138
238.7375
238.7615
238.7719
238.7862
238.8013
238.8039
238.8117
238.8344
238.863
238.8699
238.8824
238.8961
238.9038
238.924
238.949
238.9674
238.9929
239.0204
239.0467
239.0716
239.1025
239.1264
239.1627
239.2049
239.2445
239.2982
239.3286
239.3386
239.4079
239.4119
239.5125
239.5189
239.5437
239.6177
239.655
239.6724
239.7388
239.7541
239.8156
239.9195
239.9319
240.0062
240.1553
240.3038
240.3354
240.4249
240.651
240.7004
240.7953
241.0879
241.2124
241.538
241.8231
241.9708
242.085
242.3228
242.3505
242.4379
242.8823
242.8899
243.3018
243.4053
243.795
243.8032
243.9624
244.1054
244.1583
244.1751
244.2044
244.2464
244.2701
244.2919
244.3428
244.3664
244.3916
244.4264
244.4389
244.4595
244.4754
244.4885
244.5046
244.532
244.543
244.5832
244.6305
244.638
244.6593
244.6858
244.7278
244.7574
244.7694
244.7761
244.7982
244.8342
244.8573
244.8611
244.892
244.9114
244.9242
244.9659
244.973
245.0001
245.0379
245.0513
245.0608
245.0917
245.1069
245.1168
245.1456
245.1737
245.1985
245.2224
245.262
245.2886
245.3127
245.3466
245.3581
245.4271
245.6526
245.7685
245.8331
245.8883
245.9108
245.936
245.9619
245.9835
246.0173
246.034
246.0497
246.0682
246.1383
246.1671
246.1793
246.1954
246.2205
246.2406
246.2786
246.2894
246.3165
246.363
246.3812
246.3994
246.4131
246.4557
246.4602
246.4751
246.4925
246.5036
246.5172
246.5293
246.5678
246.5866
246.5987
246.6267
246.6523
246.6847
246.7105
246.729
246.7395
246.7636
246.7849
246.8008
246.8078
246.8452
246.9154
246.9303
246.9957
247.038
247.1095
247.1369
247.2872
247.371
247.4491
247.4731
247.5044
247.5468
247.5785
247.5839
247.621
247.6337
247.6576
247.7158
247.7354
247.7602
247.7871
247.8246
247.842
247.8695
247.879
247.9075
247.9528
247.9702
247.9983
248.0196
248.0513
248.0861
248.0985
248.1019
248.126
248.137
248.1618
248.1932
248.1978
248.2154
248.2625
248.268
248.2733
248.3109
248.3358
248.3582
248.4012
248.4238
248.4455
248.4574
248.471
248.507
248.5404
248.5787
248.6081
248.7145
248.9104
248.9773
249.0234
249.1282
249.1466
249.1789
249.1935
249.2181
249.2452
249.2828
249.3117
249.3396
249.3526
249.3893
249.4085
249.4179
249.4688
249.4915
249.5181
249.5443
249.5526
249.5736
249.6414
249.6491
249.6736
249.696
249.7011
249.7409
249.7458
249.7775
249.8113
249.8203
249.8423
249.8746
249.8951
249.9031
249.9096
249.9524
249.9746
249.9798
250.0242
250.042
250.0678
250.0919
250.1147
250.1249
250.1375
250.1647
250.1951
250.2063
250.249
250.3163
250.3795
250.389
250.3959
250.4967
250.536
250.5393
250.5816
250.5891
250.6342
250.6662
250.685
250.7201
250.7661
250.7798
250.7885
250.8081
250.8413
250.8851
250.8987
250.9942
251.0706
251.2623
251.3026
251.4304
251.6854
251.8161
251.9925
253.2853
253.598
254.2143
254.2451
254.2497
254.3972
254.5971
254.9569
254.9954
255.3028
255.3651
255.3717
255.3896
255.4019
255.5299
256.0547
256.0789
256.141
256.1494
256.2068
256.2102
256.2248
256.2482
256.2691
256.2879
256.3107
256.3342
256.3428
256.3633
256.3938
256.4141
256.4264
256.4349
256.4399
256.4511
256.4724
256.4821
256.5042
256.514
256.5309
256.5392
256.5603
256.5695
256.5781
256.6007
256.6083
256.633
256.6391
256.6628
256.6689
256.7033
256.7102
256.7234
256.7551
256.7806
256.8109
256.8384
256.8441
256.9268
256.9486
256.9636
257.0046
257.0474
257.1677
257.7412
257.7813
257.8164
257.8421
257.8609
257.8837
257.9009
257.9322
257.9616
257.9806
258.0032
258.0363
258.0591
258.0775
258.0866
258.0932
258.1152
258.1212
258.1289
258.1389
258.1506
258.1625
258.1793
258.1915
258.2035
258.2114
258.2272
258.2463
258.2532
258.283
258.2947
258.3012
258.3538
258.3598
258.3844
258.4084
258.4297
258.4352
258.4494
258.4872
258.5344
258.5873
258.6059
258.6534
258.6947
258.7808
259.3633
259.3998
259.4478
259.4697
259.5198
259.5434
259.5565
259.5987
259.6289
259.6379
259.662
259.6816
259.6889
259.7147
259.7214
259.7447
259.763
259.7799
259.8033
259.828
259.8536
259.8567
259.8953
259.9114
259.9235
259.9315
259.9567
259.9728
259.9991
260.0032
260.0261
260.0448
260.0505
260.095
260.111
260.132
260.169
260.1929
260.2367
260.247
260.2756
260.2929
260.3343
261.0216
261.0586
261.0724
261.1158
261.1413
261.1712
261.1752
261.231
261.2525
261.2683
261.2814
261.3
261.3054
261.3161
261.3355
261.3465
261.3727
261.381
261.3897
261.4016
261.4198
261.4309
261.4596
261.4892
261.4961
261.5027
261.5198
261.5271
261.5494
261.5608
261.5781
261.6095
261.6187
261.6371
261.6491
261.6576
261.6708
261.6845
261.7017
261.7193
261.7335
261.8102
261.8337
261.868
261.8912
261.899
261.9803
261.9934
262.1206
262.1256
262.182
262.2168
262.2793
262.3373
262.3643
262.3788
262.3998
262.494
262.6267
262.6701
265.9863
266.9507
266.9547
266.9604
266.9656
266.9693
266.9914
267.0693
267.074
267.1131
267.1177
267.1251
267.613
267.6392
267.6693
267.6723
267.7045
267.7376
267.7575
267.7947
267.8343
267.8596
267.8735
267.8922
267.9167
267.9378
267.9507
267.9872
268.0117
268.0318
268.0418
268.0464
268.0752
268.08
268.101
268.1154
268.1271
268.152
268.1606
268.1811
268.1898
268.2095
268.2281
268.2535
268.2687
268.2806
268.297
268.3036
268.3214
268.3278
268.3343
268.3518
268.3689
268.3757
268.386
268.4091
268.4171
268.4354
268.4566
268.4684
268.4746
268.4898
268.5106
268.5239
268.5385
268.571
268.592
268.6094
268.6392
268.6737
269.3329
269.3755
269.4163
269.4387
269.4606
269.4735
269.4949
269.5213
269.5384
269.5718
269.5839
269.6033
269.6216
269.6635
269.6744
269.7031
269.7233
269.7306
269.747
269.769
269.7995
269.8272
269.8343
269.8386
269.863
269.8757
269.8987
269.9225
269.9288
269.9408
269.9671
269.9727
269.9856
270.0037
270.0159
270.0303
270.0481
270.0764
270.0852
270.1112
270.1149
270.1291
270.1473
270.1658
270.1781
270.2065
270.2196
270.2753
270.3009
270.4091
270.9801
271.0295
271.0969
271.1127
271.127
271.1434
271.1859
271.2094
271.2177
271.2278
271.254
271.2855
271.2989
271.325
271.3355
271.3489
271.3542
271.3748
271.38
271.3931
271.3965
271.4303
271.4441
271.4485
271.4647
271.4843
271.5026
271.5236
271.5431
271.5518
271.5648
271.6044
271.6264
271.6507
271.6613
271.6843
271.7183
271.7268
271.7456
271.7715
271.7833
271.7932
271.8181
271.8263
271.8485
271.8777
271.942
271.9559
272.0308
272.7141
272.7272
272.7665
272.7887
272.8036
272.8371
272.8527
272.8653
272.892
272.9259
272.941
272.9666
272.9741
273.0016
273.0208
273.0296
273.0613
273.0812
273.0986
273.1147
273.1188
273.1484
273.1515
273.1614
273.1823
273.1857
273.2059
273.2245
273.2396
273.245
273.2595
273.2738
273.2815
273.2942
273.3135
273.3361
273.348
273.3633
273.3757
273.3892
273.3962
273.4083
273.4297
273.4403
273.4642
273.4871
273.4941
273.5153
273.5624
273.7089
273.7408
273.7581
273.8325
273.8604
273.8648
273.888
273.9149
273.9525
274.0518
278.5604
278.7038
278.7438
278.8014
278.9468
279.0294
279.0853
279.0879
279.1238
279.1331
279.159
279.176
279.1811
279.1901
279.2033
279.2075
279.2229
279.2514
279.2801
279.307
279.3275
279.3373
279.3694
279.3813
279.3911
279.4073
279.4278
279.4447
279.4488
279.4618
279.4801
279.4894
279.4945
279.508
279.523
279.5486
279.5556
279.5602
279.5746
279.5932
279.5975
279.6034
279.6469
279.6564
279.6738
279.6951
279.7167
279.7355
279.7527
279.7602
279.7916
279.807
279.8138
279.8377
279.8582
279.891
279.9315
279.9604
279.9862
280.0119
280.0368
280.0477
280.0853
280.2021
280.4802
280.6705
280.7237
280.7588
280.7752
280.7797
280.809
280.8337
280.8644
280.87
280.8794
280.9021
280.9188
280.941
280.9611
280.9865
281.0139
281.0507
281.058
281.0841
281.0997
281.1071
281.1156
281.1375
281.1442
281.1532
281.1639
281.2069
281.2103
281.2249
281.2463
281.2507
281.2862
281.2987
281.3219
281.327
281.3561
281.3732
281.3968
281.4019
281.4161
281.4459
281.4659
281.4911
281.5027
281.5199
281.5359
281.5752
281.5903
281.641
281.6786
281.6861
281.7309
281.7619
282.3003
282.3898
282.3968
282.4224
282.4562
282.4692
282.4952
282.5012
282.5327
282.5709
282.5803
282.6054
282.6348
282.6429
282.6752
282.6835
282.7026
282.7156
282.7321
282.7512
282.7694
282.7776
282.8014
282.8077
282.8237
282.8275
282.8524
282.8751
282.8969
282.9053
282.9267
282.9504
282.9705
282.9779
282.9921
283.0132
283.0622
283.0766
283.0857
283.1108
283.1278
283.1321
283.1533
283.1586
283.2478
283.2516
283.272
283.3039
283.3169
283.3636
283.3873
283.8612
283.9221
284.0108
284.048
284.0821
284.0905
284.1012
284.1229
284.1293
284.1445
284.1653
284.1906
284.1972
284.2171
284.2386
284.2439
284.2802
284.3042
284.3255
284.3398
284.3501
284.3559
284.3786
284.3942
284.406
284.4234
284.4314
284.4483
284.4724
284.4761
284.4847
284.5192
284.5317
284.5639
284.5806
284.6014
284.6089
284.6296
284.6387
284.6637
284.6993
284.7268
284.7543
284.7942
284.7986
284.8359
284.8644
284.8857
284.9146
284.9957
285.0104
285.0344
285.078
285.1418
285.1531
285.1609
285.1771
285.2208
285.2344
285.2606
285.3106
285.3318
285.338
285.3464
285.376
285.3866
285.4109
285.4982
290.1213
290.1257
290.1291
290.146
290.157
290.2213
290.2552
290.2592
290.286
290.3056
290.3161
290.3273
290.3503
290.3687
290.3782
290.3911
290.3946
290.4296
290.4559
290.4841
290.5182
290.5278
290.5421
290.5499
290.5836
290.5893
290.6285
290.6451
290.6622
290.6789
290.7023
290.7234
290.7717
290.8006
290.818
290.8359
290.8554
290.8989
290.9165
290.9894
291.0582
291.1755
291.3058
291.359
291.3718
291.3881
291.4134
291.4214
291.4675
291.4886
291.5119
291.531
291.5534
291.5716
291.5908
291.6111
291.6352
291.6596
291.6766
291.6985
291.7373
291.7553
291.7648
291.7877
291.8171
291.8324
291.8557
291.8708
291.8944
291.8981
291.9313
291.9646
291.9938
292.013
292.022
292.0294
292.0531
292.0785
292.104
292.1307
292.1535
292.1727
292.1934
292.2271
292.2619
292.2921
292.3094
292.332
292.355
292.3974
292.421
292.4363
292.4687
292.4902
292.5113
292.5524
292.6467
292.7128
292.9003
292.9154
293.0082
293.0929
293.1054
293.1299
293.16
293.1857
293.2465
293.2555
293.2817
293.3208
293.349
293.3795
293.3922
293.3971
293.4223
293.4314
293.4541
293.4793
293.5063
293.5193
293.542
293.5616
293.5745
293.5955
293.6102
293.6355
293.6478
293.6651
293.6842
293.7057
293.7422
293.7699
293.8058
293.8365
293.901
293.9169
293.9365
293.9926
294.0151
294.0401
294.0641
294.0914
294.1477
294.1562
294.1882
294.2254
294.3456
294.4867
294.581
294.644
294.6986
294.713
294.7473
294.7882
294.823
294.8315
294.8597
294.8917
294.9157
294.9265
294.9483
294.9859
295.0189
295.0225
295.0533
295.0751
295.0811
295.0989
295.1192
295.1404
295.1512
295.1762
295.2013
295.2112
295.2243
295.2462
295.2638
295.2854
295.3075
295.3247
295.349
295.3556
295.3765
295.4041
295.4393
295.4612
295.4819
295.5039
295.5175
295.5337
295.5539
295.5661
295.5876
295.6202
295.6336
295.6507
295.6756
295.6901
295.7262
295.7445
295.7798
295.8642
295.9162
295.9938
296.1407
296.2606
296.3488
296.3679
296.3992
296.4398
296.4824
296.5155
296.5218
296.5471
296.5639
296.6202
296.6463
296.6611
296.6809
296.698
296.7185
296.7292
296.7342
296.7433
296.752
296.7663
296.7982
296.8378
296.8658
296.8735
296.879
296.8955
296.9116
296.9335
296.9522
296.9809
297.013
297.0426
297.0743
297.117
301.7077
301.7135
301.7208
301.7237
301.7401
301.7763
301.784
301.8207
301.8335
301.8493
301.8548
301.8777
301.8812
301.884
301.8892
301.9064
301.9144
301.9352
301.9418
301.9657
301.989
302.0265
302.0503
302.0578
302.0907
302.3903
302.6575
302.8133
302.8391
302.8634
302.8879
302.9138
302.9323
302.9505
302.9599
303.0148
303.0413
303.0561
303.071
303.0966
303.1018
303.1174
303.1359
303.1478
303.1644
303.1827
303.1949
303.2055
303.2222
303.2377
303.2449
303.263
303.2729
303.2843
303.2891
303.2987
303.3183
303.3257
303.3302
303.3619
303.3728
303.3928
303.4056
303.4242
303.4394
303.4611
303.4711
303.4947
303.5049
303.5139
303.5528
303.5668
303.5813
303.6023
303.6328
303.6554
303.6996
303.7078
303.762
303.794
303.8209
304.4103
304.4536
304.4825
304.5281
304.5534
304.5593
304.6002
304.6345
304.644
304.6688
304.6819
304.7071
304.7284
304.7362
304.7556
304.7717
304.7815
304.7887
304.8072
304.8244
304.8387
304.868
304.8712
304.8762
304.8977
304.9247
304.9292
304.9672
304.9861
304.9905
305.0137
305.0221
305.0441
305.0518
305.0681
305.0785
305.1
305.1282
305.1559
305.1735
305.195
305.2064
305.2102
305.2404
305.2524
305.2755
305.3189
305.3405
305.3602
305.3955
305.435
305.4772
306.0489
306.1079
306.177
306.2213
306.24
306.2587
306.2807
306.2947
306.3107
306.3469
306.3641
306.3945
306.4006
306.4336
306.4387
306.469
306.4813
306.4927
306.5212
306.5295
306.5392
306.5471
306.5685
306.5918
306.5981
306.6082
306.6297
306.6399
306.6524
306.659
306.6749
306.6805
306.7018
306.7135
306.7408
306.7677
306.7844
306.7917
306.8104
306.8406
306.8512
306.8771
306.9038
306.9302
306.949
306.9744
307.0243
307.0695
307.1628
307.2346
307.6969
307.7901
307.8234
307.8328
307.8689
307.8753
307.9088
307.926
307.956
308.0049
308.0098
308.0339
308.0376
308.0729
308.0819
308.1065
308.1136
308.1431
308.1593
308.1651
308.1895
308.2067
308.2258
308.2447
308.2631
308.274
308.3064
308.3189
308.3295
308.4202
308.4306
308.4379
308.4713
308.4798
308.5027
308.5317
308.5671
308.5822
308.6101
308.6303
308.6369
308.6587
308.6741
308.703
308.7431
308.7589
308.8541
308.8782
308.8974
308.912
308.9287
308.9884
309.0215
309.0347
309.0978
309.1328
309.1895
309.1985
313.2879
313.2906
313.295
313.3001
313.315
313.3227
313.3713
313.3761
313.3915
313.4083
313.4255
313.4606
313.4742
313.4917
313.5474
313.5531
313.5596
313.5729
313.5932
313.6073
313.6251
313.6473
313.7157
313.7814
314.2801
314.354
314.3687
314.403
314.4375
314.444
314.4703
314.4798
314.4989
314.5079
314.5215
314.5467
314.5528
314.5674
314.5766
314.5939
314.6037
314.6227
314.6294
314.6534
314.6611
314.6819
314.6922
314.7161
314.7261
314.7334
314.7497
314.7543
314.7674
314.7945
314.8042
314.8176
314.8392
314.8593
314.8691
314.8866
314.8994
314.9144
314.9184
314.9486
314.9524
314.9888
315.0109
315.0241
315.0475
315.0608
315.0781
315.1091
315.1437
315.1707
315.1884
315.2192
315.2389
315.2837
315.3102
315.3483
316.0072
316.0444
316.074
316.0852
316.1013
316.1188
316.1434
316.1638
316.1746
316.1897
316.2305
316.2354
316.2513
316.2712
316.2768
316.2892
316.3013
316.3226
316.3286
316.355
316.3625
316.3816
316.3875
316.3965
316.4138
316.4384
316.4589
316.4666
316.4703
316.5002
316.506
316.5226
316.5264
316.5492
316.5694
316.5976
316.6255
316.6435
316.6625
316.6785
316.7038
316.711
316.7162
316.7407
316.7643
316.7801
316.7835
316.8718
316.8832
316.9437
316.9536
317.104
317.5816
317.65
317.6938
317.7308
317.75
317.7909
317.802
317.8083
317.8378
317.8687
317.8751
317.8949
317.9185
317.9356
317.9452
317.9518
317.9784
317.9835
318.0039
318.0185
318.0262
318.0584
318.0715
318.0789
318.0976
318.1107
318.1296
318.133
318.1506
318.1598
318.1771
318.1932
318.2123
318.2184
318.2431
318.2599
318.2685
318.2909
318.3198
318.3317
318.339
318.3719
318.3926
318.4114
318.4504
318.4542
318.4823
318.4922
318.5213
318.5407
318.5677
318.6037
318.6397
318.732
319.288
319.308
319.3443
319.3595
319.3687
319.39
319.4217
319.4341
319.4574
319.4855
319.5099
319.5314
319.5357
319.5492
319.5757
319.5907
319.5998
319.6223
319.6337
319.6388
319.6635
319.671
319.6913
319.7001
319.7184
319.7296
319.754
319.7682
319.7841
319.8035
319.8109
319.8193
319.8364
319.8678
320.0226
320.0532
320.0666
320.1275
320.1815
320.1918
320.2257
320.2796
320.2998
320.3386
320.4666
320.4962
320.5602
320.6233
320.6472
320.8134
320.8321
320.8594
320.8856
320.9302
320.9654
321.058
321.17
321.3354
321.4051
321.4187
321.5575
321.6533
321.8067
321.857
321.9002
321.9293
322.1016
322.1361
322.1475
322.3154
324.8949
324.901
324.9086
325.0022
325.009
325.0211
325.0278
325.0576
325.0677
325.071
325.0855
325.0887
325.0937
325.1014
325.1208
325.1311
325.1362
325.151
325.1601
325.173
325.1895
325.1962
325.2282
325.2386
325.2655
325.2856
325.2962
325.336
325.3597
325.3653
325.3876
325.4267
325.459
325.4919
325.5195
325.5666
326.0055
326.0563
326.1265
326.1731
326.1994
326.229
326.2638
326.2862
326.3159
326.3541
326.3779
326.3924
326.403
326.4255
326.4365
326.4485
326.4702
326.4852
326.4924
326.4961
326.5122
326.5396
326.5433
326.5754
326.5834
326.5963
326.6078
326.6146
326.6345
326.6551
326.671
326.6905
326.7051
326.7124
326.7176
326.7379
326.7549
326.7717
326.7903
326.8028
326.8138
326.8414
326.855
326.8844
326.9042
326.9218
326.9368
326.9626
327.0097
327.0234
327.0541
327.115
327.1592
327.2097
327.2499
327.7238
327.7817
327.7872
327.8254
327.8706
327.8958
327.9363
327.971
327.9831
328.0114
328.0219
328.0395
328.057
328.0746
328.0999
328.1203
328.1269
328.1501
328.1611
328.1903
328.213
328.2267
328.2409
328.2572
328.2799
328.2922
328.3095
328.324
328.3441
328.3512
328.3555
328.3796
328.3901
328.4092
328.4315
328.4525
328.46
328.4672
328.4802
328.4883
328.4996
328.5044
328.5283
328.5408
328.5526
328.5933
328.6044
328.6213
328.626
328.679
328.7356
328.749
328.7538
328.8501
329.3219
329.4328
329.4838
329.4951
329.5225
329.5599
329.5897
329.6226
329.6617
329.6867
329.6913
329.7127
329.7304
329.754
329.778
329.7842
329.7914
329.8337
329.8623
329.8853
329.8995
329.9142
329.9245
329.9423
329.9665
329.9832
329.9945
330.0112
330.0256
330.0395
330.0458
330.0675
330.0975
330.1039
330.1278
330.1342
330.1555
330.1592
330.1964
330.2056
330.2228
330.2458
330.2692
330.286
330.2951
330.3298
330.3604
330.3857
330.4529
330.4891
330.5459
331.0331
331.0535
331.1411
331.1722
331.2043
331.2475
331.257
331.2894
331.3158
331.3266
331.3484
331.375
331.3964
331.4037
331.426
331.4479
331.4605
331.4744
331.4801
331.4828
331.4876
331.5114
331.5211
331.5242
331.5427
331.5567
331.5742
331.5966
331.6222
331.6341
331.6409
331.6587
331.6634
331.6857
331.7221
331.7482
331.7611
331.7728
331.8119
331.8187
331.8374
331.847
331.8634
331.9107
331.9243
331.944
331.9626
332.0223
332.0343
332.121
332.1434
332.1747
332.1981
332.2463
332.2634
332.3581
332.3724
332.4041
332.4612
332.5433
332.6031
332.8074
332.8248
333.0816
333.1221
333.2229
333.2954
333.4615
333.5572
333.5893
333.6899
333.7405
333.7562
334.009
334.1903
334.2848
334.5116
334.6405
334.6883
334.8515
334.9707
335.2656
335.3467
335.4408
335.5199
335.6041
335.7325
335.9016
335.9406
336.106
336.2014
336.4553
336.4643
336.4887
336.6489
336.7664
336.8042
336.8699
336.9001
336.9246
336.9578
337.0054
337.0667
337.0863
337.0956
337.1145
337.1442
337.1671
337.1888
337.1949
337.2077
337.2275
337.2642
337.3037
337.3362
337.3863
337.4224
337.4342
337.4615
337.4873
337.4914
337.5096
337.5387
337.5686
337.5877
337.609
337.6167
337.6325
337.6547
337.6856
337.7106
337.7424
337.746
337.7686
337.7888
337.8049
337.8296
337.8445
337.8732
337.9112
337.9633
337.9889
338.041
338.2356
338.3111
338.4205
338.4499
338.5234
338.5417
338.5746
338.5965
338.6296
338.6615
338.6679
338.7223
338.7394
338.7616
338.8
338.8163
338.8356
338.8732
338.9242
338.9292
338.9584
338.9949
339.0016
339.0302
339.0496
339.0885
339.1101
339.1134
339.1294
339.1552
339.1983
339.2055
339.2227
339.2504
339.253
339.2687
339.2845
339.3152
339.3393
339.3566
339.3619
339.4091
339.4349
339.4653
339.4936
339.5041
339.5639
339.5858
339.609
339.7097
340.0655
340.0927
340.1328
340.1856
340.2
340.2412
340.2799
340.3032
340.372
340.4013
340.434
340.4502
340.4549
340.4897
340.5269
340.5451
340.5497
340.5804
340.611
340.6204
340.6372
340.689
340.7091
340.731
340.7403
340.7646
340.7765
340.7942
340.81
340.8174
340.845
340.8495
340.8638
340.9072
340.9127
340.953
340.9759
340.997
341.0092
341.0275
341.0387
341.0673
341.091
341.102
341.1142
341.1268
341.1603
341.2
341.2209
341.3174
341.427
341.6056
341.6321
341.7498
341.7849
341.7892
341.8255
341.8328
341.8486
341.8773
341.9074
341.9394
341.9801
341.9962
342.046
342.0736
342.1168
342.1209
342.1429
342.1674
342.1947
342.2196
342.2331
342.2898
342.2928
342.3256
342.3784
342.3996
342.4103
342.4298
342.4397
342.4549
342.4776
342.4949
342.4987
342.5386
342.5534
342.5831
342.6227
342.6356
342.6695
342.6796
342.6873
342.7136
342.7479
342.7507
342.7715
342.7764
342.8017
342.8128
342.8295
342.8574
342.9103
342.9137
342.9266
342.9486
342.9967
343.0585
343.0653
343.0698
343.104
343.1615
343.1874
343.1959
343.2046
343.2586
343.28
343.3375
343.3683
343.3927
343.441
343.5181
343.5421
343.6477
343.6611
343.6844
343.769
343.8256
344.0343
344.0947
344.1266
344.1408
344.2993
344.489
344.5993
344.9644
345.0874
345.1565
345.4685
345.6355
345.7695
345.7957
345.9428
346.1734
346.312
346.5831
346.6656
346.952
347.0704
347.3535
347.3964
347.7048
347.9457
347.9984
348.028
348.0364
348.0484
348.201
348.2044
348.7144
348.7425
348.783
348.7992
348.8345
348.8947
348.9098
348.9269
348.9457
348.9634
348.9891
349.0019
349.0221
349.032
349.0528
349.0746
349.0821
349.1007
349.1106
349.1196
349.133
349.1482
349.1594
349.1832
349.198
349.2164
349.2262
349.2421
349.274
349.2824
349.2994
349.3029
349.3324
349.3403
349.3589
349.3779
349.3837
349.4079
349.4193
349.4337
349.4532
349.4737
349.4916
349.5249
349.5511
349.5664
349.5777
349.6226
349.6372
349.6866
349.7054
349.7603
349.8114
350.325
350.4294
350.4655
350.5226
350.5379
350.5697
350.6185
350.6218
350.6395
350.6642
350.678
350.6966
350.7224
350.7553
350.7625
350.7714
350.775
350.7913
350.7964
350.8195
350.8308
350.8492
350.8677
350.8752
350.8884
350.9123
350.922
350.9457
350.9531
350.9742
350.996
351.0138
351.0559
351.0668
351.0796
351.0929
351.0971
351.1261
351.158
351.1859
351.1985
351.27
351.2916
351.3991
351.9449
352.0754
352.1205
352.1748
352.2345
352.2651
352.2916
352.3026
352.3164
352.3248
352.3528
352.3632
352.3784
352.3909
352.4055
352.4149
352.4255
352.4452
352.4489
352.4715
352.4872
352.4998
352.5121
352.5309
352.5456
352.5637
352.5695
352.5856
352.5908
352.6101
352.6297
352.6665
352.6815
352.6948
352.7266
352.755
352.7587
352.7912
352.8208
352.8678
352.8984
352.9364
352.9611
353.0009
353.0297
353.203
353.7082
353.7329
353.7905
353.8232
353.8509
353.8946
353.9179
353.9223
353.9428
353.9543
353.9908
354.0086
354.0148
354.0388
354.05
354.0651
354.0695
354.0981
354.1138
354.1272
354.1493
354.1611
354.1876
354.1931
354.2012
354.2183
354.2226
354.2412
354.2468
354.2664
354.2785
354.3124
354.3214
354.3326
354.3582
354.3625
354.3855
354.4089
354.4334
354.4567
354.4624
354.4887
354.5145
354.5276
354.5797
354.5884
354.6484
354.657
354.6782
354.7812
354.842
354.8888
354.9201
354.9611
354.9817
355.0514
355.0633
355.1698
355.2677
355.4382
355.4582
355.7148
355.7749
355.786
356.0021
356.0258
356.2661
356.3892
356.5663
357.0371
357.272
358.0814
358.0996
358.2876
358.3298
358.5574
359.1661
359.3816
359.5203
359.6172
359.6208
359.6263
359.6301
359.6374
359.6427
359.7376
359.7755
359.8314
360.3185
360.3884
360.4004
360.4176
360.435
360.5
360.5208
360.5274
360.531
360.5513
360.5682
360.6088
360.6343
360.6487
360.6784
360.7031
360.7196
360.7269
360.7513
360.7756
360.7875
360.7924
360.8166
360.8217
360.8511
360.8606
360.8665
360.877
360.8918
360.9033
360.9206
360.9293
360.9529
360.9612
360.9733
360.9872
360.9912
361.0117
361.025
361.0315
361.0452
361.0534
361.0648
361.088
361.0954
361.1309
361.161
361.1694
361.1957
361.2136
361.2559
361.2681
361.3012
361.3388
361.4228
361.4427
362.0167
362.0599
362.1056
362.1376
362.164
362.1724
362.1899
362.2198
362.2301
362.2602
362.2712
362.2895
362.2979
362.3184
362.3372
362.3621
362.3804
362.3965
362.4098
362.4308
362.4506
362.481
362.5003
362.5194
362.5249
362.5362
362.5423
362.5675
362.5737
362.5964
362.6284
362.6442
362.6588
362.6768
362.6841
362.7052
362.7272
362.7398
362.753
362.7578
362.7807
362.7907
362.8081
362.8235
362.8537
362.8756
362.9155
362.943
362.9726
363.0239
363.6445
363.6567
363.7502
363.8025
363.813
363.8202
363.862
363.8875
363.8997
363.9212
363.9385
363.9799
363.9956
364.0213
364.052
364.0567
364.0718
364.0817
364.1097
364.1396
364.1498
364.1643
364.1738
364.1902
364.2043
364.2333
364.2456
364.2707
364.2844
364.3007
364.3133
364.3197
364.337
364.3692
364.388
364.3964
364.4043
364.438
364.4459
364.4637
364.4769
364.4843
364.5045
364.5239
364.5588
364.5797
364.6025
364.636
364.7204
365.3935
365.4174
365.4214
365.4442
365.4775
365.5101
365.5309
365.555
365.564
365.6059
365.6384
365.6512
365.6942
365.7005
365.7188
365.7377
365.7459
365.7753
365.786
365.7903
365.8084
365.8234
365.8433
365.8529
365.8811
365.8955
365.9102
365.923
365.9289
365.9538
365.9726
365.9929
366.0156
366.0344
366.0403
366.0631
366.0875
366.107
366.1212
366.1244
366.1477
366.1745
366.2644
366.3801
366.3861
366.4958
366.5142
366.5529
366.5872
366.66
366.6637
366.7367
366.749
366.7958
366.8384
366.8729
366.9325
366.9484
367.2651
367.4809
367.5048
367.5263
368.179
368.2154
368.5084
368.5627
368.783
368.9634
369.1229
369.2176
369.3154
369.5279
369.815
369.9126
370.2532
370.5225
370.8345
371.2151
371.2436
371.3949
371.8063
371.8116
371.8177
371.8325
371.849
371.8671
371.8797
371.8835
371.9228
371.9267
371.9712
371.9952
372.009
372.0264
372.0307
372.0553
372.0618
372.0841
372.1021
372.1285
372.1324
372.1442
372.1532
372.1918
372.1987
372.2214
372.2313
372.2382
372.2764
372.2988
372.3175
372.3397
372.3445
372.3622
372.3691
372.3932
372.4236
372.4485
372.4566
372.4804
372.4857
372.5191
372.5538
372.5905
372.6185
372.6565
372.6642
372.7082
372.7418
372.7715
373.1526
373.3655
373.3694
373.41
373.4751
373.4911
373.5073
373.5165
373.5459
373.5728
373.5967
373.6252
373.6308
373.6344
373.6546
373.67
373.6788
373.6876
373.7158
373.7385
373.7563
373.7717
373.779
373.7992
373.8083
373.8294
373.8464
373.8668
373.8801
373.9151
373.9331
373.9446
373.977
374.0022
374.0114
374.0328
374.0619
374.0695
374.0963
374.1078
374.1242
374.1471
374.2016
374.2193
374.2402
374.2815
374.3493
374.4329
374.7291
374.9943
375.032
375.0704
375.1101
375.1266
375.1593
375.1647
375.2159
375.2388
375.2681
375.28
375.3175
375.3262
375.3376
375.3516
375.3778
375.3922
375.4007
375.4056
375.4235
375.441
375.4502
375.4716
375.4918
375.4953
375.5078
375.5326
375.5499
375.5546
375.5861
375.6159
375.6408
375.6585
375.6818
375.7011
375.7188
375.7388
375.7538
375.7761
375.8007
375.8394
375.8484
375.8702
375.8874
375.9311
375.9366
375.9588
375.9931
376.0129
376.041
376.0596
376.4911
376.6235
376.6887
376.7279
376.7499
376.7732
376.7887
376.8007
376.8252
376.8492
376.8664
376.8841
376.9048
376.9399
376.9529
376.9762
377.0131
377.0257
377.0358
377.0482
377.0656
377.0837
377.1131
377.1243
377.1409
377.1457
377.17
377.2006
377.209
377.2284
377.2446
377.2872
377.3156
377.3335
377.3674
377.3784
377.3932
377.41
377.4352
377.4562
377.4828
377.4864
377.524
377.5673
377.6135
377.6712
377.7268
377.7629
377.8141
377.8247
377.835
377.8544
377.8919
377.9113
377.9394
377.9619
378.0125
378.028
378.0831
378.2087
378.2285
378.2561
378.3193
378.386
378.4031
378.5346
378.714
378.8143
379.0164
379.0404
379.2904
379.5949
380.0444
380.23
380.3288
380.4512
380.8721
381.065
381.2304
381.9001
382.081
382.226
382.4822
382.7796
382.7826
382.7869
382.7938
382.7971
382.8103
382.826
382.8469
382.8712
382.8751
382.8967
382.915
382.9446
382.9643
382.9761
382.9898
382.9933
383.0012
383.0144
383.0206
383.0303
383.0362
383.058
383.0746
383.0864
383.1091
383.118
383.1264
383.1609
383.1987
383.2105
383.2175
383.2353
383.2573
383.2695
383.2757
383.2794
383.2916
383.3082
383.3317
383.3503
383.3615
383.3825
383.3951
383.4524
383.4753
383.4844
383.4909
383.5139
383.518
383.5234
383.5367
383.5501
383.5563
383.5803
383.6058
383.6116
383.6331
383.6949
383.7067
383.725
383.7299
383.75
383.7566
383.79
383.8057
383.818
383.8355
383.8891
383.9496
383.9785
383.9891
383.9969
384.0156
384.0282
384.0508
384.0877
384.1183
384.1444
384.199
384.2202
384.2259
384.2315
384.2476
384.2714
384.2966
384.3081
384.3379
384.3431
384.3593
384.3775
384.4471
384.4725
384.4829
384.5119
384.5297
384.5485
384.577
384.5927
384.6192
384.6531
384.7182
384.7236
384.7362
384.7536
384.768
384.7769
384.8018
384.8055
384.8454
384.8571
384.8782
384.959
384.9715
384.9885
385.0068
385.0187
385.0414
385.0443
385.0656
385.1026
385.2081
385.2109
385.2312
385.2346
385.2472
385.2598
385.2911
385.2999
385.315
385.3667
385.3755
385.427
385.4609
385.4759
385.4824
385.5155
385.5374
385.5429
385.5645
385.5788
385.6071
385.6137
385.6809
385.7119
385.725
385.7384
385.7968
387.7427
387.7451
387.7502
387.7527
387.7597
387.7701
387.8907
387.8991
387.9055
387.9157
387.921
387.927
387.951
387.9553
387.9667
387.9773
387.9839
387.9976
388.0075
388.0235
388.0526
388.1066
388.1556
388.1625
388.1714
388.184
388.1893
388.2038
388.221
388.2235
388.2327
388.2592
388.2711
388.3828
388.4045
388.4102
388.4215
388.4323
388.4402
388.4575
388.467
388.4799
388.4858
388.4936
388.5313
388.6524
388.6582
388.6684
388.6896
388.7045
388.7103
388.7239
388.7285
388.748
388.7754
388.8969
388.9058
388.9199
388.9273
388.9435
388.9591
388.9698
388.9744
388.9983
389.0209
389.1344
389.1492
389.1732
389.1862
389.2073
389.2235
389.2406
389.2687
389.3913
389.3965
389.4112
389.4338
389.4433
389.4589
389.463
389.4694
389.4949
389.5177
389.6498
389.6551
389.6629
389.6695
389.6849
389.6989
389.7095
389.7231
389.7342
389.7612
389.8916
389.9024
389.9106
389.9243
389.9331
389.9501
389.9546
389.9803
389.9902
390.1443
390.1507
390.1577
390.1689
390.1853
390.2059
390.2102
390.2294
390.2448
390.2626
390.3906
390.3975
390.4024
390.4313
390.438
390.4505
390.463
390.4676
390.4926
390.6341
390.6487
390.6661
390.6847
390.6926
390.7115
390.8352
392.7104
392.715
392.7235
392.8254
392.8324
392.8439
392.8492
392.8587
392.8645
392.872
392.8757
392.8822
392.8872
392.8971
392.9152
392.9191
392.9415
392.9461
393.0649
393.0787
393.0852
393.1
393.1092
393.1144
393.124
393.1326
393.1399
393.1463
393.154
393.1754
393.1981
393.2059
393.3049
393.3371
393.3425
393.3557
393.3592
393.3655
393.3743
393.3854
393.3905
393.4151
393.4333
393.5585
393.574
393.5917
393.5996
393.6129
393.6234
393.6316
393.6576
393.6665
393.6844
393.688
393.8093
393.8307
393.8398
393.85
393.8575
393.8711
393.8809
393.9009
393.9146
393.9316
394.0714
394.0773
394.084
394.0995
394.1058
394.1171
394.1245
394.1382
394.1576
394.1829
394.3065
394.3228
394.3419
394.3504
394.3561
394.3619
394.3753
394.3877
394.4027
394.4076
394.5501
394.5738
394.5816
394.5929
394.6062
394.6104
394.6204
394.6291
394.6483
394.6635
394.6732
394.8098
394.8307
394.8343
394.85
394.8548
394.8644
394.8861
394.905
394.9198
395.0391
395.0608
395.0719
395.0882
395.0984
395.1065
395.1194
395.1245
395.1422
395.1584
395.1696
395.2993
395.3083
395.3226
395.3382
395.3419
395.3553
395.3692
395.38
395.3946
395.4221
395.5695
395.5764
395.5818
395.5906
395.599
395.611
395.6221
395.6448
397.6769
397.6803
397.6905
397.8044
397.8135
397.824
397.828
397.8335
397.8431
397.8478
397.8543
397.86
397.8768
397.8877
397.8993
397.907
397.9174
398.0502
398.0535
398.0625
398.0732
398.095
398.102
398.1073
398.117
398.1258
398.133
398.1482
398.1538
398.1843
398.302
398.3134
398.3258
398.3339
398.3455
398.3634
398.3696
398.3812
398.3883
398.4063
398.4161
398.5309
398.5535
398.564
398.5722
398.5926
398.5973
398.6117
398.6217
398.6406
398.6554
398.7945
398.8021
398.8231
398.845
398.8495
398.8596
398.8753
398.8831
398.9165
398.9324
399.042
399.053
399.0688
399.0893
399.1005
399.1185
399.1283
399.144
399.1644
399.2918
399.3139
399.3236
399.3396
399.3514
399.3638
399.3719
399.3868
399.3982
399.5395
399.548
399.5832
399.5875
399.6093
399.6147
399.627
399.6376
399.6802
399.7845
399.7939
399.8133
399.8244
399.8416
399.8613
399.8701
399.8739
399.8981
400.0424
400.0502
400.0606
400.0815
400.091
400.1018
400.1129
400.1188
400.1396
400.1734
400.2794
400.2921
400.3048
400.333
400.3415
400.3554
400.367
400.3714
400.3952
400.5405
400.5569
400.5674
400.6012
400.6056
400.6222
400.7498
402.6502
402.6562
402.6752
402.7018
402.7177
402.7303
402.7345
402.7725
402.7771
402.7942
402.8228
402.8478
402.8816
402.8881
402.9016
402.9256
402.9408
402.9565
402.9677
402.9819
402.9911
403.0051
403.0271
403.0695
403.1008
403.1361
403.1406
403.1618
403.179
403.1957
403.2028
403.2077
403.2294
403.242
403.2592
403.3074
403.3546
403.3818
403.4004
403.4122
403.4297
403.4441
403.4521
403.4572
403.4884
403.5062
403.5718
403.5941
403.6339
403.6483
403.6804
403.6966
403.7009
403.7313
403.7497
403.7584
403.8201
403.8381
403.8833
403.8956
403.9161
403.9362
403.9582
403.9634
403.9799
403.9991
404.067
404.0733
404.1149
404.1532
404.1588
404.1784
404.2037
404.2143
404.2304
404.2507
404.3126
404.3848
404.3974
404.4178
404.4295
404.4499
404.455
404.4727
404.4898
404.5513
404.5903
404.6273
404.6486
404.6811
404.6861
404.7064
404.7269
404.7338
404.8268
404.8776
404.8923
404.9117
404.9247
404.9469
404.9499
404.979
405.0144
405.1107
405.1254
405.1466
405.155
405.1803
405.195
405.2074
405.2406
405.3142
405.3558
405.3666
405.3879
405.3974
405.4304
405.4375
405.4513
405.4708
405.5576
405.6522
405.6647
405.6903
407.6263
407.6589
407.695
407.7028
407.7145
407.7216
407.7281
407.7368
407.7453
407.7625
407.7717
407.9086
407.9254
407.9352
407.9414
407.9482
407.9623
407.9691
407.9805
408.0097
408.1558
408.1803
408.1835
408.1957
408.2042
408.2251
408.2297
408.2418
408.2468
408.2963
408.3949
408.4165
408.4287
408.4369
408.4489
408.4536
408.4775
408.4821
408.4973
408.6508
408.6687
408.6725
408.6903
408.7035
408.71
408.7329
408.7434
408.8741
408.8943
408.9145
408.9185
408.9388
408.9586
408.972
408.9779
408.9982
409.1299
409.1492
409.1695
409.1733
409.1821
409.1867
409.2138
409.2257
409.2327
409.383
409.4084
409.434
409.4397
409.453
409.4683
409.4777
409.4877
409.5192
409.635
409.6633
409.6704
409.6938
409.6982
409.7117
409.7195
409.73
409.8894
409.9043
409.9144
409.9252
409.9466
409.9558
409.9673
409.9849
410.136
410.1444
410.1607
410.1765
410.191
410.199
410.205
410.2207
410.2286
410.2641
410.3839
410.3997
410.4197
410.4241
410.4366
410.4455
410.469
410.4796
410.6302
412.6668
412.676
412.6894
412.7039
412.7125
412.716
412.7269
412.7322
412.7411
412.7466
412.7554
412.7606
412.7759
412.8127
412.9082
412.9141
412.9295
412.9336
412.9471
412.9542
412.9703
412.98
412.9837
412.9921
412.9976
413.0188
413.0271
413.1489
413.1652
413.1779
413.1967
413.2079
413.2149
413.2293
413.2385
413.26
413.4039
413.4101
413.4436
413.451
413.456
413.4727
413.4773
413.489
413.4938
413.5215
413.6458
413.6634
413.6826
413.7001
413.7049
413.717
413.7251
413.7313
413.7456
413.7552
413.7784
413.8875
413.918
413.9215
413.9493
413.9547
413.9677
413.9798
413.9902
413.9979
414.0149
414.1527
414.1589
414.1899
414.2072
414.2155
414.2241
414.2298
414.2413
414.2517
414.3938
414.4081
414.4236
414.4397
414.4461
414.4684
414.4753
414.4856
414.508
414.6505
414.6649
414.6866
414.6998
414.7084
414.7179
414.7237
414.742
414.7516
414.8812
414.9211
414.9483
414.9542
414.9703
414.9788
414.9923
414.9969
415.0104
415.1458
415.1652
415.1708
415.1905
415.1995
415.2063
415.2205
415.2285
415.2508
415.2821
415.3865
415.4035
415.416
415.4381
415.4444
415.4615
415.4672
415.4774
415.5128
417.5483
417.5557
417.6233
417.6262
417.6426
417.6521
417.6666
417.6737
417.6766
417.6843
417.692
417.7054
417.7123
417.7235
417.7513
417.8677
417.8839
417.8873
417.9007
417.913
417.9216
417.9256
417.9331
417.959
417.9644
417.9886
417.9929
418.1168
418.1212
418.1352
418.145
418.15
418.1662
418.1753
418.1867
418.21
418.2385
418.2511
418.366
418.3896
418.4012
418.4064
418.4158
418.4272
418.4407
418.462
418.5055
418.606
418.6184
418.6274
418.6399
418.6551
418.663
418.6676
418.6908
418.7332
418.8472
418.8678
418.8766
418.8947
418.9029
418.9226
418.9436
418.9762
419.1017
419.1058
419.1158
419.1334
419.161
419.1715
419.1955
419.2204
419.348
419.3685
419.3921
419.3959
419.4005
419.4172
419.4484
419.4792
419.6024
419.6125
419.6245
419.6477
419.6545
419.6772
419.6877
419.7432
419.8523
419.8623
419.8647
419.8783
419.8949
419.9027
419.9424
419.9666
420.0854
420.1056
420.1283
420.1453
420.1577
420.1665
420.1806
420.2078
420.2165
420.2507
420.3278
420.3515
420.3633
420.3726
420.3864
420.4026
420.4099
420.4197
420.4476
420.4707
422.5008
422.5067
422.5111
422.5161
422.5861
422.6144
422.6351
422.664
422.7001
422.7129
422.7188
422.7359
422.7413
422.7483
422.7848
422.7885
422.8105
422.8441
422.8742
422.9241
422.9362
422.9517
422.9704
422.9759
422.9963
423.0298
423.0369
423.0553
423.0954
423.1185
423.1847
423.1947
423.2217
423.252
423.2559
423.2849
423.337
423.3732
423.4232
423.4528
423.4672
423.4804
423.4964
423.5161
423.5345
423.5886
423.6055
423.6766
423.7015
423.7117
423.741
423.7696
423.8185
423.8528
423.8591
423.9335
423.9547
423.9847
424.0005
424.0347
424.0973
424.1636
424.1881
424.1995
424.2222
424.2703
424.2798
424.3038
424.3538
424.4378
424.4571
424.4634
424.4784
424.4934
424.525
424.5494
424.5715
424.5958
424.6713
424.6958
424.7074
424.7335
424.7457
424.7833
424.8152
424.8421
424.875
424.9262
424.9541
424.9728
424.9966
425.014
425.0464
425.0681
425.1737
425.1947
425.2151
425.2207
425.2675
425.2992
425.3383
425.3485
425.4259
427.4721
427.4768
427.4865
427.4927
427.6236
427.6348
427.6438
427.6496
427.659
427.6689
427.6892
427.6966
427.7132
427.7212
427.7419
427.8792
427.8901
427.8982
427.9215
427.9306
427.9446
427.9533
427.9691
427.9744
428.0148
428.1274
428.1392
428.1542
428.1688
428.1796
428.1954
428.2142
428.3764
428.3944
428.409
428.433
428.4529
428.4712
428.4956
428.6152
428.6379
428.6459
428.6611
428.6788
428.6908
428.7079
428.7133
428.7478
428.8699
428.885
428.8889
428.9196
428.9376
428.9443
428.9572
428.9841
429.1221
429.1281
429.1382
429.1635
429.1791
429.1917
429.2281
429.3569
429.3743
429.391
429.4054
429.4091
429.432
429.441
429.446
429.4646
429.4949
429.6259
429.6307
429.6619
429.6769
429.688
429.7014
429.7102
429.8642
429.8699
429.8844
429.9145
429.9195
429.9397
429.9436
429.9913
430.1091
430.1215
430.1348
430.1499
430.1692
430.1863
430.1933
430.3577
430.3698
430.3832
432.4312
432.4411
432.4449
432.5592
432.5635
432.568
432.5727
432.5796
432.5917
432.5999
432.6067
432.6105
432.6236
432.6411
432.65
432.6715
432.7997
432.8074
432.8227
432.8387
432.8526
432.8591
432.8653
432.874
432.8929
432.9004
432.9099
433.0465
433.0575
433.0753
433.0796
433.0873
433.0965
433.1051
433.1128
433.1319
433.1659
433.2864
433.3017
433.3161
433.3298
433.3396
433.3474
433.3653
433.375
433.548
433.5556
433.563
433.576
433.58
433.5899
433.608
433.633
433.6578
433.6736
433.8018
433.807
433.8192
433.8249
433.8309
433.8467
433.872
433.8832
433.9086
434.0501
434.0543
434.076
434.082
434.0876
434.1129
434.1283
434.1519
434.292
434.3031
434.3162
434.3293
434.3383
434.3502
434.3715
434.389
434.5285
434.546
434.5612
434.5695
434.5815
434.589
434.5966
434.6126
434.796
434.8041
434.82
434.8254
434.8361
434.8513
434.9014
434.9284
435.0408
435.0594
435.0654
435.0714
435.0846
435.0955
435.1086
435.1417
435.2683
435.2841
435.289
435.3106
435.3223
435.3338
435.341
435.3878
437.4016
437.4074
437.4199
437.5336
437.5429
437.5488
437.5626
437.5701
437.5873
437.5946
437.5994
437.6149
437.6201
437.6283
437.6388
437.7701
437.7774
437.7929
437.8139
437.8183
437.8494
437.856
437.8689
437.8733
438.0223
438.0409
438.0603
438.0663
438.08
438.0976
438.1037
438.12
438.1268
438.131
438.264
438.276
438.3011
438.3137
438.3378
438.3516
438.3679
438.3816
438.5169
438.5311
438.5614
438.5865
438.5929
438.6025
438.6086
438.6184
438.7752
438.7864
438.8164
438.8237
438.8434
438.8514
438.8594
439.0231
439.031
439.0565
439.0643
439.0833
439.0929
439.1212
439.13
439.264
439.2867
439.3078
439.3178
439.332
439.3463
439.3729
439.5183
439.5259
439.5607
439.5805
439.5903
439.5943
439.6099
439.6329
439.7674
439.7776
439.7957
439.8118
439.8333
439.8428
439.8589
439.865
440.0067
440.04
440.0429
440.0701
440.0911
440.0944
440.1104
440.2754
440.2978
440.3221
442.3676
442.373
442.3901
442.4271
442.4316
442.4563
442.4745
442.4826
442.4959
442.5504
442.6032
442.6101
442.6185
442.6328
442.6636
442.6719
442.6876
442.7105
442.7251
442.7971
442.8325
442.8514
442.8698
442.9106
442.9212
442.9287
442.943
442.9609
442.9857
443.0457
443.103
443.1276
443.1446
443.1686
443.1745
443.1868
443.2137
443.2972
443.3325
443.3654
443.3897
443.413
443.4181
443.4276
443.4436
443.4667
443.5472
443.6168
443.6388
443.647
443.6605
443.6723
443.687
443.7517
443.7903
443.8247
443.8595
443.8822
443.8988
443.9054
443.9217
443.9302
443.9582
444.0436
444.0475
444.091
444.1331
444.1369
444.1573
444.1665
444.1953
444.2835
444.3147
444.3609
444.393
444.406
444.4108
444.436
444.4458
444.535
444.5606
444.6122
444.6236
444.6524
444.6607
444.6806
444.7175
444.7776
444.8414
444.8457
444.8921
444.9058
444.9123
444.9251
444.9584
445.0216
445.0865
445.1023
445.131
445.1543
445.1577
445.1836
445.2082
445.2145
445.2753
445.3992
447.4122
447.4248
447.4296
447.4411
447.4541
447.46
447.4703
447.483
447.5093
447.6206
447.6272
447.6567
447.6659
447.6701
447.6794
447.6843
447.6903
447.7078
447.7158
447.7217
447.8627
447.8765
447.8918
447.9063
447.91
447.9245
447.9331
447.9507
447.9725
448.1231
448.1374
448.1557
448.1598
448.1741
448.1914
448.1974
448.364
448.3934
448.4003
448.4059
448.4221
448.4309
448.4486
448.4559
448.6298
448.6391
448.6563
448.6602
448.6822
448.6984
448.7051
448.8673
448.8787
448.903
448.9161
448.9287
448.9472
448.9665
449.1105
449.1284
449.1546
449.1585
449.1639
449.1847
449.1919
449.3582
449.3698
449.3851
449.3938
449.4103
449.419
449.4307
449.4493
449.6127
449.6367
449.6403
449.6591
449.6756
449.681
449.6956
449.7223
449.8495
449.8674
449.8859
449.8984
449.913
449.9243
449.9503
450.0891
450.1179
450.1291
450.1408
450.1603
450.1644
450.1781
450.2004
452.3048
452.398
452.4038
452.4273
452.4353
452.4396
452.4452
452.4517
452.4625
452.4711
452.477
452.4881
452.5036
452.6261
452.6394
452.6466
452.6609
452.6741
452.6782
452.6939
452.7079
452.7153
452.72
452.7293
452.8878
452.9004
452.9065
452.9352
452.9405
452.9495
452.9647
452.9764
452.9866
453.1348
453.1385
453.1574
453.1638
453.1834
453.1945
453.1997
453.2084
453.2336
453.2545
453.379
453.3895
453.4125
453.43
453.4451
453.4543
453.4669
453.4786
453.6216
453.6284
453.6534
453.6692
453.6858
453.6958
453.7056
453.727
453.8664
453.894
453.9107
453.9249
453.9305
453.9395
453.9541
453.9638
453.9757
454.1183
454.1311
454.1576
454.167
454.1783
454.1946
454.2054
454.2438
454.3701
454.3941
454.4105
454.4227
454.4432
454.4479
454.472
454.6298
454.6486
454.6583
454.6627
454.678
454.6905
454.7025
454.7174
454.872
454.9109
454.9182
454.9356
454.9393
454.9592
454.9665
455.109
455.1178
455.1404
455.1626
455.1741
455.1827
455.1967
455.2332
457.2651
457.2828
457.3458
457.3529
457.3867
457.3916
457.4051
457.4088
457.421
457.4252
457.4357
457.4791
457.578
457.6002
457.6098
457.6262
457.6305
457.6408
457.6571
457.6783
457.6829
457.7145
457.8235
457.841
457.8523
457.8585
457.8681
457.8798
457.8838
457.895
457.9097
457.9567
458.0815
458.0877
458.0937
458.1138
458.1214
458.1391
458.1458
458.1708
458.2085
458.3307
458.3466
458.3581
458.3641
458.3785
458.3837
458.4018
458.4461
458.4582
458.5813
458.5922
458.6014
458.6233
458.6339
458.678
458.8202
458.8428
458.8615
458.869
458.8855
458.9044
458.9363
459.0751
459.084
459.0924
459.099
459.1285
459.1322
459.1719
459.3081
459.3235
459.3457
459.3549
459.3685
459.3765
459.3992
459.435
459.5641
459.5728
459.5834
459.6019
459.6118
459.626
459.6383
459.6529
459.7053
459.8214
459.8291
459.8527
459.8684
459.8744
459.9391
460.0639
460.0771
460.0879
460.0978
460.1154
460.1252
460.1381
460.1585
460.1845
462.2211
462.2249
462.2331
462.2467
462.258
462.35
462.3665
462.4093
462.4229
462.434
462.4476
462.4547
462.4738
462.4929
462.5022
462.5521
462.5555
462.5748
462.5818
462.6154
462.6592
462.6726
462.6901
462.7023
462.7185
462.7371
462.7606
462.8092
462.8277
462.8485
462.9031
462.9205
462.9438
462.9698
462.9779
463.0112
463.0304
463.0615
463.0815
463.1602
463.1781
463.1907
463.2271
463.2365
463.2777
463.3144
463.3441
463.3875
463.4072
463.4417
463.4503
463.4664
463.5068
463.5559
463.5902
463.6369
463.6505
463.6713
463.6983
463.7311
463.7602
463.8134
463.8426
463.8999
463.9388
463.9565
463.9659
463.9963
464.0286
464.0725
464.1412
464.1761
464.1909
464.2054
464.2435
464.2799
464.3176
464.3932
464.4027
464.4377
464.4417
464.5099
464.5378
464.5516
464.6324
464.649
464.6695
464.689
464.7436
464.7547
464.8042
464.8229
464.8864
464.9118
464.9194
464.9865
465.0195
465.0543
465.0622
465.1315
465.1539
467.1927
467.1961
467.202
467.2172
467.223
467.3402
467.3536
467.3639
467.3691
467.3785
467.3984
467.4077
467.4179
467.4327
467.4481
467.462
467.4689
467.5908
467.6023
467.6083
467.6269
467.6445
467.6652
467.6713
467.6816
467.6882
467.7097
467.8382
467.8542
467.8635
467.8835
467.8988
467.9193
467.933
467.9573
468.0876
468.1037
468.1169
468.1325
468.1516
468.1613
468.1949
468.2234
468.3413
468.3506
468.3731
468.4164
468.4251
468.4436
468.5806
468.5897
468.6058
468.6317
468.6417
468.6573
468.6773
468.7371
468.8336
468.8408
468.8533
468.8747
468.8944
468.9064
468.9131
468.9605
469.0788
469.0967
469.1035
469.1361
469.1459
469.1513
469.1596
469.1916
469.3338
469.3392
469.3465
469.3705
469.375
469.3951
469.4213
469.4294
469.466
469.5747
469.5927
469.5966
469.6209
469.646
469.6604
469.6638
469.6968
469.8252
469.8369
469.8703
469.8825
469.8906
469.9062
469.9102
469.9403
469.9563
470.0793
470.0867
470.1066
472.1542
472.1617
472.2771
472.2822
472.2884
472.2936
472.2995
472.31
472.3203
472.325
472.3413
472.3531
472.3606
472.3752
472.4033
472.5146
472.5255
472.5325
472.5474
472.5652
472.5744
472.5836
472.5969
472.6124
472.7633
472.7709
472.7828
472.807
472.8171
472.8202
472.8306
472.8502
472.8833
473.0054
473.0243
473.0456
473.0542
473.0593
473.0741
473.0871
473.1038
473.1216
473.2677
473.2772
473.2886
473.2954
473.3082
473.3202
473.3402
473.3597
473.368
473.395
473.5166
473.5265
473.5428
473.5519
473.5618
473.5828
473.5949
473.6164
473.756
473.7724
473.7886
473.7934
473.8003
473.8181
473.8223
473.8583
473.8672
473.9989
474.016
474.0243
474.0342
474.0457
474.0593
474.0951
474.2573
474.2634
474.2905
474.2994
474.3058
474.3316
474.3518
474.3564
474.5121
474.5218
474.5311
474.5441
474.5527
474.5822
474.5965
474.7583
474.7696
474.7793
474.7905
474.8088
474.8286
474.8366
474.8664
475.0144
475.0333
475.0401
475.0485
475.0656
475.077
477.1187
477.1266
477.2486
477.2561
477.2696
477.2821
477.2879
477.2924
477.2962
477.3066
477.3157
477.338
477.344
477.3542
477.3794
477.4692
477.4897
477.4952
477.5264
477.5436
477.5589
477.5621
477.5721
477.5769
477.5912
477.6054
477.638
477.7349
477.7625
477.7698
477.7833
477.7927
477.8094
477.83
477.8485
477.8606
477.9858
478.0029
478.0199
478.0519
478.0638
478.0735
478.0787
478.1117
478.2409
478.2471
478.2697
478.2847
478.2903
478.3075
478.3283
478.3326
478.3524
478.4812
478.5214
478.5337
478.5436
478.5592
478.5687
478.5769
478.7412
478.7776
478.7891
478.8042
478.8112
478.8299
478.835
478.989
478.9969
479.0247
479.0319
479.0389
479.0564
479.079
479.2415
479.2474
479.2612
479.2888
479.2918
479.3132
479.3254
479.333
479.4851
479.52
479.5329
479.5471
479.5538
479.5703
479.5936
479.722
479.7475
479.7616
479.7823
479.7951
479.821
479.8284
479.9781
480.001
480.0219
480.0285
480.0471
482.0899
482.0973
482.1071
482.1435
482.1757
482.183
482.2276
482.268
482.3106
482.3187
482.3279
482.3426
482.3696
482.3868
482.3988
482.4169
482.4216
482.4346
482.475
482.5235
482.5689
482.5959
482.61
482.6273
482.6389
482.6453
482.6557
482.6801
482.7058
482.8067
482.8291
482.8805
482.8878
482.9121
482.9368
483.0101
483.0177
483.0514
483.1165
483.1284
483.1331
483.1418
483.1595
483.1956
483.2763
483.3181
483.3614
483.3738
483.3932
483.4104
483.4195
483.5076
483.5765
483.612
483.6301
483.6455
483.6543
483.6952
483.7097
483.7723
483.8443
483.8491
483.8748
483.8798
483.9012
483.9295
483.9407
484.0657
484.0886
484.0946
484.1204
484.1415
484.1598
484.1636
484.2518
484.2771
484.3063
484.3214
484.3631
484.3698
484.3893
484.3967
484.4438
484.5084
484.5439
484.5945
484.6057
484.6301
484.6375
484.6474
484.6805
484.7795
484.8329
484.8594
484.8669
484.8854
484.8976
484.958
484.9953
485.095
487.1074
487.1186
487.1387
487.161
487.1643
487.1715
487.1793
487.1989
487.228
487.3362
487.3477
487.36
487.3831
487.3915
487.3967
487.4081
487.418
487.4268
487.4741
487.5773
487.6042
487.6284
487.6328
487.6497
487.6578
487.6619
487.6796
487.6922
487.8291
487.8566
487.875
487.8838
487.8955
487.9036
487.9215
488.0741
488.1076
488.1137
488.1284
488.138
488.1502
488.1824
488.3284
488.345
488.3563
488.3751
488.3811
488.4003
488.4153
488.4214
488.5935
488.6038
488.6201
488.6291
488.638
488.6425
488.6607
488.6642
488.8353
488.8597
488.8708
488.8803
488.8881
488.9103
488.9606
489.0995
489.1069
489.1211
489.129
489.1361
489.1556
489.1679
489.3215
489.3448
489.3526
489.3739
489.3791
489.3958
489.4017
489.4141
489.4472
489.5767
489.5951
489.6151
489.6277
489.637
489.6448
489.6546
489.6699
489.8169
489.8448
489.8669
489.8721
489.8862
489.8995
489.9103
492.0972
492.1085
492.1316
492.1482
492.154
492.1577
492.1644
492.1758
492.1799
492.1905
492.194
492.2035
492.3421
492.3682
492.3734
492.3986
492.4032
492.4103
492.4141
492.4213
492.4319
492.4459
492.5935
492.6195
492.626
492.6524
492.6555
492.6654
492.6687
492.6914
492.7001
492.8291
492.8637
492.8762
492.888
492.8978
492.905
492.9173
492.9356
492.9507
493.0909
493.1006
493.13
493.1468
493.1514
493.1634
493.1721
493.1849
493.3498
493.3562
493.3847
493.3965
493.4082
493.4238
493.4295
493.4438
493.5887
493.5983
493.6158
493.6372
493.644
493.6531
493.663
493.681
493.6896
493.8344
493.8586
493.8684
493.8995
493.9041
493.9148
493.9329
493.9466
494.0826
494.0988
494.1313
494.1346
494.1493
494.1603
494.1658
494.1871
494.1916
494.3394
494.3598
494.3775
494.3908
494.4051
494.4134
494.4272
494.4323
494.595
494.6131
494.6219
494.6414
494.656
494.6603
494.6816
494.8351
494.8391
494.8667
494.8842
494.8925
494.9012
494.9144
494.9351
496.9863
497.0719
497.0849
497.0896
497.0957
497.1039
497.1068
497.1215
497.1282
497.1372
497.1533
497.1931
497.2922
497.3108
497.3149
497.3316
497.3374
497.3465
497.3528
497.3694
497.3889
497.416
497.4204
497.4355
497.5505
497.5552
497.5822
497.593
497.602
497.6077
497.614
497.6828
497.8008
497.8058
497.8231
497.8444
497.8493
497.8544
497.885
497.9005
498.0452
498.0616
498.0713
498.0899
498.0936
498.099
498.1456
498.15
498.2976
498.3155
498.3308
498.3387
498.3464
498.3742
498.4
498.5474
498.5692
498.5786
498.594
498.6023
498.6446
498.7898
498.7969
498.8256
498.84
498.8474
498.8713
498.9025
499.0439
499.0498
499.0658
499.0809
499.0929
499.1012
499.2768
499.2912
499.3084
499.3323
499.3416
499.3778
499.4016
499.4063
499.5236
499.5378
499.5572
499.5814
499.6144
499.6418
499.6756
499.7914
499.7958
499.808
499.8191
499.8353
499.8547
499.8801
501.9465
501.9499
501.954
501.9639
501.9694
502.0595
502.0834
502.116
502.1349
502.1446
502.1544
502.1767
502.1869
502.2302
502.2516
502.278
502.2869
502.306
502.3324
502.3804
502.4003
502.4196
502.4383
502.4581
502.4824
502.5262
502.5349
502.5939
502.6239
502.6345
502.6586
502.6619
502.6945
502.7144
502.7681
502.7956
502.8106
502.8695
502.8802
502.9023
502.9284
502.9369
502.9751
503.0069
503.0222
503.1215
503.1314
503.1572
503.1681
503.1771
503.2488
503.2602
503.3028
503.3625
503.3852
503.4
503.4269
503.4307
503.4572
503.5149
503.5357
503.6097
503.6495
503.6668
503.7078
503.7136
503.7685
503.7839
503.8714
503.8921
503.9129
503.9182
503.945
503.9697
503.9943
504.0182
504.112
504.1421
504.1477
504.1635
504.1746
504.2255
504.2542
504.291
504.3619
504.3789
504.4034
504.4303
504.4555
504.4703
504.5141
504.5561
504.6059
504.623
504.6388
504.6743
504.7001
504.7141
504.7757
504.7845
504.8603
504.8766
506.9076
506.9104
506.9145
506.9308
507.0566
507.0748
507.0785
507.0975
507.1082
507.1269
507.1365
507.1432
507.157
507.187
507.3099
507.3189
507.3265
507.3455
507.353
507.3722
507.3798
507.3944
507.4508
507.5653
507.5778
507.5894
507.5954
507.6167
507.622
507.6432
507.662
507.6837
507.8098
507.8146
507.8324
507.8631
507.8704
507.8856
507.9204
508.0579
508.0714
508.0889
508.1079
508.1207
508.1406
508.3067
508.3139
508.3316
508.3675
508.3745
508.3808
508.4179
508.4402
508.5538
508.5645
508.5999
508.6187
508.622
508.6673
508.6896
508.8053
508.8269
508.8404
508.85
508.8717
508.8851
508.9145
508.9369
509.0531
509.0695
509.0793
509.0965
509.116
509.1233
509.1433
509.3022
509.3091
509.3422
509.3604
509.3718
509.4043
509.4342
509.5467
509.5578
509.5845
509.5935
509.6208
509.625
509.6362
509.662
509.6855
509.7992
509.8076
509.8167
509.9736
511.8777
511.8852
511.9903
512.0015
512.0083999999999
512.0126
512.0227
512.0337
512.0434
512.048
512.054
512.0717999999999
512.083
512.1122
512.2401
512.2485
512.2614
512.2697000000001
512.2884
512.3009999999999
512.3075
512.3304000000001
512.3353
512.495
512.5014
512.5112
512.5186
512.5281
512.5444
512.5556
512.5725
512.5933
512.7383
512.7458
512.7606000000001
512.7671
512.7749
512.7927
512.8126
512.8604
512.9829999999999
512.9976
513.0113
513.0203
513.0321
513.0417
513.0651
513.0898999999999
513.2361
513.245
513.2644
513.2684
513.2782999999999
513.2882
513.3034
513.3358000000001
513.4724
513.4958
513.5036
513.5228999999999
513.5315000000001
513.5478000000001
513.5556
513.5757
513.7102
513.7406
513.7546
513.7608
513.7724000000001
513.7873999999999
513.8054
513.8244
513.9733
513.981
514.0049
514.0185
514.0255999999999
514.0479
514.0701
514.0898999999999
514.2268
514.2428
514.248
514.2687
514.2805
514.2921
514.3056
514.3271
514.3347
514.4739999999999
514.4865
514.5021
514.5083
514.5141
514.5348
514.5542
514.5729
514.7182
514.7287
514.7479
514.7608
514.7710999999999
514.7988
514.8108
516.838
516.8488
516.971
516.9761
516.9970000000001
517.001
517.0052000000001
517.0237999999999
517.0305
517.0385
517.0443
517.0598
517.0647
517.0789
517.1987
517.2082
517.2322
517.2405
517.2544
517.2659
517.2761
517.2821
517.3013
517.3090999999999
517.3267
517.4690000000001
517.4842
517.5041
517.5173
517.5239
517.5362
517.5619
517.5715
517.7081000000001
517.742
517.7582
517.7832
517.7882
517.7918999999999
517.8203
517.8325
517.9564
517.9703
517.9838
518.0157
518.0241
518.0346
518.0443
518.0477
518.2036000000001
518.2233
518.2514
518.2727
518.2762
518.2853
518.3021
518.3187
518.4593
518.4861
518.4923
518.5126
518.5282
518.5364999999999
518.5532000000001
518.5675
518.7011
518.7213
518.7332
518.7670000000001
518.7742000000001
518.7893
518.8015
518.9526
518.9694
518.9989
519.0029
519.0264
519.0322
519.0381
519.0596
519.2061
519.218
519.2298000000001
519.2423
519.2634
519.2834
519.3022
519.3108999999999
519.4526
519.4678
519.4971
519.5176
519.521
519.5378000000001
519.6889
519.7262000000001
519.7368
519.7511
519.764
519.7804
521.8138
521.8233
521.8628
521.8686
521.8868
521.9144
521.9404999999999
521.9828
522.0152
522.0482
522.0558
522.0762
522.1038
522.1131
522.1185
522.1322
522.1563
522.2392
522.2565
522.3035
522.3340000000001
522.3438
522.3618
522.3839
522.3867
522.4176
522.4838
522.5262
522.5416
522.5968
522.6014
522.611
522.6632999999999
522.7246
522.7749
522.7956
522.8423
522.8469
522.8801
522.8926
522.9756
522.9974999999999
523.0507
523.0796
523.0938
523.1019
523.1335
523.2237
523.2696
523.3068000000001
523.3361
523.3397
523.3694
523.3826
523.4052
523.4697
523.5388
523.5675
523.5937
523.6147
523.6345
523.6646000000001
523.7266
523.7704
523.8057
523.8338
523.8587
523.8786
523.8839
523.9146000000001
523.967
524.0136
524.0468
524.0796
524.0913
524.0957
524.1306999999999
524.2161
524.2772
524.2843
524.3071
524.3271
524.3389999999999
524.348
524.3854
524.4594
524.4889000000001
524.5245
524.5656
524.5823
524.5862999999999
524.6037
524.6288999999999
524.6359
526.8132000000001
526.8357
526.8709
526.8776
526.8908
526.8959
526.9084
527.0554999999999
527.0683
527.0855
527.0942
527.1107
527.1139000000001
527.1202000000001
527.1264
527.1541999999999
527.2752
527.3027999999999
527.323
527.3362999999999
527.3632
527.3675000000001
527.3774
527.3904
527.4358999999999
527.5513
527.5688
527.5922
527.5966
527.6099
527.631
527.6417
527.7954999999999
527.8217999999999
527.8291
527.8424
527.8579
527.8625999999999
527.8887
528.0516
528.0792
528.0904
528.1019
528.1142
528.1277
528.1312
528.2953
528.3135
528.3271
528.3471999999999
528.3545
528.3724999999999
528.3869999999999
528.3978
528.545
528.5624
528.5891
528.5983
528.6012000000001
528.6158
528.6273
528.6402
528.8067
528.8203
528.8295000000001
528.8331000000001
528.8485000000001
528.8709
528.8814
528.8987
529.0348
529.0577000000001
529.0728
529.092
529.0983
529.1061999999999
529.1256
529.2979
529.3138
529.3391
529.3569
529.365
529.3722
529.4087
529.5447
529.5615
529.5775
529.5865
529.5931
529.6051
529.6232
529.6368
531.8172999999999
531.8387
531.8411
531.8608
531.8715999999999
531.8762
531.8829000000001
531.8884
531.8978
531.9038
531.9167
531.9404
532.0561
532.0698
532.0771
532.11
532.1166000000001
532.1284000000001
532.1369
532.1591
532.1618
532.1785
532.3018999999999
532.3253999999999
532.3296
532.3605
532.3649
532.3695
532.3829000000001
532.396
532.4401
532.5678
532.5715
532.6021000000001
532.612
532.6164
532.6271
532.6421
532.6541
532.6777999999999
532.819
532.825
532.8492
532.8532
532.8666000000001
532.8766000000001
532.8887999999999
532.9048
532.9109
532.9431
533.0552
533.0983
533.1125
533.1255
533.1394
533.146
533.1495
533.1876
533.319
533.3255
533.3506
533.3659
533.3756
533.3896999999999
533.4195999999999
533.5522
533.5792
533.5907999999999
533.6112000000001
533.6176
533.6368
533.6416
533.6666
533.8087
533.8146
533.8364
533.8591
533.8726
533.8788
533.9018
533.9128000000001
534.0558
534.0634
534.1009
534.1063
534.1161999999999
534.1288
534.1378999999999
534.1458
534.2974
534.3162
534.3441
534.3509
534.3588
534.3778
534.3833999999999
534.3886
534.5575
534.5806
534.5914
534.6013
534.615
534.6301
534.6499
536.7591
536.7854
536.8045999999999
536.8219
536.8256
536.8299
536.8384
536.8527
536.8601
536.8720000000001
536.8904
536.9202
537.0398
537.0443
537.0593
537.0692
537.0809
537.0847
537.09
537.1386
537.1501000000001
537.1722
537.2719999999999
537.2814
537.3039
537.3102
537.3198
537.3285
537.3394000000001
537.3539000000001
537.3872
537.4123
537.5167
537.5343
537.5467
537.5687
537.5752
537.5867000000001
537.7607
537.7773
537.8089
537.8146
537.8274
537.8415
537.8781
538.0168
538.0284
538.0478000000001
538.0545999999999
538.0608
538.0756
538.092
538.2524
538.2688000000001
538.2857
538.3059000000001
538.309
538.3261
538.3742
538.4
538.504
538.5268
538.5297
538.5468
538.5553
538.5792
538.6181
538.7624000000001
538.7685
538.7784
538.789
538.8167
538.8294
538.888
539.0064
539.0141
539.0378000000001
539.0565
539.0635
539.0767
539.1203
539.2528
539.2661000000001
539.2777
539.2829
539.2918999999999
539.3089
539.3357
539.3978999999999
539.5007000000001
539.5157
539.5333000000001
539.5498
539.5533
539.5776
