3.2605
6.7394
7.3327
7.9141
9.4773
11.4853
12.2311
12.445
12.6742
12.8426
12.8444
12.8522
13.0516
13.0802
13.086
13.0887
13.5536
14.4911
14.5012
14.6893
14.6941
15.4652
15.7628
16.1186
16.1213
16.1236
16.1317
16.1395
16.1453
16.3332
16.3523
16.3686
16.902
17.6574
17.6863
17.7602
17.9962
17.9991
18.1232
18.5173
18.7291
18.7309
18.7344
18.7367
18.7403
18.7447
18.8221
19.3673
19.3715
19.3738
20.5962
22.9587
24.1576
24.16
24.1621
24.3591
24.3612
24.3705
24.8333
25.2959
25.3286
25.7035
25.9258
25.9294
25.9342
26.0665
26.3978
27.4195
27.4216
27.4255
27.433
27.436
27.4488
27.6262
27.6284
29.0175
29.0196
29.2277
29.2304
29.2337
29.2388
29.2474
29.3046
30.2831
30.2869
30.2893
30.2936
30.298
30.3311
30.4476
30.4499
30.4526
30.455
30.4662
31.3603
31.3629
31.3741
31.8273
32.351
34.0903
34.0926
34.0971
34.1548
35.3183
35.9937
35.9961
35.9982
36.003
36.0117
36.118
36.1337
36.2311
36.2372
36.2469
36.2565
36.8831
37.5858
37.6972
37.6994
37.7016
37.7064
37.716
37.7289
37.8453
37.8828
38.2047
38.3453
38.4095
39.383
39.3882
39.3947
39.4104
39.4135
39.4606
39.5624
39.565
39.5789
39.58
39.6406
39.6547
40.7299
40.9918
40.9947
41.0011
41.1067
41.1558
41.1598
41.1637
41.1673
41.1704
41.1761
41.2837
41.7954
41.9061
41.9193
41.9507
41.9772
41.9879
42.6428
46.8592
46.8617
46.8727
46.9033
46.9819
46.9867
46.9904
46.9936
46.9982
47.0044
47.007
48.4673
48.4726
48.479
48.6664
48.6856
48.7188
48.7199
48.725
48.7397
48.8226
50.3366
50.346
50.348
50.3601
50.4922
50.4968
50.4998
50.5028
50.5074
50.5097
50.7513
51.9648
51.9686
51.9855
51.9898
52.0172
53.2367
53.4561
53.4578
53.4595
53.4612
53.5327
53.5437
53.9729
54.6404
55.9286
58.4434
58.4458
58.4483
58.4976
58.607
58.6137
58.6194
58.7295
58.7773
58.7907
59.3113
59.9947
59.9981
60.3022
60.3068
60.356
60.3594
60.376
60.4625
60.4697
60.4736
61.617
61.6196
61.819
61.8216
61.8403
61.8413
61.9835
61.9868
63.5293
63.6284
63.6334
63.6669
63.6787
65.0275
65.0296
65.0354
65.0823
65.0865
65.54689999999999
65.5492
68.5771
70.35599999999999
70.7662
70.77249999999999
70.78
71.8377
71.9494
71.9522
71.9552
71.9884
72.2037
72.2093
72.38030000000001
72.3879
72.39409999999999
73.5241
73.527
73.64530000000001
73.7826
73.7848
73.7928
73.8074
73.84010000000001
74.0665
74.33280000000001
75.252
75.2611
75.2687
75.4404
75.4996
75.502
75.50709999999999
75.634
75.64660000000001
76.063
76.1748
76.6185
76.6228
76.6263
76.6563
76.6591
76.6647
76.68129999999999
76.6878
76.7236
76.7911
76.7938
76.9319
81.20189999999999
81.2052
81.2088
81.211
81.2133
81.2157
81.21810000000001
81.22150000000001
81.24550000000001
81.6015
81.60550000000001
81.6168
81.6225
81.62949999999999
81.7427
81.87
82.8205
83.212
83.2269
83.34399999999999
83.35769999999999
83.38849999999999
83.4533
84.184
84.343
84.696
84.69799999999999
84.702
84.8395
84.88849999999999
84.8977
84.9032
84.9158
85.0804
85.0848
85.1499
85.15479999999999
86.3194
86.33110000000001
86.3339
86.3382
86.3434
86.4417
86.44459999999999
86.5335
86.536
86.6268
86.6824
87.5594
87.97369999999999
87.97629999999999
87.9851
88.11450000000001
88.1182
88.12090000000001
88.12430000000001
88.1887
88.1908
88.1931
88.19540000000001
88.5162
88.5853
89.5089
91.8643
93.6387
93.7069
93.93559999999999
93.9379
93.9442
93.95269999999999
93.95610000000001
94.0847
94.0951
94.20099999999999
94.20959999999999
95.4984
95.50149999999999
95.8098
95.813
95.81529999999999
95.82680000000001
95.8347
95.8443
96.0929
97.02330000000001
97.1344
97.1374
97.1396
97.15560000000001
97.4966
97.5137
97.5166
98.77030000000001
98.77419999999999
98.93470000000001
98.93940000000001
99.0758
99.0856
99.3724
99.37439999999999
99.37690000000001
99.7239
99.79730000000001
99.8254
99.82729999999999
99.82980000000001
99.836
99.9528
101.1344
101.1375
104.8143
105.4698
105.4741
105.4884
105.5316
105.5385
105.551
105.5716
105.5806
105.7462
105.7597
105.7732
107.1062
107.1084
107.1144
107.14
107.2425
107.3415
107.3462
107.365
107.5138
107.5238
108.6479
108.6513
108.7157
108.721
108.7347
108.8601
108.8758
108.8842
108.9067
109.1697
109.6165
109.8051
109.8322
110.2276
110.3401
110.3437
110.3641
110.4034
110.4061
110.4097
110.414
110.484
110.632
110.6344
110.6399
110.6555
110.745
110.8376
111.2157
111.236
111.2757
111.394
111.4003
111.4027
111.4081
111.4289
111.5234
111.5286
111.5322
112.5275
115.7889
115.7992
116.4126
116.8573
116.8665
116.8741
117.0225
117.0319
117.3419
117.9044
118.5764
118.5787
118.5894
118.5923
118.5984
118.6099
118.6176
119.9903
120.1934
120.1978
120.2133
120.2161
120.2196
121.2614
121.6051
121.8337
121.8835
121.8864
121.8895
121.9172
122.3956
122.9576
122.9656
122.9675
122.974
122.9833
123.0604
123.0717
123.0761
123.3439
123.6805
125.059
125.0643
125.0674
127.2843
127.2897
127.294
128.6595
128.6841
128.6875
128.7752
128.7809
128.8328
128.8351
128.9026
128.9087
129.0503
129.155
130.4167
130.4384
130.442
130.4449
130.4696
130.4908
130.5618
130.6086
130.6233
130.6356
130.8084
131.9788
131.9834
131.9915
132.0051
132.0115
132.0177
132.0979
132.1196
132.174
132.186
132.239
132.246
132.2497
132.2927
132.3485
133.6104
133.6143
133.7008
133.7047
133.7432
133.766
133.7696
133.776
133.7862
133.7929
133.7965
133.8473
133.9884
134.648
134.6771
134.6825
134.9898
134.9918
135.0984
137.3434
137.3454
138.8269
139.5304
139.5356
139.5472
139.55
139.5599
139.5636
139.698
139.7
139.7153
141.1317
141.3006
141.3052
141.3106
141.3566
141.4524
141.4548
141.4629
141.6729
142.5177
142.7045
142.7065
142.9834
142.997
143.0059
143.0903
143.8955
143.9478
144.1401
144.3512
144.3591
144.6182
144.6236
144.6479
144.6507
144.7039
144.7229
144.7282
145.4065
146.1204
146.1229
146.1267
146.1291
146.1807
146.45
146.4544
146.463
146.4737
146.4836
146.6458
146.8193
148.486
149.9361
149.9399
151.1578
151.2435
151.2459
151.2622
151.4331
151.4847
151.562
151.5669
152.6548
152.7923
152.7973
152.8014
152.9861
153.0064
153.0638
153.1785
154.3863
154.5009
154.5202
154.5246
154.5447
154.5505
154.5559
154.6421
154.6447
154.6522
154.6676
154.6717
154.8493
154.8708
155.8229
156.0909
156.1025
156.224
156.2758
156.2804
156.284
156.3278
156.3343
156.3587
156.4604
157.4531
157.4873
157.6795
157.697
157.6993
157.7017
157.709
157.7156
157.7222
157.7272
157.7506
157.7547
157.7648
157.7744
157.8276
157.8666
157.8713
158.0915
158.5801
158.5957
158.6037
159.1155
159.6744
160.2973
162.8662
162.8697
163.1255
163.1698
163.1728
163.4254
163.4311
163.4397
164.5838
164.5862
164.594
164.6377
164.6412
165.0396
165.0454
165.336
166.2059
166.3752
166.4266
166.435
166.4411
166.4483
166.4566
166.4604
166.4708
166.6612
166.6667
167.8437
167.8778
167.8891
168.0426
168.0496
168.1262
168.1496
168.1521
168.1588
168.168
168.3296
169.2768
169.2823
169.2903
169.3016
169.3147
169.318
169.3747
169.3769
169.3792
169.4197
169.4277
169.4301
169.4336
173.1992
173.5161
173.9145
173.9902
173.9959
173.9999
174.2758
174.4262
174.464
174.7069
175.3311
175.5454
175.691
175.8519
175.8702
175.8907
175.8941
175.9483
176.0231
176.1145
176.1195
177.1024
177.1431
177.3677
177.3724
177.3822
177.4567
177.5461
177.55
177.5831
177.5902
177.7123
177.7258
177.7511
177.7558
177.7649
177.7704
177.7811
177.7865
178.3779
178.4971
178.8655
178.8703
179.121
179.1424
179.1647
179.2369
179.2427
179.2524
179.2586
179.4169
179.4193
179.4515
179.4564
179.4901
179.6263
180.2444
180.4548
180.5457
180.5921
180.6019
180.6158
180.6209
180.7783
180.8248
180.8325
180.8378
180.8443
180.8668
180.8786
180.9632
181.306
181.3721
181.4146
182.0126
182.6735
184.107
184.2316
184.2464
184.4554
184.4613
185.3495
185.3531
185.3577
186.4337
186.5304
186.5382
186.5413
186.5954
186.7115
186.7327
186.8173
186.8317
186.9053
186.9125
187.97
187.9883
188.1167
188.2131
188.2439
188.4818
188.4903
188.8444
189.8221
189.8336
189.8358
189.8434
190.1123
190.1281
190.173
190.3914
190.398
190.4065
191.505
191.5213
191.6117
191.7355
191.7437
192.0187
192.4636
192.4854
192.4938
192.5066
192.5779
192.8658
192.87
192.9119
192.9235
193.4237
195.156
198.0795
198.1059
198.1155
198.1336
198.1701
198.1803
198.3907
198.4012
199.2571
199.2795
199.6291
199.7785
199.8306
199.8339
199.9613
199.9752
199.9807
199.9963
201.2814
201.2834
201.3918
201.4856
201.5772
201.5955
201.6975
201.7845
202.899
202.902
202.9067
203.0651
203.0713
203.13
203.1341
203.1617
203.1677
203.1872
203.191
203.2027
203.3186
203.3868
203.8136
204.0658
204.0724
204.0742
204.0844
204.0854
204.0903
204.3049
204.4064
204.4112
204.4499
204.4572
205.561
206.7879
207.4612
208.8121
209.1004
209.4535
209.4908
209.521
209.5671
209.6426
210.6754
211.0071
211.125
211.1303
211.1339
211.2225
211.2347
211.2382
211.244
211.4436
211.4556
211.4661
212.1372
212.2769
212.724
212.7396
212.7448
212.7483
212.8172
212.8528
213.0174
213.1134
213.1297
213.8204
214.4227
214.4279
214.5211
214.5285
214.568
214.6016
214.6103
215.5998
215.6199
215.6507
215.6527
215.6547
215.6588
215.6641
215.6899
215.7255
215.7365
215.8667
215.8707
216.0061
216.6451
217.5383
218.6321
218.6391
218.6532
218.6565
219.9726
221.345
221.347
221.3496
221.3756
221.4071
221.417
221.5175
221.5195
221.5218
221.5313
221.5881
221.5925
221.6152
221.7321
222.1809
222.9665
222.9693
222.979
223.1052
223.1095
223.1139
223.1228
223.1397
223.188
223.2201
223.2436
224.6908
224.6939
224.7291
224.7385
224.7439
224.7686
224.7769
224.8
225.0339
226.1882
226.1925
226.3159
226.3599
226.4347
226.4378
226.4411
226.4561
226.5025
226.5065
226.5259
226.5657
226.676
227.0479
227.152
227.2245
227.2314
227.2483
227.2582
227.3661
227.378
227.7825
228.4165
228.6896
230.2212
230.3648
230.5696
230.9048
231.184
231.1907
231.548
232.2142
232.2163
232.2462
232.3257
232.33
232.334
232.6338
233.8904
233.9883
233.9978
234
234.0021
234.0249
234.0339
234.0442
234.1821
234.1986
234.383
234.5866
234.6151
235.3742
235.3794
235.3937
235.5671
235.6246
235.6316
235.6359
235.6612
235.7356
235.7439
235.7483
235.8456
236.5786
237.2188
237.2222
237.2272
237.3777
237.3834
237.4053
237.41
237.4165
238.0586
238.558
238.8025
238.8072
238.9076
238.911
238.9886
238.9931
239.0132
239.0196
239.0238
239.0941
239.0996
239.2165
239.2221
239.2883
239.7314
239.7334
239.8765
240.0789
240.0822
240.178
243.0697
243.0718
243.8825
243.8897
243.9225
244.0802
245.4141
245.4166
245.4196
245.4218
245.4256
245.4692
245.4731
245.4892
245.5224
245.5259
245.6332
245.6565
245.7407
245.799
246.8955
246.9012
247.1336
247.1359
247.1386
247.142
247.144
247.2516
247.322
247.3347
247.3609
247.3684
247.3772
247.3961
247.4114
247.4212
247.5087
247.689
248.3555
248.4926
248.4958
248.5054
248.6701
248.6741
248.8123
248.8279
248.9484
248.9739
248.9966
249.0114
249.1903
250.1545
250.1573
250.1594
250.1622
250.2831
250.2857
250.3694
250.3715
250.3911
250.3927
250.4169
250.4243
250.428
250.4868
250.58
250.7812
250.7846
251.7046
252.5163
252.5301
252.5332
254.4952
254.5069
254.51
255.3334
255.6166
255.7047
255.7985
255.8989
256.052
256.1476
256.3907
257.2484
257.3357
257.3386
257.3513
257.3603
257.3676
257.4947
257.6653
257.6728
258.8296
258.8319
258.8362
258.838
258.962
258.968
258.9765
259.007
259.0994
259.1034
259.243
259.3477
259.3499
259.8646
260.5232
260.5624
260.5682
260.5713
260.5781
260.7411
260.7441
260.8966
261.5955
261.9566
261.9871
261.9998
262.0141
262.0288
262.0305
262.0779
262.0819
262.3954
264.0832
264.3926
264.9039
265.655
265.6728
265.6746
265.6784
265.6813
265.9138
266.3082
266.9431
267.1468
267.1725
267.179
267.2667
268.4006
268.4068
268.4106
268.4666
268.4965
268.5067
268.5476
268.5534
268.567
268.5748
268.6485
268.6544
268.6588
268.7585
268.9933
269.492
270.0505
270.0553
270.0604
270.2134
270.2178
270.277
270.3567
270.3609
270.422
270.428
270.4647
271.7393
271.7421
271.7492
271.8177
271.8449
271.8512
271.9437
271.9536
271.9593
272.0093
272.1712
272.1788
273.1922
273.2554
273.3422
273.4203
273.4731
273.4901
273.4929
273.5324
273.5354
273.5392
273.8456
274.7771
275.3304
275.9698
276.0423
276.1323
276.42
277.5192
278.995
279.0904
279.1792
279.1845
279.235
279.2392
279.2648
279.2773
279.342
279.3486
279.3535
279.4024
279.4684
279.4885
279.5086
280.7417
280.8189
280.8381
280.8415
280.88
280.8826
280.9713
280.9771
280.9857
281.2332
281.3987
282.2917
282.5147
282.5197
282.6103
282.7772
282.7985
283.2383
283.9725
284.1277
284.1301
284.1713
284.1758
284.3052
284.3883
284.3915
284.3943
284.3996
284.4206
284.6646
284.6777
284.9959
285.1579
285.1606
285.1636
285.1807
285.4744
285.6474
287.2985
290.182
290.7731
290.7761
290.7794
290.7813
290.7856
290.7914
290.9174
290.9754
291.0485
291.1875
292.3518
292.4118
292.4205
292.424
292.4662
292.4779
292.5007
292.5738
292.6491
292.739
293.9908
294.0053
294.0199
294.0647
294.2313
294.2417
294.2478
294.2525
294.2862
294.4317
294.4754
294.4793
294.5135
294.5182
295.1834
295.6503
295.6528
295.6768
295.6827
295.6892
295.7991
295.8273
295.8412
295.8456
296.0067
296.014
296.0714
296.736
296.7429
296.7507
296.7536
296.7658
296.7693
297.1124
297.1196
298.4571
298.9367
299.2079
300.7582
301.5234
301.5255
301.565
301.7082
302.0909
302.0971
302.2571
302.2589
302.2684
302.2969
302.303
302.452
302.7422
303.1763
303.2148
303.6969
303.8309
303.8704
303.8778
303.949
303.9602
303.9773
304.1115
304.1153
304.2499
305.3914
305.394
305.4031
305.4091
305.444
305.4496
305.5518
305.5575
305.7021
305.7128
306.3851
306.5738
306.9319
306.9373
307.0673
307.1617
307.1691
307.1876
307.255
307.2981
307.405
308.1428
308.2984
308.3253
308.3473
308.3701
308.5474
308.5653
308.5677
311.0197
312.3996
312.405
312.4209
312.425
313.293
313.3577
313.915
314.0151
314.0178
314.0197
314.0248
314.1234
314.1915
314.2186
314.2308
314.252
314.2673
314.2713
314.3579
314.3639
314.7445
315.6735
315.6756
315.6776
315.6822
315.7936
315.8619
315.9397
315.9572
315.9691
316.0566
316.2816
316.6406
317.2232
317.2318
317.2347
317.34
317.3437
317.3468
317.3509
317.4513
317.4742
317.5462
317.6493
317.6587
317.9302
318.9764
318.9785
319
319.0229
319.1005
319.1638
319.173
319.1942
319.3869
319.7998
319.9048
319.9082
319.9152
319.9316
319.9838
320.3694
321.2448
321.2549
322.1126
322.1179
322.1202
322.1266
322.1302
323.4142
323.4163
323.4198
323.4218
323.4945
324.236
324.8754
324.8896
324.9747
325.0247
325.0338
325.0371
325.0714
326.5095
326.5418
326.5473
326.5523
326.6158
326.6189
326.6256
326.6292
326.7535
326.8108
328.0153
328.2474
328.2565
328.2594
328.3513
328.3546
328.3983
328.4047
328.4085
328.4386
329.733
329.7386
329.863
329.8781
329.8807
329.8883
329.8914
329.9595
329.9876
330.0092
330.0416
330.1279
331.3249
331.3271
331.3296
331.364
331.4648
331.5293
331.5664
331.6466
331.649
331.7801
333.9945
335.2563
335.259
335.2612
335.2643
335.2666
335.2765
335.2803
336.5145
336.6034
336.6845
336.7973
336.8085
336.8116
337.0324
338.1411
338.1455
338.1551
338.2314
338.2477
338.2505
338.2961
338.3004
338.3045
338.324
338.4024
338.5155
339.724
339.7323
339.7973
340.0234
340.0271
340.045
340.0814
340.2157
340.3296
341.3179
341.4114
341.4284
341.4381
341.5471
341.5572
341.6018
341.7115
341.8091
342.4742
342.7129
342.817
342.8192
342.8264
342.8304
342.8369
343.0212
343.0392
343.0605
343.0837
343.0875
343.0953
343.154
343.1597
344.1435
346.6259
346.6308
347.5135
348.3941
348.4341
348.4491
348.5512
348.7736
348.7794
349.0203
349.9421
349.9572
349.9609
349.9642
350.0169
350.1384
350.1421
350.1444
350.1477
350.3695
350.4432
350.8097
351.5101
351.6729
351.7052
351.7243
351.8299
351.8373
351.8404
351.8441
351.8498
353.1055
353.212
353.2168
353.3405
353.435
353.4376
353.4411
353.4454
353.4643
353.531
353.5385
354.0438
354.6291
354.6339
354.6363
354.6387
354.6417
354.6582
354.6641
354.6672
354.6898
354.7819
355.2059
355.3451
356.6551
356.6603
356.6625
356.8561
357.0724
358.4111
358.4135
358.4154
359.4184
359.5729
359.6197
359.6212
359.6227
359.7309
359.8231
359.8601
361.0617
361.0665
361.0692
361.1714
361.1859
361.2576
361.2627
361.2721
361.4467
361.5756
362.6621
362.7532
362.7556
362.7602
362.8422
362.8501
362.8696
362.9725
362.9798
362.9949
363.1108
363.1158
363.1256
363.1282
363.9651
363.972
364.3473
364.3497
364.4554
364.4732
364.5409
364.6513
364.6668
364.6935
364.7287
364.7906
364.8142
365.9239
365.925
365.933
366.0155
366.0783
366.0859
366.1647
366.1697
366.2036
366.2073
369.9329
369.9366
370.669
370.6753
370.6779
370.899
371.0112
371.6309
371.7426
371.8799
371.8829
371.8875
371.8963
371.9223
371.9409
372.0641
372.2078
372.2139
373.571
373.5736
373.5809
373.6541
373.7641
373.7704
373.8529
373.8849
374.541
375.1528
375.3273
375.4291
375.4374
376.5317
376.8884
376.8932
376.9532
376.9586
377.0204
377.8337
377.8357
377.8417
377.8509
377.9449
378.415
378.4201
378.423
381.3493
381.5338
382.8043
382.8195
382.8215
382.8249
382.8274
382.8328
382.8396
382.8485
382.8504
382.8589
383.0985
383.1052
383.1161
383.1231
383.3332
383.366
383.5842
383.5862
383.6137
383.8305
383.8336
383.8356
383.8448
384.0672
384.0747
384.0778
384.0922
384.3118
384.3212
384.3244
384.3346
384.3599
384.5671
384.5683
384.5731
384.5759
384.6056
384.6305
384.6369
384.7497
384.8132
384.8239
384.8306
384.8327
384.84
384.8429
385.0687
385.0718
385.077
385.0981
385.3226
385.3467
385.3563
385.3723
385.5763
385.5784
385.5914
385.8409
385.8461
386.3445
387.7442
387.7462
387.7835
387.7983
387.8047
387.8131
387.8174
387.8243
388.0451
388.0673
388.0842
388.2736
388.2791
388.2947
388.3372
388.4964
388.5268
388.5353
388.5384
388.7721
388.7766
388.7822
388.7859
388.8168
388.9765
388.9825
389.0225
389.0262
389.0321
389.0413
389.066
389.0742
389.2668
389.2688
389.2732
389.2761
389.2874
389.3253
389.4773
389.5168
389.5221
389.525
389.7619
389.7714
389.7925
389.8167
390.2558
390.2682
390.2728
390.2849
390.5028
390.5082
390.5108
390.5165
390.5209
390.5242
390.5453
390.7999
391.3191
391.3229
391.3312
391.3346
391.8025
391.8048
391.8215
392.7835
392.789
392.8011
392.8043
392.8076
393.0546
393.3049
393.3071
393.3947
393.5565
393.5718
393.814
393.8222
393.8843
394.0469
394.0603
394.0667
394.2914
394.305
394.3079
394.3232
394.5481
394.5513
394.5549
394.5684
394.7835
394.809
394.8187
394.9774
395.0338
395.0391
395.0411
395.074
395.0793
395.2792
395.3064
395.337
395.5189
395.5228
395.5288
395.5721
395.6114
395.9277
397.3127
397.32
397.3336
397.3444
397.6683
397.6744
397.6863
397.6892
397.7003
397.7144
397.8591
397.8646
397.8676
397.9403
398.1134
398.1293
398.1592
398.1928
398.3588
398.3645
398.3936
398.4169
398.4274
398.6139
398.6172
398.6223
398.6328
398.6731
398.6887
398.8674
398.8732
398.8786
398.9035
399.1123
399.1162
399.1253
399.1697
399.1817
399.393
399.4213
399.6031
399.6089
399.6152
399.6667
399.8574
399.8686
399.91
399.9275
400.1067
400.118
400.1245
400.1401
400.164
400.1698
400.3562
400.4099
400.5991
401.6335
401.6368
402.6364
402.6405
402.8375
402.8472
402.8626
402.9618
403.0752
403.0854
403.0893
403.0944
403.1215
403.3249
403.3335
403.337
403.3411
403.5754
403.5895
403.5953
403.652
403.6595
403.8227
403.8344
403.8722
403.8889
404.0688
404.072
404.0747
404.0923
404.0973
404.1105
404.1471
404.3589
404.3867
404.5655
404.586
404.8169
405.0597
405.0784
405.1314
405.3166
405.3619
405.3839
405.4887
405.5618
405.5689
405.5796
405.6893
405.6975
407.5973
407.5992
407.6008
407.6031
407.6105
407.6311
407.637
407.6421
407.8248
408.0748
408.0772
408.081
408.0867
408.0891
408.0917
408.3291
408.3314
408.3343
408.3466
408.4012
408.8198
408.823
408.8262
408.8475
408.8684
409.0809
409.0831
409.0915
409.0948
409.3212
409.3281
409.3442
409.3513
409.5717
409.5741
409.5793
409.6448
409.8223
409.8304
409.8933
410.0675
410.0703
410.0771
410.093
410.3079
410.3119
410.3144
410.3198
410.3226
410.3355
410.6035
412.5611
412.5727
412.73
412.7391
412.7419
412.7483
412.9734
412.9789
412.9939
413.0166
413.2229
413.2459
413.2666
413.2703
413.4769
413.714
413.7208
413.9746
413.9823
413.987
414.0129
414.0245
414.0368
414.2186
414.2214
414.5105
414.6499
414.7109
414.7139
414.7206
414.724
414.9575
414.9664
414.9978
415.0232
415.208
415.2135
415.22
415.2331
415.2467
415.2572
415.4536
417.396
417.403
417.4211
417.4256
417.5882
417.5897
417.5964
417.6053
417.6096
417.6178
417.6295
417.836
417.875
418.0859
418.1033
418.1088
418.3246
418.3283
418.3312
418.3344
418.3466
418.3777
418.5411
418.5669
418.5803
418.6052
418.6092
418.8289
418.831
418.8395
418.848
418.8581
419.0471
419.072
419.0748
419.1103
419.31
419.3278
419.3328
419.339
419.5734
419.5776
419.5808
419.5851
419.5905
419.6328
419.8143
419.8182
419.8223
419.8653
420.0749
420.078
420.3113
420.3155
420.3181
420.3227
422.4976
422.4999
422.5604
422.563
422.5741
422.578
422.8003
422.8065
422.8118
422.8151
422.8277
422.8335
423.061
423.0635
423.0691
423.2965
423.299
423.3075
423.3166
423.5481
423.5729
423.809
424.045
424.0575
424.0656
424.2442
424.5326
424.5381
424.5404
424.5428
424.55
424.5878
424.7977
424.8
424.8058
424.8212
425.0362
425.039
425.0524
425.2882
425.2909
425.2973
425.3051
425.308
427.4566
427.4611
427.4637
427.5002
427.514
427.526
427.7602
427.7627
427.7659
427.7702
427.9945
428.245
428.2556
428.4918
428.5088
428.5124
428.552
428.7386
428.7456
428.9851
428.9983
429.1862
429.2393
429.2558
429.267
429.4884
429.5158
429.519
429.5212
429.7466
429.7509
429.9892
430.0096
430.0163
430.2106
430.2507
430.2572
432.4978
432.4999
432.5128
432.517
432.5227
432.5314
432.5789
432.7639
432.7678
432.7708
432.8051
433.0132
433.0403
433.0458
433.0492
433.0547
433.0662
433.2395
433.2668
433.2695
433.3006
433.3051
433.3091
433.5006
433.5041
433.5073
433.5297
433.5345
433.5609
433.7587
433.7716
433.7747
433.7852
433.7932
433.7984
433.8223
434.0017
434.0108
434.0533
434.0658
434.107
434.2512
434.2542
434.2868
434.2975
434.3023
434.5139
434.5206
434.7495
434.7528
434.7561
434.7861
434.7952
435.0118
435.0264
435.0391
435.251
435.2564
435.2588
435.268
435.2731
435.334
436.0867
436.0897
436.0926
437.3834
437.3888
437.3904
437.3921
437.3937
437.3955
437.4011
437.5767
437.5793
437.5863
437.5899
437.5998
437.6092
437.8536
437.9023
438.0965
438.1165
438.1515
438.3285
438.3314
438.3591
438.363
438.3978
438.578
438.602
438.6048
438.6584
438.833
438.8545
438.8574
439.0805
439.0845
439.0948
439.1461
439.1536
439.3901
439.5674
439.5749
439.5789
439.8198
439.8246
439.8303
439.8521
439.8901
440.0598
440.1401
440.3218
442.3583
442.3624
442.3644
442.3695
442.3951
442.4235
442.5365
442.5412
442.8066
442.8147
442.8606
443.0421
443.0446
443.047
443.0493
443.2891
443.2968
443.3036
443.3047
443.3528
443.5438
443.5482
443.6145
443.8483
444.0339
444.049
444.0843
444.0885
444.2783
444.2846
444.5339
444.5367
444.5783
444.5842
444.667
444.7756
445.0302
445.0352
445.2778
447.3155
447.3193
447.3229
447.3303
447.5401
447.5592
447.5677
447.598
447.7863
447.7954
448.031
448.0355
448.0388
448.0684
448.1001
448.5391
448.551
448.5571
448.6006
448.7806
449.0245
449.0345
449.0437
449.2777
449.3752
449.5223
449.5289
449.5315
449.5382
449.7734
449.7858
449.7883
449.8186
449.9093
449.9651
450.0231
450.0263
450.0417
450.1031
450.5095
452.2839
452.2888
452.2941
452.4369
452.4705
452.4754
452.6975
452.7293
452.734
452.9487
452.9571
452.9626
452.9682
452.972
452.9783
453.1871
453.1947
453.2034
453.2081
453.212
453.2214
453.4454
453.4596
453.6871
453.7031
453.706
453.7351
453.7403
453.9642
454.1928
454.2165
454.2493
454.4267
454.4375
454.4427
454.4449
454.6704
454.679
454.6887
454.9254
454.9451
454.9685
455.1877
457.302
457.3091
457.3119
457.3147
457.321
457.5481
457.5511
457.5674
457.5915
457.6004
457.7881
457.7961
457.821
457.8456
458.0295
458.0628
458.0705
458.0737
458.1107
458.2959
458.306
458.5385
458.5672
458.7854
458.8258
459.0401
459.0499
459.0714
459.2988
459.3274
459.5275
459.5328
459.5417
459.5504
459.7302
459.7947
459.8107
459.8158
460.0234
460.0341
460.037
460.0401
460.0433
460.0545
460.0598
460.0645
460.2842
461.8583
462.2516
462.2569
462.2656
462.2752
462.278
462.287
462.2923
462.2989
462.5228
462.5261
462.5284
462.5309
462.5377
462.5434
462.7747
463.0201
463.0243
463.2757
463.2851
463.3218
463.517
463.5196
463.533
463.5442
463.7587
463.7614
463.7642
463.8063
464.0062
464.0124
464.0196
464.0345
464.2559
464.2597
464.2624
464.2743
464.5201
464.5227
464.5361
464.5427
464.7318
464.7575
465.0072
465.0136
465.0373
465.052
467.1907
467.2
467.2173
467.2268
467.2572
467.2625
467.2786
467.3687
467.4761
467.4786
467.7009
467.7191
467.7254
467.9629
467.9741
468.2047
468.2072
468.2228
468.4555
468.4991
468.7011
468.7034
468.708
468.7173
468.731
468.9542
468.9612
468.9712
469.1545
469.2059
469.2174
469.4388
469.4443
469.463
469.6983
469.7056
469.7203
469.9405
469.9433
471.8135
471.8775
472.2036
472.2099
472.2382
472.2775
472.4906
472.4999
472.7314
472.735
472.7418
472.7576
472.7618
472.7662
472.974
472.9764
472.9883
473.0336
473.2269
473.2387
473.2418
473.2669
473.2806
473.4846
473.4916
473.4993
473.5145
473.9691
473.976
474.2269
474.2303
474.2401
474.2539
474.4802
474.4879
474.5042
474.5079
474.5132
474.5188
474.7233
474.9659
474.9691
477.0995
477.1016
477.1036
477.1104
477.294
477.2974
477.3018
477.3106
477.333
477.3363
477.3725
477.5679
477.5746
477.5811
477.6239
477.6358
477.8079
477.8477
477.8526
478.079
478.1099
478.1135
478.303
478.3647
478.5451
478.5477
478.8157
478.8208
479.0419
479.0671
479.0989
479.1025
479.1115
479.2807
479.3195
479.3527
479.5465
479.5842
479.791
479.8103
479.8521
479.8961
480.0294
482.0774
482.0886
482.2741
482.278
482.2859
482.2927
482.3322
482.5096
482.5208
482.5364
482.5788
482.7679
482.8053
482.826
483.0104
483.0173
483.2551
483.2611
483.2726
483.308
483.3451
483.5053
483.5139
483.5267
483.755
483.7797
484.001
484.0709
484.295
484.5002
484.524
484.5649
484.7505
484.7882
484.9895
484.9974
487.0363
487.0429
487.0477
487.0596
487.064
487.0786
487.0828
487.2623
487.2703
487.2782
487.3051
487.5109
487.5532
487.5743
487.7444
487.7633
488.0153
488.024
488.0341
488.2711
488.5004
488.5799
488.7494
488.7539
488.7574
489.0009
489.2471
489.2509
489.28
489.552
489.7271
489.7775
489.8049
489.8066
490.1333
490.1399
490.1455
492.0023
492.1485
492.1564
492.1593
492.1626
492.1687
492.1738
492.1987
492.411
492.4288
492.4321
492.6273
492.6533
492.666
492.6691
492.6899
492.7079
492.9034
492.9092
492.9188
492.9225
492.9423
493.1497
493.1763
493.1967
493.3947
493.4144
493.4266
493.4463
493.4502
493.4618
493.6604
493.664
493.9002
493.9079
493.9119
493.9195
493.9552
494.1389
494.1715
494.185
494.222
494.3129
494.4487
494.5742
494.6129
494.6454
494.6625
494.6862
494.7214
494.8797
494.9141
494.9202
496.0411
497.0197
497.0217
497.033
497.0463
497.0541
497.0904
497.2721
497.2751
497.2778
497.2868
497.3342
497.5193
497.5418
497.7862
497.7886
498.0042
498.0067
498.0143
498.0244
498.0285
498.2594
498.2645
498.2788
498.5004
498.5043
498.509
498.5119
498.5359
498.589
498.7632
499.01
499.0132
499.0208
499.0254
499.246
499.2962
499.5063
499.7443
499.749
499.777
499.824
501.9729
501.9847
501.9918
501.9992
502.0041
502.0211
502.0404
502.2404
502.2429
502.247
502.2605
502.269
502.49
502.7437
502.759
502.7828
502.9819
502.9878
503.0009
503.0162
503.0274
503.2328
503.2364
503.2474
503.4829
503.4915
503.4966
503.501
503.5116
503.7268
503.7345
503.7402
503.7468
503.9756
503.9805
503.9862
504.2278
504.2332
504.2399
504.251
504.4742
504.4862
504.5152
504.7178
504.7216
504.7319
504.7607
506.9006
506.9039
506.9232
506.9605
507.1864
507.1886
507.2009
507.2037
507.2082
507.2211
507.2271
507.4355
507.4555
507.6681
507.6737
507.6776
507.6844
507.9261
507.9285
507.9308
508.1718
508.1796
508.2105
508.4279
508.4312
508.4396
508.4491
508.664
508.677
508.9111
508.9272
509.1576
509.1646
509.2223
509.4387
509.4451
509.4481
509.6548
509.6765
509.6874
509.7336
511.9305
511.9413
511.9471
511.9636
512.2071
512.2098
512.2119
512.222
512.2283
512.2387
512.244
512.4505
512.454
512.4621999999999
512.4689
512.4789000000001
512.6967999999999
512.7407000000001
512.9318000000001
512.939
512.9448
512.9478
512.9757999999999
512.9827
513.1886
513.1955
513.2098
513.2241
513.2504
513.4518
513.4707
513.686
513.7146
513.722
513.9281
513.9594
513.9636
513.979
514.1903
514.2378
514.4319
514.4422
514.4452
514.4483
514.6816
514.7035
514.7192
514.7311
516.8175
516.8229
516.8261
516.8369
517.0092
517.2634
517.2679000000001
517.5146
517.5175
517.5326
517.5441
517.7628
517.7907
517.8234
518.0119
518.0295
518.0898
518.2633
518.2665
518.2717
518.5207
518.5342000000001
518.5811
518.7585
518.7703
519.0035
519.0171
519.0362
519.0642
519.2519
519.255
519.2927999999999
519.5176
519.5276
519.5452
519.7594
521.7811
521.7834
521.7917
521.984
521.9911999999999
522.1798
522.2275
522.23
522.2381
522.5442
522.7237
522.7302999999999
522.7822
522.9775
522.9945
523.0342000000001
523.2293
523.232
523.2357
523.2828
523.2926
523.4665
523.4868
523.5373
523.7157
523.7186
523.9647
523.9713
524.0214
524.0362
524.2191
524.4584
524.4648
524.4674
524.4813
524.5304
524.7109
524.718
526.7508
526.7543000000001
526.7637
526.7996000000001
526.9662
526.9693
527.2116
527.2192
527.2665
527.4838
527.5191
527.7111
527.7374
527.7489
527.9836
527.9907000000001
528.2152
528.4672
528.5205
528.7082
528.9739
528.9766
528.9801
529.0146999999999
529.2175
531.7090000000001
531.711
531.7128
531.7145
531.7201
531.8643999999999
531.8848
531.8931
531.9114
532.1279
532.145
532.148
532.1761
532.3732
532.4104
532.4197
532.4234
532.4572000000001
532.6165
532.6236
532.6368
532.6575
532.7118
532.8967
532.9068
532.9248
533.1201
533.1238
533.127
533.1718
533.2833000000001
533.3523
533.3636
533.438
533.6156
533.6194
533.6257000000001
533.6510000000001
533.8702000000001
533.8994
534.1221
534.1275000000001
534.1378
534.1538
534.2223
534.3661
534.3761
534.6166000000001
534.6195
534.6396999999999
536.7335
536.7357
536.7395
536.7423
536.745
536.7592999999999
536.7619
536.7743
536.8971
536.9907000000001
537.0063
537.0135
537.2324
537.2536
537.2601999999999
537.4458999999999
537.5026
537.5118
537.5171
537.7264
537.7388
537.7444
537.748
537.7668
537.9904
538.0083
538.2266
538.2561000000001
538.4695
538.4746
538.7261
538.737
538.7488
538.98
539.0113
539.4701
539.4721
543.0653
543.3021
