2.4719
10.7818
12.0787
12.1307
12.145
12.1559
12.1861
12.3256
12.3361
12.3432
12.3542
12.3781
12.4041
12.4255
12.5075
12.6259
12.6377
12.6497
12.6684
12.6839
12.6964
12.7126
12.7216
12.7335
12.7537
12.8
12.9785
13.0243
13.2263
13.2377
13.3086
13.344
13.3593
13.426
13.5125
13.527
13.5443
13.5708
13.7312
13.818
14.2288
14.3023
14.4206
14.4335
14.45
14.5555
14.592
14.6051
14.6859
14.8341
14.8618
14.9703
14.9769
14.9926
15.008
15.0257
15.0426
15.483
15.6329
15.9442
16.1099
16.1503
16.1526
16.1613
16.2911
16.4426
16.5293
16.786
16.789
16.8096
17.0907
17.0922
17.6592
17.684
17.6905
17.8741
17.9442
18.2265
18.3702
18.3986
18.4674
18.6884
18.7028
18.8873
22.0122
23.85
23.8718
23.8808
23.9483
23.9778
23.9996
24.0083
24.0353
24.1197
24.2518
24.2539
24.2683
24.3197
24.3502
24.3628
24.4035
24.4098
24.4183
24.4448
24.494
24.5684
25.4084
25.4259
25.4291
25.4582
25.5519
25.6063
25.7091
26.0175
26.0589
26.1092
26.6094
27.0805
27.1529
27.199
27.3504
27.365
27.3784
27.3803
27.4711
27.5301
27.7466
27.7757
28.6966
28.9847
29.2675
29.3512
29.4237
29.4594
29.4759
29.4965
29.5744
29.6621
30.0071
30.0094
30.048
30.0614
30.2099
31.3698
35.3029
35.3129
35.4877
35.5436
35.7983
35.8306
35.8481
35.8563
35.8652
35.931
35.9831
36.224
36.2707
36.2764
36.3962
36.4261
36.4647
36.4941
36.5472
36.5597
36.6541
37.355
37.7182
37.8515
38.869
39.3783
39.7292
40.0012
40.3717
40.5224
40.5747
40.6071
40.7797
40.8163
40.8421
40.8618
41.1136
41.484
41.7212
41.9817
46.9101
47.0467
47.0551
47.0777
47.1077
47.2724
47.4648
47.5091
47.5374
47.5398
47.6646
47.7203
47.8035
47.9496
47.9643
48.1071
48.1329
48.2701
48.3789
48.3892
48.4576
48.5355
48.8884
48.901
49.0349
50.2732
50.3676
50.5103
51.8326
51.8607
52.0147
53.2718
54.4907
58.455
58.4786
58.4889
58.6285
58.633
58.6446
58.6568
58.7528
58.7791
58.7948
58.7981
58.9551
58.967
58.9851
58.992
59.0231
59.0465
59.1156
59.1181
59.1373
59.1493
59.217
59.3652
59.3943
59.4144
59.4705
59.6211
59.6769
59.6822
59.7188
59.8254
60.0446
60.0966
60.2352
60.277
60.3827
60.4429
60.4565
60.5424
60.5462
60.5519
60.5588
60.5637
60.5792
60.5988
60.6396
60.6524
61.2131
61.2992
61.3364
61.762
61.774
62.4181
63.6843
64.42400000000001
70.12139999999999
70.136
70.2312
70.2822
70.3837
70.4025
70.4114
70.4286
70.45189999999999
70.5202
70.55889999999999
70.57080000000001
70.5949
70.63679999999999
70.6909
70.7106
70.72799999999999
70.7505
70.76949999999999
70.79730000000001
70.8528
70.9739
70.9901
71.0136
71.04300000000001
71.06399999999999
71.16379999999999
71.3674
71.8831
71.9562
71.9727
72.1865
72.2013
72.233
72.26009999999999
72.3028
72.3506
72.39449999999999
72.46559999999999
72.46980000000001
72.5673
72.6665
72.9344
73.68389999999999
73.7633
73.76860000000001
73.77500000000001
73.7813
73.7869
73.7978
73.8412
73.8582
73.8749
73.895
73.9443
74.0064
74.0171
74.2377
74.27509999999999
74.3078
74.37009999999999
74.703
75.22880000000001
75.24939999999999
75.3379
75.3844
75.5068
75.5175
75.5402
75.54519999999999
75.58450000000001
75.5889
75.61960000000001
75.64409999999999
75.6808
75.6961
75.8415
75.91719999999999
75.9712
76.86969999999999
76.9727
81.6224
81.64879999999999
81.6554
81.6593
81.67400000000001
81.7038
81.7302
81.7606
81.7811
81.78830000000001
81.8013
81.9003
81.9307
81.98099999999999
81.9939
82.13630000000001
82.15600000000001
82.23269999999999
82.2345
82.3381
82.35590000000001
82.38209999999999
82.39579999999999
82.41670000000001
82.4755
82.4849
82.54259999999999
83.1759
83.2598
83.27889999999999
83.2901
83.3044
83.333
83.3604
83.37860000000001
83.3805
83.4122
83.4405
83.788
83.8836
84.0112
84.0244
84.1373
84.1446
84.1525
84.24209999999999
84.8443
84.9333
84.9691
85.00579999999999
85.0844
85.134
85.16849999999999
85.3151
85.35380000000001
85.38039999999999
85.55719999999999
85.565
85.5784
85.73139999999999
85.8079
85.8222
86.41549999999999
86.5253
86.5733
86.6524
86.6891
86.7338
86.9195
86.93340000000001
86.94710000000001
87.0038
87.01819999999999
87.2432
87.3456
87.3656
87.4276
87.4328
87.51349999999999
87.5668
87.6343
87.7423
88.142
88.16419999999999
93.2022
93.2106
93.2542
93.34529999999999
93.3603
93.36490000000001
93.40170000000001
93.5556
93.5574
93.6127
93.6281
93.636
93.64570000000001
93.6699
93.7145
93.7971
93.80629999999999
93.8181
93.81959999999999
93.8369
93.8502
93.928
93.9693
93.9927
94.00839999999999
94.02809999999999
94.042
94.0613
94.1461
94.1606
94.21639999999999
94.3329
94.5834
94.66670000000001
94.7
94.7774
94.8092
94.8229
94.827
94.83920000000001
94.84220000000001
95.0395
95.0611
95.0929
95.0947
95.31180000000001
95.3351
95.384
95.73090000000001
95.8921
96.146
96.25839999999999
96.3289
96.35129999999999
96.3545
96.3736
96.3831
96.4396
96.6033
96.70440000000001
96.8064
96.94880000000001
97.0149
97.02509999999999
97.086
97.101
97.16379999999999
97.4576
97.4909
97.88379999999999
97.8878
97.9152
98.02500000000001
98.087
98.0958
98.1185
98.1657
98.2086
98.3121
98.3682
98.3901
98.4119
98.4177
98.5021
98.5594
98.639
98.66370000000001
98.7105
98.7397
99.0021
99.0275
99.05880000000001
99.203
99.3394
99.3777
99.56659999999999
99.59180000000001
99.6691
99.7345
99.7529
99.76649999999999
99.7803
104.8122
104.8259
104.832
104.899
104.9182
104.9717
104.9988
105.0213
105.0961
105.1068
105.1171
105.1424
105.1747
105.2302
105.2934
105.3403
105.3657
105.3961
105.4085
105.4308
105.4609
105.4751
105.5262
105.5301
105.5409
105.5595
105.5648
105.5969
105.6097
105.6543
105.7178
105.8709
105.8731
105.9302
105.9571
106.0945
106.1599
106.1941
106.4871
106.674
106.6893
106.7116
106.7793
106.8985
106.9505
107.1102
107.1188
107.2492
107.266
107.2962
107.3175
107.5306
107.5471
107.5864
107.8173
107.9361
108.02
108.2189
108.4031
108.5322
108.5748
108.6184
108.6471
108.6842
108.6855
108.6959
108.7431
108.7925
108.8651
109.0006
109.0439
109.047
109.1429
109.174
109.203
109.3552
109.6673
109.7713
109.899
110.0216
110.2817
110.5503
110.5978
110.744
110.778
110.8411
110.9591
111.1887
111.2088
111.3789
116.3442
116.3789
116.3921
116.4093
116.42
116.4516
116.4717
116.5435
116.6226
116.7188
116.822
116.8855
116.9568
116.9704
116.9948
117.03
117.0534
117.0693
117.0747
117.0926
117.0936
117.1253
117.2048
117.5221
118.0523
118.0615
118.0672
118.1289
118.1736
118.3581
118.4778
118.6204
118.6622
118.6861
118.7487
118.8066
118.8402
118.9629
119.6743
119.7361
119.9504
120.1448
120.1735
120.2173
120.2453
120.3034
120.3137
120.347
120.3861
120.4179
120.4353
120.4557
120.4761
120.7934
121.0689
121.3808
121.479
121.8314
121.8929
121.953
121.9747
122.0305
122.166
122.1706
122.4258
122.4359
122.528
122.7457
122.9603
127.949
127.9849
128.3719
128.3815
128.3938
128.407
128.4147
128.4205
128.4408
128.5105
128.5336
128.5474
128.5585
128.5623
128.5838
128.5892
128.6153
128.6267
128.63
128.7826
128.8975
128.9481
129.004
129.0184
129.0247
129.0295
129.0728
129.0796
129.1028
129.1432
129.1593
129.2473
129.2723
129.3038
129.3064
129.3479
129.9269
130.1051
130.1268
130.1299
130.1426
130.1438
130.1572
130.1664
130.1704
130.1756
130.208
130.249
130.2691
130.3094
130.3638
130.6827
130.8425
130.8697
130.9593
131.1339
131.7445
131.779
131.7966
131.8912
131.9094
131.9195
131.9292
131.9452
131.9539
131.963
132.0596
132.1626
132.311
132.5066
132.5224
132.5715
132.7039
132.7707
133.3673
133.3963
133.4744
133.5758
133.5916
133.5965
133.6951
133.699
133.7774
133.7873
133.8036
133.8281
133.9573
134.1622
134.1829
134.2346
134.3218
134.6089
134.6131
134.6795
139.5324
139.5517
139.5721
139.5881
139.6228
139.6599
139.6678
139.6789
139.6985
139.7164
139.7383
139.786
139.7988
139.8496
139.9112
139.9258
140.1368
140.1439
140.1606
140.204
140.231
140.2554
140.3418
140.3776
140.4673
140.4837
140.5382
140.7456
140.7829
141.0043
141.1609
141.2568
141.3574
141.5927
141.6335
141.6942
141.7204
141.8447
142.0301
142.0572
142.4173
142.4367
142.7403
142.8665
142.9657
142.9902
143.1617
143.2573
143.373
143.4144
143.5352
143.6164
143.7097
143.7388
143.7582
143.7985
144.3506
144.4174
144.4563
144.4907
144.6967
144.7821
144.8701
144.8792
144.9034
144.9336
145.0531
145.239
145.2591
145.3548
145.512
145.5353
145.5883
145.688
145.9749
145.9945
151.1095
151.1583
151.2147
151.2355
151.2772
151.3034
151.4177
151.4618
151.492
151.5333
151.5464
151.5737
151.5878
151.6177
151.6293
151.632
151.6658
151.6759
151.7257
151.7511
151.7539
151.7761
151.8088
151.8384
151.8677
151.9113
151.9987
152.0481
152.1297
152.1584
152.269
152.4204
152.5458
152.5724
152.8523
153.0719
153.1012
153.1816
153.2334
153.249
153.2777
153.2975
153.34
153.3591
153.3934
153.5202
153.6318
153.7101
153.7286
153.7664
153.7778
153.8201
153.9396
154.0648
154.0987
154.1727
154.4296
154.5247
154.6102
154.6643
154.7075
154.8838
154.9019
154.926
154.9436
154.9558
154.9813
155.0251
155.0312
155.1329
155.2254
155.2838
155.3236
155.3347
155.3624
155.64
155.649
155.6558
155.8012
155.8359
156.098
156.3572
156.4125
156.4569
156.5158
156.5374
156.5835
156.6444
156.7943
156.8173
157.106
157.1595
157.1787
157.2209
157.2927
157.5066
162.7074
162.7498
162.9421
162.9695
163.0026
163.0175
163.0922
163.0995
163.1099
163.1217
163.1282
163.1311
163.1364
163.1491
163.2098
163.2271
163.2405
163.2716
163.3073
163.3207
163.3315
163.3507
163.3921
163.4022
163.4306
163.4827
163.5634
163.5953
163.6072
163.714
163.7504
163.7948
163.8258
163.9231
164.6283
164.6588
164.7175
164.744
164.7529
164.7732
164.8751
164.9209
164.9875
165.0271
165.0535
165.0888
165.1173
165.2316
165.2885
165.3574
165.3593
165.3687
165.3932
165.4027
165.4097
165.4312
165.4369
165.8091
166.278
166.4296
166.4627
166.5488
166.5895
166.628
166.6526
166.6789
166.7141
166.8783
166.9001
166.9358
167.2335
167.2678
167.9716
167.9807
167.9878
168.1409
168.1523
168.1816
168.1861
168.1981
168.2108
168.228
168.3401
168.3524
168.3688
168.4158
168.5107
168.5244
168.5817
168.6555
168.6768
168.79
169.0727
169.3984
174.3037
174.3158
174.3291
174.3501
174.3539
174.3805
174.3887
174.4136
174.4166
174.4337
174.4394
174.4562
174.5393
174.5823
174.6013
174.6201
174.7371
174.7713
174.7781
174.8054
174.8434
174.9232
174.934
174.9499
174.9682
175.1027
175.1305
175.1398
175.1604
175.2245
175.2504
175.3127
175.336
175.6144
175.7662
175.8151
175.8575
175.891
175.9355
175.9439
175.9658
175.9864
176.0182
176.0662
176.1133
176.1709
176.206
176.3085
176.4625
176.7306
176.7494
176.8687
176.9113
176.9329
176.9367
177.5093
177.5722
177.6204
177.655
177.6839
177.7172
177.7535
177.7686
177.7848
178.1787
178.3055
178.361
178.3789
178.4273
178.4847
178.5002
178.5559
178.6502
178.8383
178.8526
179.1468
179.18
179.2707
179.2937
179.3244
179.4105
179.4343
179.4589
179.469
179.4984
179.5001
179.8127
179.8269
179.8599
179.8971
179.9238
180.0495
180.1062
180.1807
180.5826
180.8352
181.0277
184.8172
185.8943
185.9092
185.9878
186.0284
186.042
186.0671
186.0838
186.1232
186.2393
186.2841
186.3374
186.4455
186.466
186.5017
186.5283
186.5368
186.553
186.593
186.6896
186.7584
186.8026
186.8158
186.8472
186.9376
186.9534
187.0273
187.0313
187.2673
187.3791
187.4239
187.5067
187.5888
187.6251
187.7113
187.7798
187.925
188.0825
188.1354
188.4067
188.4551
188.5523
188.7734
188.8962
188.9877
189.0137
189.1776
189.189
189.2056
189.2222
189.2588
189.2705
189.2869
189.4239
189.5227
189.5511
189.7208
189.7851
190.0508
190.1865
190.2188
190.3881
190.3993
190.4348
190.463
190.5017
190.7391
190.7863
190.8329
190.8528
190.8834
190.8936
191.0823
191.2202
191.2421
191.2628
191.3033
191.4267
191.8752
192.02
192.1922
192.2015
192.2044
192.3165
192.3615
192.4339
192.4732
196.5619
197.4487
197.4574
197.4672
197.4718
197.4772
197.479
197.4809
197.4918
197.5271
197.5436
197.6498
197.6508
197.6723
197.6977
197.7143
197.7473
197.7897
197.8473
197.8862
197.9234
197.9293
197.9603
197.9832
198.0555
198.0658
198.1008
198.1109
198.2198
198.2445
198.4016
198.4071
198.5051
198.5329
198.5391
198.5425
198.6158
198.6228
198.6388
198.6524
198.674
198.7541
198.9453
199.321
199.3477
199.3505
199.4281
199.486
199.5304
199.5365
199.6388
199.7378
199.7833
199.8194
199.8845
199.9881
200.0175
200.045
200.1865
200.2273
200.2784
200.3228
200.3357
200.3524
200.6312
200.8141
200.8945
200.9512
201.0883
201.1482
201.1914
201.2397
201.2527
201.2679
201.3615
201.386
201.5234
201.5589
201.7387
201.8243
201.9581
201.9778
202.0099
202.0697
202.1065
202.1329
202.1618
202.2186
202.3999
202.6567
202.8062
202.8727
202.8891
202.903
202.982
203.0098
203.0757
203.0826
203.1243
203.1534
203.1583
203.1697
203.2036
203.2068
203.2525
203.2826
203.3268
203.3625
203.5863
203.6084
203.7901
203.8516
203.9362
203.97
204.0794
209.0626
209.0805
209.0931
209.1298
209.1486
209.1809
209.2686
209.2792
209.3879
209.3996
209.4678
209.5817
209.5903
209.6155
209.6346
209.6514
209.6644
209.6784
209.6987
209.7553
209.7911
209.8008
209.8216
209.8598
209.8665
210.0809
210.5841
210.6589
210.772
210.8379
210.8654
210.9777
210.996
211.2082
211.3089
211.3243
211.332
211.3704
211.3849
211.3941
211.4271
211.4517
211.4671
211.5655
211.5806
211.6992
211.712
211.7245
211.734
211.7476
211.8428
212.3414
212.3772
212.3904
212.4521
212.6682
212.7057
212.816
212.8216
212.9966
213.0495
213.0865
213.1154
213.1755
213.1802
213.2022
213.2543
213.2689
213.6708
213.8706
214.08
214.2269
214.3699
214.5167
214.5518
214.6006
214.6762
214.7157
214.7681
214.9059
214.9096
214.9719
215.3076
215.3894
215.4232
215.6289
216.7305
220.6315
220.6763
220.8973
220.9911
221.0191
221.0677
221.1041
221.1084
221.1135
221.1331
221.1456
221.171
221.1901
221.2037
221.2298
221.2502
221.2636
221.3136
221.4457
221.4623
221.4807
221.651
221.6619
221.6712
221.6887
221.6997
221.7279
221.7852
221.7908
221.7935
221.8472
221.9308
221.9531
222.0484
222.112
222.7492
222.7808
222.8733
222.9184
222.9209
222.9318
222.9657
223.1811
223.2386
223.4206
223.5322
223.5819
223.6208
223.6791
223.7598
223.8245
224.4531
224.4624
224.5121
224.578
224.6178
224.6938
224.702
224.7048
224.7105
224.7306
224.7609
224.7855
224.9271
224.9675
225.0116
225.1797
225.2232
225.3408
225.3717
225.4917
225.9596
226.134
226.209
226.343
226.4046
226.4841
226.4998
226.5153
226.5573
226.5652
226.6673
226.7982
226.8302
226.8588
226.8962
226.9432
227.0053
227.1338
227.2573
227.2811
232.2477
232.2825
232.2895
232.298
232.325
232.3263
232.4171
232.4347
232.4567
232.4883
232.5085
232.5123
232.57
232.5714
232.6878
232.7904
232.8275
232.9094
232.9782
233.0702
233.1648
233.253
233.3575
233.3897
233.586
233.6044
233.6197
233.6666
233.7177
233.7239
233.7457
233.8239
233.8497
234.0024
234.2218
234.2508
234.2814
234.4288
234.4385
234.5147
234.6317
234.7477
234.7919
234.9227
235.3743
235.409
235.7331
235.7923
235.8581
236.0148
236.035
236.2469
236.287
236.3212
236.4167
236.4409
236.548
236.8754
237.0111
237.1665
237.193
237.5399
237.5924
237.6283
237.8263
237.8774
237.918
238.0245
238.0637
238.0967
238.2041
243.7884
243.8088
243.8193
243.8215
243.8533
243.8778
243.935
244.0998
244.1832
244.1955
244.2114
244.2324
244.251
244.2819
244.4284
244.4412
244.4502
244.4579
244.5212
244.5388
244.6138
244.7291
244.7716
244.8417
244.862
245.0285
245.1481
245.1946
245.2148
245.372
245.3881
245.4072
245.4313
245.6965
245.7815
245.8525
245.8894
245.9649
246.0508
246.1028
246.3074
246.3178
246.4272
246.4945
246.5011
246.5335
246.5398
246.6093
246.7784
246.873
247.0056
247.1271
247.2525
247.3666
247.3721
247.4167
247.4206
247.5746
247.9284
248.1111
248.142
248.349
248.4792
248.5429
248.6779
248.833
249.0663
249.1096
249.1265
249.1739
249.211
249.2327
249.5397
249.6372
249.6746
249.7149
249.7975
250.1469
250.1799
250.3782
250.8658
255.3679
255.3763
255.3905
255.3983
255.4679
255.5108
255.6196
255.7237
255.7264
255.7478
255.778
255.7925
255.8347
255.8724
255.8815
255.8896
255.8975
255.9108
255.9176
255.9536
255.9819
256.0546
256.071
256.0773
256.0954
256.1419
256.267
256.2833
256.4093
256.4369
256.539
256.8276
256.8682
257.0335
257.3104
257.3496
257.3617
257.4138
257.4306
257.4561
257.4778
257.5496
257.633
257.6529
257.6717
257.7045
257.7337
257.7854
257.8138
257.8204
257.8708
257.8875
257.9736
258.1408
258.1777
258.2224
258.2307
258.2924
258.9165
258.9449
259.1564
259.2244
259.2391
259.2636
259.296
259.2975
259.3372
259.3669
259.433
259.5629
259.6079
259.6641
259.7633
259.8308
259.8339
260.0955
260.3487
260.5767
260.5841
260.6045
260.7999
260.8402
260.8763
260.9149
260.9216
260.972
261.0378
261.0461
261.0777
261.1694
261.1818
261.1947
261.2079
261.2495
261.2655
261.3527
262.2873
265.957
266.0841
266.5661
266.9577
266.9596
266.962
266.9685
266.9736
266.9881
267
267.0041
267.0208
267.0443
267.063
267.0873
267.0984
267.1221
267.185
267.23
267.2351
267.2498
267.3275
267.4183
267.5567
267.5742
267.6113
267.6132
267.6314
267.6503
267.6577
267.6863
267.7056
267.728
267.7785
267.8105
267.844
267.8507
268.0177
268.4303
268.4475
268.4963
268.576
268.624
268.6518
268.6783
268.6865
268.7279
268.8205
268.9109
268.9684
268.9955
269.0455
269.1558
269.2445
269.3492
269.4114
269.4476
269.4778
269.7995
270.1686
270.2122
270.2643
270.3442
270.3534
270.3855
270.4187
270.4262
270.4292
270.4466
270.6428
270.9158
270.9992
271.0694
271.1236
271.1443
271.76
271.8221
271.8555
271.9091
271.947
271.9859
272.0377
272.0649
272.1221
272.2563
272.6761
272.7007
272.72
272.8071
272.9015
272.9383
273.5066
273.5223
273.7059
273.8047
277.0325
277.9406
278.5648
278.5804
278.685
278.7194
278.7782
278.928
278.9452
278.9609
279.0054
279.0283
279.0631
279.0798
279.1166
279.1268
279.164
279.2072
279.2414
279.2653
279.3172
279.3502
279.3758
279.3898
279.4077
279.4362
279.5497
279.5609
279.6662
279.8306
279.9426
279.96
279.9652
280.0311
280.0532
280.0576
280.0673
280.1706
280.2084
280.3109
280.3196
280.4254
280.44
280.4831
280.5186
280.5439
280.5877
280.6336
280.6365
280.7166
280.7658
280.8154
280.8508
280.8859
281.3181
281.6197
281.6362
281.7086
281.7284
281.7851
281.8162
281.8567
281.9342
281.9669
282.009
282.0643
282.1074
282.2548
282.2593
282.4055
282.4365
282.4645
282.6184
282.6203
282.6383
282.6963
282.9914
283.1727
283.226
283.2791
283.2846
283.3264
283.3371
283.3624
283.4684
283.5945
283.7282
283.7514
283.821
283.8809
283.9098
283.9571
284.0111
284.096
284.1249
284.1676
284.3783
284.9005
284.9304
285.0238
285.14
290.139
290.1418
290.1449
290.1474
290.1552
290.2454
290.2697
290.2844
290.3504
290.4552
290.4611
290.5104
290.5674
290.5832
290.5947
290.6115
290.6215
290.6471
290.6684
290.6882
290.7287
290.7539
290.7866
290.8115
290.8151
290.839
290.8535
290.8754
290.904
290.9151
290.9809
291.0645
291.1288
291.1362
291.1441
291.1569
291.2516
291.3128
291.3249
291.3463
291.3599
291.4216
291.4435
291.4944
291.5013
291.5732
291.7429
291.7729
292.0363
292.1215
292.1413
292.2722
292.2932
292.3097
292.335
292.3824
292.466
292.4675
292.5101
292.5286
292.6368
292.7342
292.8274
292.9051
292.9732
293.0971
293.1218
293.1594
293.3497
293.4688
293.6178
293.6573
293.7281
293.7479
293.7716
293.9822
294.0426
294.1058
294.1831
294.2265
294.3516
294.5781
294.887
294.9734
294.9867
295.0095
295.0381
295.2637
295.3384
295.4352
295.5583
295.5734
295.5956
295.7513
295.7936
295.8067
295.8634
295.9164
296.0077
296.1292
296.3402
296.3958
296.4498
296.5869
296.6647
301.7068
301.7275
301.7499
301.7698
301.7839
301.8111
301.8319
301.9231
301.9665
301.9896
302.0376
302.0492
302.0707
302.1642
302.1931
302.2553
302.2729
302.3006
302.319
302.3286
302.3496
302.364
302.4188
302.4614
302.5044
302.5082
302.518
302.5275
302.5421
302.592
302.6802
302.8845
303.2689
303.2772
303.3454
303.4118
303.49
303.5401
303.6147
303.6351
303.7255
303.7615
303.8091
303.8458
303.9126
303.9575
303.9709
304.025
304.0719
304.1031
304.1166
304.1279
304.1744
304.3248
304.3573
304.4264
304.4412
304.7335
305.0583
305.2133
305.3338
305.3629
305.4795
305.55
305.596
305.7842
305.8685
306.0002
306.1744
306.3804
306.6268
306.8058
306.9344
307.0185
307.1486
307.1995
307.2497
307.2911
307.3811
307.4151
307.4418
307.5587
307.9275
308.2709
308.4115
313.2941
313.3069
313.3184
313.3435
313.4139
313.6379
313.6516
313.6914
313.7033
313.7454
313.7677
313.7711
313.8015
313.8467
313.8639
313.8775
313.8958
313.9284
313.9542
313.9561
314.016
314.0487
314.0522
314.1224
314.1738
314.1989
314.3142
314.3244
314.3504
314.3699
314.4114
314.4343
314.4617
314.4686
314.559
314.6098
314.6536
314.6813
314.78
315.4206
315.4631
315.5071
315.5454
315.5698
315.5853
315.6
315.6108
315.6403
315.6542
315.6737
315.8322
316.061
316.0694
316.0754
316.0929
316.1401
316.208
316.2427
316.2588
316.2893
316.3175
316.341
317.2813
317.3109
317.3257
317.3557
317.3673
317.457
317.4598
317.4657
317.5807
317.5824
317.5897
317.5927
317.5981
317.6098
317.6852
317.8037
317.8618
317.8954
317.9323
317.9486
317.9919
318.2329
318.5444
318.6248
318.8661
318.9359
318.9411
319.039
319.0603
319.2042
319.2064
319.2304
319.2711
319.3143
319.4225
319.4828
319.5124
319.5737
319.6299
319.674
324.8875
324.9011
324.9112
324.9756
324.9948
325.0062
325.0354
325.0763
325.0848
325.1781
325.2353
325.2569
325.2597
325.2761
325.3032
325.3865
325.3927
325.4191
325.4546
325.5177
325.5428
325.6612
325.7091
325.7577
325.8968
325.9741
326.1361
326.4093
326.4269
326.5161
326.5665
326.619
326.8302
326.8756
327.0045
327.0561
327.0944
327.1625
327.2075
327.3299
327.4958
327.6145
327.6847
328.0215
328.2326
328.5124
328.5421
328.548
328.5646
328.5742
328.5977
328.6955
328.726
328.908
329.0008
329.0367
329.1887
329.2182
329.292
329.6943
330.2609
330.2879
330.3446
330.3731
330.399
330.4486
330.5837
330.6079
330.636
330.691
330.7335
330.8459
331.23
331.9793
332.0022
336.453
336.4942
336.5038
336.5617
336.5717
336.5813
336.6079
336.6303
336.6669
336.8144
336.899
336.917
336.9288
336.9495
336.9894
337.0115
337.0668
337.0789
337.1072
337.1164
337.1524
337.193
337.3423
337.3916
337.5024
337.5201
337.6503
337.7025
337.7436
337.8118
337.8722
337.9349
338.2634
338.2657
338.4221
338.5542
338.5777
338.6942
338.7514
338.7853
338.8288
338.8485
338.8644
338.8971
339.1194
339.1429
339.2189
339.3943
339.446
339.5729
339.7116
339.7221
339.9129
340.1119
340.2115
340.2175
340.2969
340.3273
340.3572
340.4191
340.6249
340.6687
340.7466
340.9142
340.9432
340.9826
341.0259
341.0518
341.2252
341.4403
341.4473
341.742
341.8036
341.8182
341.8415
341.8518
341.8628
341.876
341.8983
342.0023
342.0393
342.1882
342.3436
342.3805
342.4146
342.4766
342.525
342.5485
342.7456
342.7788
342.792
342.8754
342.8784
342.9803
343.1817
343.278
348.0987
348.1849
348.2739
348.2789
348.3647
348.3766
348.4449
348.4629
348.4823
348.5032
348.5117
348.5276
348.5617
348.5631
348.5871
348.6197
348.6589
348.666
348.7237
348.7321
348.7356
348.759
348.8024
348.8304
348.8913
348.982
349.0017
349.0479
349.0959
349.2755
349.3018
349.4292
349.4751
349.5208
350.003
350.0052
350.0299
350.0382
350.1096
350.2188
350.2264
350.2817
350.3042
350.3251
350.502
350.5382
350.561
350.7639
350.8547
351.0048
351.5568
351.7837
351.8062
351.8084
351.82
351.8312
351.8536
351.8594
351.8678
351.9121
352.0819
352.1192
352.1483
352.3323
352.3778
352.6698
352.7934
353.485
353.5121
353.5369
353.5437
353.5499
353.5672
353.5716
353.616
353.6796
353.7038
353.7595
354.53
354.6391
354.6411
354.9617
357.0832
359.6365
359.6428
359.6474
359.6523
359.6554
359.6859
359.6989
359.6999
359.7364
359.7388
359.7838
359.8125
359.849
359.8559
359.8579
359.8739
359.8797
359.8834
359.9767
360.0143
360.037
360.051
360.0682
360.0966
360.196
360.264
360.3247
360.3411
360.3497
360.4413
360.447
360.5318
360.6326
360.6359
361.0562
361.1118
361.1336
361.2082
361.2333
361.293
361.3648
361.4124
361.432
361.5312
361.5732
361.6043
361.6458
361.6781
361.7394
361.9716
362.03
362.0643
362.1205
362.178
362.2254
362.2282
362.5562
362.5817
362.813
362.8786
362.8854
362.8936
362.9232
362.9871
363.013
363.0456
363.0769
363.1306
363.1718
363.2299
363.3382
363.4857
363.5931
363.6268
363.7489
363.7643
363.8258
364.1751
364.2104
364.2214
364.4287
364.5105
364.5612
364.5779
364.602
364.7091
364.7215
364.7452
364.794
364.8343
364.8378
364.8724
365.0386
365.2087
365.3907
365.9024
366.144
366.1492
366.1935
366.2062
367.0291
368.1183
368.7746
369.8731
370.1289
370.3339
371.2354
371.2541
371.271
371.313
371.3278
371.3785
371.4968
371.6225
371.6353
371.7125
371.792
371.7988
371.8268
371.8573
371.9093
371.995
372.0594
372.0982
372.1156
372.1389
372.2932
372.6116
372.6951
372.7437
372.7492
372.7757
372.8239
373.0054
373.1572
373.164
373.1946
373.2814
373.3528
373.4248
373.4736
373.4941
373.5547
373.6021
373.61
373.6548
373.7104
373.7239
373.8815
373.909
373.9225
374.3259
374.4482
374.4609
374.61
374.6343
374.6984
374.8703
374.8842
374.9693
375.0237
375.0841
375.371
375.4372
375.4577
375.5023
375.524
375.9509
376.0046
376.0601
376.0864
376.1608
376.3219
376.3506
376.4028
376.5119
376.5344
376.6684
376.7228
376.8189
376.8354
377.192
377.2124
377.6767
377.7281
377.7562
377.7614
382.7993
382.8072
382.8238
382.829
382.8367
382.8443
382.8557
382.8865
382.9682
382.9834
383.0318
383.0554
383.0799
383.1215
383.1554
383.205
383.2575
383.2868
383.3457
383.3908
383.4084
383.4516
383.4865
383.5823
383.6237
383.8058
383.8353
384.0162
384.1939
384.2601
384.2809
384.3839
384.4208
384.4865
384.5123
384.6599
384.7116
384.8174
384.9085
384.9561
384.9677
385.0643
385.0987
385.1095
385.3111
385.3976
385.5844
385.5963
385.6808
387.7611
387.7671
387.772
387.7803
387.7851
387.8076
387.817
387.8195
387.8381
387.8493
387.8748
387.9069
387.9405
388.0078
388.0408
388.0583
388.084
388.1023
388.1096
388.1146
388.3371
388.503
388.5216
388.5441
388.748
388.7536
388.7894
388.8246
389.0198
389.0815
389.3348
389.7304
389.802
389.8185
389.8336
390.0813
390.2477
390.467
392.6007
392.7158
392.7294
392.7384
392.7514
392.7612
392.772
392.7777
392.7833
392.7883
392.7939
392.8027
392.818
392.8321
392.8463
392.876
392.9227
393.1124
393.6035
393.771
393.8299
394.1162
394.4175
394.5825
394.7583
394.8426
395.1473
395.3202
395.3726
395.5346
395.9191
397.6918
397.6938
397.7016
397.7098
397.7122
397.7193
397.7298
397.7332
397.7387
397.7501
397.766
397.7722
397.7855
397.8658
397.8936
397.9039
397.9487
398.049
398.0972
398.1983
398.2633
398.3034
398.4348
398.4677
398.5219
398.5663
398.6887
398.7346
398.9205
399.2707
399.5331
399.6323
400.0367
400.1629
400.5525
402.6466
402.6587
402.6667
402.6786
402.6802
402.6904
402.7057
402.7191
402.7334
402.7622
402.7797
402.7982
402.8263
402.86
402.9335
402.9953
403.0611
403.1419
403.2151
403.2285
403.2886
403.7206
403.7791
403.854
404.0533
404.2803
404.3313
404.5486
404.646
404.7639
407.2083
407.3031
407.6165
407.6461
407.6513
407.659
407.6736
407.6778
407.709
407.725
407.7279
407.8602
407.8875
407.9091
407.9227
408.1685
408.4131
408.4945
408.6488
408.7304
408.893
408.9171
409.1629
409.641
409.712
409.74
409.9823
410.1497
410.3697
412.5871
412.5964
412.5989
412.6127
412.615
412.6339
412.6374
412.6435
412.6512
412.6558
412.6652
412.6778
412.74
412.7505
412.765
412.7831
412.7935
412.8383
412.8616
412.8998
412.9988
413.0212
413.193
413.2346
413.2742
413.7876
413.8224
413.945
414.0327
414.0939
414.2362
414.2478
414.7148
414.721
414.7282
414.9698
414.9807
415.2242
417.5539
417.614
417.6197
417.6319
417.6525
417.7683
417.7933
417.8453
417.8503
417.8565
417.8967
417.9833
417.9927
418.0442
418.0919
418.0986
418.3464
418.5652
418.6779
418.8631
418.8902
419.0792
419.0922
419.269
419.334
419.5548
419.5743
419.5858
419.7885
419.81
419.8278
419.8397
419.8506
419.991
420.0279
420.2231
420.2902
420.453
422.2232
422.5188
422.5248
422.5267
422.5353
422.5476
422.55
422.5526
422.5658
422.5866
422.6884
422.6989
422.7339
422.9631
423.0548
423.082
423.2124
423.3145
423.8223
423.953
424.0045
424.1702
424.202
424.2966
424.4556
424.6561
424.8212
424.9004
425.1606
425.1965
427.4772
427.4908
427.5019
427.5097
427.5436
427.5837
427.6576
427.7336
427.7756
427.7908
427.9951
428.0444
428.0918
428.2634
428.299
428.5433
428.7162
428.7958
428.8486
429.0503
429.1494
429.703
429.9665
430.2129
430.3042
432.4517
432.4669
432.4773
432.4874
432.5048
432.5182
432.5212
432.5247
432.5537
432.5903
432.7466
432.8011
432.8093
432.8603
432.8865
433.1258
434.0092
434.7247
435.0547
437.3988
437.4124
437.4148
437.4194
437.4364
437.4434
437.4614
437.4783
437.5062
437.5389
437.6171
437.627
437.6629
437.8211
437.9851
438.1416
438.633
438.6721
438.7076
438.7455
438.9758
439.3413
439.4591
439.6028
440.2654
442.3614
442.3803
442.3928
442.398
442.4016
442.4133
442.4213
442.4275
442.4436
442.4954
442.5012
442.5133
442.5705
442.5967
442.6545
442.7439
442.7755
442.8982
442.9785
443.2423
443.7422
443.8944
443.9715
444.1301
444.2427
444.4743
444.5149
444.5375
447.344
447.3582
447.3661
447.372
447.3813
447.3999
447.4645
447.5151
447.5201
447.5773
447.6378
447.6766
447.698
447.8578
447.8773
447.8807
447.8924
448.0814
448.095
448.1188
448.1411
448.3808
448.4544
448.6075
448.627
448.9719
449.0875
449.1138
449.1161
449.6306
449.9677
450.1417
452.3128
452.3161
452.3232
452.3248
452.3331
452.3448
452.3574
452.3787
452.4368
452.4419
452.4542
452.4671
452.4873
452.4974
452.5059
452.6737
452.6838
452.7653
452.7808
452.8247
452.9406
452.9748
453.2022
453.237
453.484
453.6683
453.9356
454.1799
454.2333
454.4218
454.6471
454.6757
454.9123
454.9299
454.9446
455.1346
455.2056
457.2532
457.29
457.2962
457.3011
457.3059
457.3231
457.3345
457.3359
457.3501
457.3906
457.4024
457.4307
457.435
457.483
457.495
457.5022
457.5236
457.5384
457.6058
457.6205
457.6426
457.8123
457.8218
457.8407
457.9656
458.5168
458.7267
458.7846
458.835
459.0286
459.076
459.0979
459.1741
459.2708
459.3032
459.5184
459.7233
459.8726
460.1032
462.2461
462.2483
462.2546
462.2826
462.3633
462.3941
462.4057
462.4278
462.4701
462.5178
462.5626
462.5877
462.6928
463.3182
463.3903
463.4269
463.4876
463.8957
463.9075
464.1392
464.1548
464.2741
464.5039
464.6569
464.6645
464.9599
465.8034
467.2159
467.2374
467.2471
467.2924
467.3309
467.3547
467.3569
467.4702
467.5474
467.5552
467.7178
467.7551
467.7732
467.9335
467.9628
468.0152
468.0369
468.2266
469.0384
469.1594
469.1749
469.1948
469.4348
469.4432
469.66
469.6689
469.7009
469.9104
471.2315
471.7734
472.1676
472.1696
472.1798
472.2128
472.2178
472.2294
472.2349
472.242
472.2445
472.2654
472.4072
472.5831
472.8499
473.4448
473.7216
474.2174
474.2276
474.325
474.9911
476.4351
476.6129
477.1142
477.1325
477.136
477.1374
477.1469
477.1573
477.1678
477.1808
477.2101
477.2305
477.3009
477.3882
477.4041
477.4491
477.5748
477.7312
477.7473
477.8559
478.1547
478.2344
478.3717
478.8259
479.2378
479.4069
479.49
479.5826
479.5954
479.724
479.8429
482.1187
482.1279
482.1337
482.1416
482.1438
482.1578
482.1801
482.1859
482.2073
482.2265
482.2364
482.2386
482.2409
482.3921
482.399
482.4136
482.5736
482.6132
482.6401
482.6792
482.701
482.902
482.9854
483.4359
483.9649
484.2056
484.342
487.0447
487.0812
487.0944
487.1119
487.174
487.1918
487.3156
487.3404
487.5205
487.5715
487.5969
487.8023
487.819
487.8377
487.8935
488.3378
488.573
489.0771
489.3148
489.6766
492.0014
492.0287
492.0392
492.0489
492.065
492.0762
492.0928
492.1103
492.1197
492.1645
492.184
492.2428
492.2513
492.4234
492.4329
492.4582
492.6532
492.681
492.9609
493.2178
493.2676
493.4537
493.4592
493.6382
493.6416
493.9154
494.3482
494.8711
494.8848
494.8912
497.0095
497.0147
497.0199
497.028
497.032
497.0531
497.0557
497.0716
497.0836
497.1235
497.2102
497.2648
497.3321
497.3345
497.5252
498.0147
498.0297
498.2308
498.4345
498.5494
498.7071
498.7888
498.8767
498.9803
498.9929
499.6847
499.777
501.7466
501.9554
501.964
501.9688
501.9734
501.9769
501.9792
502.0029
502.0932
502.111
502.1877
502.2967
502.3753
502.4811
502.488
502.4973
502.8762
502.9926
503.4728
503.6211
503.6781
504.0886
504.5628
504.615
506.9287
506.9379
506.9457
506.9575
506.9635
507.0152
507.0832
507.1699
507.1851
507.2038
507.2217
507.2632
507.4924
507.7579
507.9205
507.9353
507.9845
508.0263
508.2408
508.4984
508.627
508.8105
509.3744
509.3832
509.4123
509.474
509.5006
509.6698
509.6861
511.8752
511.9034
511.9357
511.9404
511.9473
511.9526
511.9685
511.9805
512.0349
512.0532000000001
512.1976
512.2201
512.2371000000001
512.2648
512.4795
512.5371
513.0491
513.4657999999999
514.2078
514.2606000000001
516.8501
516.8559
516.8624
516.9669
517.0961
517.1664000000001
517.1803
517.2026
517.3355
517.3957
517.7408
518.0445999999999
518.3015
519.4372
521.7953
521.8128
521.8238
521.8366
521.8530000000001
521.8543999999999
521.8742
521.8788
521.9378
521.9417
521.9698
522.1028
522.1070999999999
522.1333999999999
522.1628000000001
522.1782000000001
522.3672
522.3956000000001
522.4158
522.4366
522.4707
522.5175
522.6249
522.9344
523.0325
523.2002
523.5646
523.6667
523.8105
524.0808
524.6142
526.7788
526.7895
526.8335
526.8416999999999
526.8516
526.8588999999999
526.8766000000001
526.9868
527.0203
527.0475
527.2891999999999
527.3154
527.5571
527.7927
528.0721
528.0967000000001
528.2793
528.3976
528.6220000000001
528.7849
528.806
528.8733999999999
529.5015
529.5318
529.5604
529.5939
531.7363
531.7384999999999
531.7402999999999
531.7470000000001
531.7615000000001
531.7744
531.798
531.8728
531.8899
531.9032
531.9295
531.9338
532.0364
532.1245
532.1537
532.2085999999999
532.2522
532.2619
532.337
532.4327000000001
532.4709
532.5557
532.6707
532.6734
533.3398999999999
533.3428
533.4422
533.6251
533.6425
533.8362
533.9825
534.1131
534.1378999999999
534.6187
534.6321
536.6847
536.7073
536.7114
536.7184999999999
536.7282
536.7309
536.7328
536.7583
536.7674
536.7709
536.7867
536.8076
536.8103
536.8126999999999
536.8324
536.8422
536.9098
536.9445000000001
536.9607
536.9696
537.0077
537.04
537.1857
537.3461
537.4008
537.4182000000001
537.7438999999999
537.7551
537.8911000000001
537.9005999999999
537.9185
537.9826
538.4871000000001
538.5077
538.9777
539.1872
539.4
539.48
545.7331
