0.016
6.9319
10.8096
12.1029
12.1045
12.1325
12.2479
12.3627
12.4031
12.8471
12.9438
13.1702
13.1945
13.2048
13.2145
13.5827
14.3683
14.3965
14.6487
14.6674
15.6044
15.9223
17.2727
17.3178
17.443
17.8234
18.1566
18.2184
18.4621
18.6988
18.8151
19.35
19.6551
20.99
22.1633
23.4667
23.7205
23.7241
23.7297
23.7343
23.7686
24.0307
24.2596
24.4039
24.4871
24.5221
25.0369
25.2165
25.2291
25.2744
25.2978
25.3237
25.3382
25.7423
25.8377
25.8518
25.8555
26.1239
26.1519
26.5703
26.714
26.7713
26.9068
27.0608
27.1333
27.3892
27.4503
27.5197
27.6286
27.8556
28.4418
28.6199
28.7303
28.9183
29.0066
29.0325
29.4325
29.8206
30.0494
30.2323
30.2848
30.4876
30.6163
31.4811
31.5135
31.8885
33.4059
33.898
34.7318
35.6247
35.6862
35.6996
35.7054
35.7169
35.728
35.772
35.8236
35.8687
35.8839
35.8947
35.9949
36.0072
36.0737
36.1398
36.1491
36.2224
36.3173
36.7703
36.8628
37.3317
37.3615
37.3765
37.4295
37.4701
37.5289
37.5408
37.5575
37.5915
37.6581
37.6673
37.7695
37.9565
37.9748
38.0803
38.1034
38.1758
38.8619
38.9909
39.1032
39.1591
39.3171
39.3977
39.4873
39.5457
39.57
39.7917
39.8145
39.8765
39.9841
40.3001
40.5312
40.6487
40.7
40.7462
40.7751
40.8114
40.8693
40.905
40.9238
40.9913
41.0323
41.2419
41.2437
41.3816
41.4497
41.464
41.4788
41.5833
41.8763
41.8812
45.0191
46.0406
46.2323
46.3872
46.4591
46.6916
46.8438
46.8696
46.8809
47.009
47.0398
47.1077
47.1154
47.1184
47.1481
47.1955
47.2299
47.3762
47.3921
47.465
47.4828
47.5521
47.7314
47.7692
47.7794
47.8528
47.9144
47.924
47.9419
47.9522
48.0392
48.1098
48.2433
48.2774
48.362
48.4378
48.8227
48.8249
48.9176
49.094
49.1049
49.1447
49.3551
49.3806
49.4119
49.4516
49.5175
49.5452
49.6109
49.6885
49.8444
49.913
50.1547
50.22
50.2621
50.388
50.5397
50.8352
50.8585
51.0416
51.1392
51.26
51.3373
51.4691
51.7228
51.9795
52.0835
52.1459
52.1665
52.2146
52.2932
52.315
52.4856
52.5298
52.7322
52.8529
53.455
54.1828
56.5379
57.1405
58.4525
58.4588
58.5935
58.597
58.6007
58.6253
58.6412
58.684
58.7264
58.7946
58.8068
58.8263
58.8996
58.9393
59.1312
59.1564
59.2563
59.3151
59.4329
59.6453
59.6496
59.7254
59.7399
59.7688
59.8967
59.9169
59.9494
59.9792
60.2774
60.4281
60.5932
60.614
60.7508
60.8075
60.8651
60.9278
61.0239
61.2026
61.223
61.2515
61.3148
61.4209
61.4744
61.5039
61.5223
61.577
61.5876
61.5968
61.6385
61.945
61.9715
62.3882
62.5284
62.5595
62.7337
63.1926
63.2226
63.2408
63.3518
63.6211
64.0399
64.09010000000001
64.3904
64.78749999999999
64.83580000000001
64.89700000000001
64.971
65.0356
65.03919999999999
65.0698
65.08880000000001
66.0429
68.09910000000001
69.1596
69.4191
70.0252
70.03959999999999
70.1949
70.2457
70.3689
70.3895
70.4438
70.81359999999999
70.8248
70.8978
70.9332
70.941
71.086
71.1823
71.19589999999999
71.276
71.3553
71.3918
71.94459999999999
72.066
72.1049
72.3117
72.4641
72.5347
72.6955
72.76349999999999
72.9025
72.9516
72.9868
73.0266
73.18689999999999
73.6473
73.7932
73.80370000000001
74.4442
74.6174
74.8065
74.8261
75.19329999999999
75.3138
75.5689
75.5877
75.61969999999999
75.6555
76.0262
76.0437
76.07850000000001
76.1285
76.1417
76.21210000000001
76.2347
76.45569999999999
77.3749
80.7861
81.49769999999999
81.5966
81.6041
81.6215
81.7338
81.7433
81.8292
82.08799999999999
82.1679
82.176
82.4533
82.45569999999999
82.66670000000001
82.74420000000001
82.7677
83.41119999999999
83.4727
83.5115
84.0733
84.3518
84.4773
84.88979999999999
85.27
85.7805
86.30500000000001
86.80370000000001
86.8351
87.00230000000001
87.3926
87.47799999999999
87.5745
87.8524
88.4182
88.5039
88.5702
89.08969999999999
89.5707
90.70180000000001
90.7487
92.2976
93.1764
93.2184
93.32680000000001
93.38549999999999
94.0877
94.1733
94.395
94.4614
94.5227
96.0771
96.3724
96.81829999999999
97.1943
97.2512
97.5821
97.7694
97.94370000000001
97.95959999999999
98.3387
98.8152
98.9868
99.78870000000001
99.8236
99.9203
100.2343
100.3742
101.9151
104.807
105.0043
105.1748
105.3012
105.5872
105.6694
105.7257
106.2172
106.5728
106.7779
106.8412
107.5512
108.5085
108.5896
109.0184
109.628
109.762
110.3276
110.7136
110.8041
111.415
111.4298
111.5842
111.7667
112.1883
114.3086
115.3794
115.6156
116.3697
116.373
116.379
116.3869
116.4038
116.4178
116.4293
116.5485
116.7657
116.8704
116.9492
117.0046
118.063
118.0648
118.3188
118.464
118.6057
118.6531
118.855
118.9533
119.286
119.335
119.3473
119.4965
119.7502
119.9133
119.9375
120.2427
120.3794
120.5114
121.1619
121.277
121.5257
121.6308
121.683
121.8754
121.8957
122.6774
122.8023
122.8922
123.9839
127.9295
127.9358
127.9419
127.9478
127.9534
128.5146
128.6363
128.7807
130.096
130.197
130.4176
130.5292
131.6556
132.0013
132.0579
132.3152
132.3781
133.0202
133.1393
133.146
133.1653
133.3943
133.754
133.7642
133.8257
133.8639
134.0002
134.2235
134.5428
134.6564
134.9456
134.9576
137.0465
138.8274
139.1019
139.5594
139.6027
139.6999
139.8165
140.0309
140.0644
140.0916
140.1886
140.3542
140.8305
141.1558
141.1956
141.5864
141.6075
141.7043
141.827
141.9855
142.0119
142.0835
143.0876
143.2163
143.3219
143.3563
143.5356
144.1469
144.3026
144.7017
144.9193
145.135
145.1694
145.2675
145.2989
145.4315
145.4426
145.4895
145.5939
146.1251
146.4247
147.0471
147.5507
147.7429
148.4695
148.861
149.8579
150.6076
151.0974
151.1286
151.1303
151.1413
151.2723
151.2863
151.3061
151.3982
151.4229
151.4452
151.6773
151.9639
152.3132
152.3319
152.469
152.5307
152.7262
152.8575
152.8952
153.3274
153.3974
153.5656
153.5809
153.6591
153.8406
153.864
154.154
154.4145
154.6074
154.6297
154.8168
154.8514
155.2746
155.6948
155.9709
155.9921
156.1115
156.1717
156.4932
157.1427
157.2641
157.3806
157.4378
157.5051
157.7229
159.1173
160.1657
160.9824
161.5089
161.9999
162.3277
162.6254
162.6917
162.7063
162.98
163.1949
163.3113
163.474
163.5898
163.731
163.8386
163.8938
163.9247
164.0648
164.8973
164.957
165.1449
165.2607
165.58
165.6786
166.5651
166.6645
166.9015
167.2804
167.3471
168.3341
168.5942
168.6282
168.9024
169.2467
169.4655
171.7517
174.4462
174.7883
175.0157
175.0789
175.216
175.4451
175.577
175.6883
176.1001
176.1691
176.5486
177.1647
177.7952
178.0396
178.0827
178.3136
178.363
178.9496
179.1497
179.228
179.2603
179.3601
179.6484
179.9676
180.1456
180.4547
180.5032
180.6754
180.8738
180.898
182.9032
183.5549
185.1379
185.4302
185.4517
185.8555
185.8567
185.8816
185.8862
185.8898
185.9208
185.9564
186.2207
186.278
186.3151
186.5997
186.8107
186.8613
187.0558
187.1205
187.3457
187.435
187.4786
187.5363
188.6427
188.7075
189.0618
189.1204
189.95
190.3816
190.5161
190.8199
190.8866
191.0545
191.1568
191.2306
191.3039
191.3171
191.465
191.9877
192.2659
192.458
192.4647
192.4763
192.4804
192.4922
192.6762
192.7117
192.8648
193.2357
193.4975
194.6284
194.8142
195.9757
196.3479
196.6126
197.3214
197.4693
197.4821
197.4838
197.5018
197.5518
197.6832
197.789
197.7928
197.8536
198.018
198.1454
198.2042
198.8214
199.4835
200.1826
200.1985
201.4511
202.8508
202.9153
203.2409
203.5013
203.8266
204.0392
204.0418
204.0752
204.3269
204.3948
204.459
204.5945
204.8883
205.3498
205.8438
205.918
206.6115
209.0058
209.0253
209.0304
209.0588
209.0622
209.0667
209.0866
209.109
209.1358
209.312
209.5013
209.5399
209.6019
209.6208
210.5972
211.0021
211.0986
211.1649
211.2196
211.2514
211.2986
212.1535
212.4469
213.255
213.9346
214.4906
214.6033
214.653
214.7189
214.7598
215.1252
215.6261
215.6277
218.8839
218.9277
219.1981
219.2508
219.522
220.6064
220.9279
220.9331
221.0245
221.1486
221.1911
221.3063
221.3603
221.4133
221.424
221.4655
221.4774
222.0958
222.3698
222.4712
222.9679
223.0534
223.075
223.0993
223.3718
223.4702
224.2635
224.3843
224.601
224.863
224.9437
224.9982
225.0639
225.1934
225.7798
225.8458
226.0369
226.0439
226.0676
226.1327
226.2615
226.411
226.4483
226.4778
226.5003
226.8186
226.9412
227.1458
227.2027
227.2093
227.2807
227.7872
227.8128
227.9067
228.4436
228.7846
228.898
230.4823
231.0727
232.1988
232.2102
232.383
232.5138
232.5263
232.5909
232.6535
232.7623
232.8081
233.0118
233.0914
233.1141
233.2127
233.2791
233.2809
233.4029
233.4165
233.4773
233.5346
233.7784
234.0498
234.1155
234.1209
234.2134
234.2654
234.3172
234.4538
234.519
234.8247
234.9704
235.1361
235.3651
235.8103
235.9035
236.2203
236.6051
236.7848
237.1412
237.5596
237.5979
237.7126
237.714
237.8779
237.9992
238.0767
238.1012
238.2668
238.2819
238.6184
238.8386
239.1064
239.2052
239.3574
239.5051
240.7269
241.4534
243.8775
243.963
244.0889
244.1943
244.3223
244.3819
244.4659
244.6639
244.6863
245.019
245.0578
245.0603
245.2037
245.2196
245.4197
245.4868
245.4961
245.5222
245.544
245.5867
245.6465
245.8309
246.1316
246.7576
246.7767
246.898
246.919
246.9375
247.0481
247.0971
247.7408
247.7495
247.7916
247.9646
248.2629
248.3846
248.4453
248.657
248.8395
248.9259
248.9621
249.712
249.8258
249.9492
250.4267
250.9551
252.849
253.1774
253.5222
254.0303
255.3438
255.3833
255.414
255.6918
255.9711
256.0758
256.1388
256.1403
256.1816
256.2231
256.2527
256.3807
256.4806
256.5206
256.5314
256.5833
256.6355
256.7528
257.5198
257.8828
257.9177
258.0142
258.3397
258.4342
259.0012
259.2799
259.5314
259.6966
259.8055
259.948
260.9734
261.0042
261.0377
261.0695
261.1645
261.1941
261.4896
261.5298
261.5881
261.7333
261.9849
261.9979
262.0034
262.0267
262.1784
263.0641
265.0182
266.3132
266.7048
266.9383
266.9694
267.0754
267.1429
267.2188
267.2388
267.2992
267.6576
267.7478
267.8342
267.8839
268.1356
268.2119
269.8198
269.8673
270.3214
270.7335
271.5323
272.2585
272.9707
273.1065
273.5497
273.5819
273.9082
274.0252
274.4575
275.1526
275.6017
276.1849
276.266
276.4253
277.2329
278.5466
278.5541
278.5567
278.6153
279.0787
280.1341
282.348
283.2012
284.9619
285.0091
285.1209
285.1225
285.1849
289.0345
289.1046
289.8736
290.0506
290.2438
290.2565
290.6463
290.6699
290.6959
290.8911
292.5379
294.1584
294.5258
296.7268
296.9167
298.2438
299.2621
300.3927
300.5506
300.6701
301.7282
301.7507
301.8173
301.8405
301.8475
301.8903
302.0862
302.2869
302.2894
302.5846
302.637
303.1535
303.3986
303.4107
303.5316
303.6692
303.7761
304.5697
305.3665
305.3783
307.0451
307.3577
307.4676
307.9924
308.2789
308.3009
308.3822
308.5123
308.6815
310.054
311.4207
312.1095
313.2675
313.275
313.2807
313.2992
313.3035
313.6085
313.6163
313.7306
313.7627
313.9897
314.0375
314.0496
314.6341
315.65
315.6819
315.8679
315.9516
316.0169
316.312
316.7778
317.2185
317.2497
317.3521
317.417
317.4633
317.4838
318.4337
318.5721
318.7089
318.8112
318.9168
319.0417
319.436
319.5228
319.9163
320.2018
320.2455
322.1369
323.5333
324.8649
324.9292
325.1006
325.2011
325.344
325.4303
325.5249
325.5596
325.6356
325.6481
325.7146
325.7354
325.8978
326.0831
326.9319
327.1376
327.1897
327.3444
327.4227
327.5212
328.0554
328.4223
328.6285
328.8207
329.0894
329.179
329.1908
329.478
329.5414
329.5458
329.7887
329.8956
330.2193
330.3326
330.4653
330.7118
330.7279
331.0216
331.4803
331.4889
331.5007
331.7284
331.8294
332.2379
336.4674
336.47
336.4821
336.4902
336.5117
336.5978
336.7405
336.8535
336.8823
337.0459
337.6794
337.7548
337.9236
337.964
337.9698
338.1631
338.1908
338.2353
338.2662
338.2863
338.4539
338.6882
339.0224
339.1196
339.2745
339.925
339.9518
339.9534
340.0821
340.3304
340.7286
340.7366
340.8065
341.2689
341.6642
342.0561
342.2496
342.2709
343.0071
343.0399
343.046
343.7874
344.6366
346.5891
347.7431
348.06
348.1061
348.1269
348.2909
348.4757
348.4885
348.6649
348.7026
348.81
348.858
349.074
349.086
349.1727
349.3418
350.2502
350.3465
350.5067
350.6285
350.6465
350.6682
350.9188
350.9305
351.2071
351.5289
351.7589
351.7918
351.8673
352.3766
352.5467
352.6349
352.648
352.6596
352.7011
353.5522
354.1125
354.1392
354.197
354.3486
354.3505
354.5144
354.5179
354.668
356.5302
357.5998
357.9093
358.6296
359.6361
359.702
359.824
359.8354
359.8586
359.875
359.9289
360.9962
361.0364
361.2099
361.6653
361.797
361.8038
361.8272
362.0283
362.3109
362.6026
363.1447
363.4894
364.17
364.1858
365.17
365.406
365.7177
365.7945
365.9364
366.2135
366.2341
366.8684
367.4909
368.6157
370.9191
371.203
371.2114
371.2154
371.2291
371.3027
372.7728
373.0116
373.4744
373.7847
373.8535
374.7439
375.1226
376.0415
377.5499
377.7514
377.8099
378.1412
378.4225
378.7168
379.1033
380.562
380.6919
381.4349
381.9746
382.1565
382.2325
382.8028
382.8207
382.8225
382.8246
382.8434
382.854
382.8627
382.8694
382.8864
382.9238
382.9394
383.0732
383.3832
383.8704
383.9822
384.4485
385.1067
385.4014
385.5458
387.1036
387.7459
387.7545
387.7855
387.8613
387.9155
388.1216
388.6641
389.0976
389.2088
390.2696
390.622
392.702
392.7228
392.7627
392.7858
392.8411
392.9864
394.3718
394.7227
395.0201
397.3677
397.7189
397.729
397.7326
397.7843
397.8021
398.6013
398.7023
398.7273
398.9355
399.899
400.5098
401.2591
402.0905
402.66
402.6682
402.6846
402.7243
402.8049
402.9009
403.1634
403.3033
404.1036
404.996
405.2897
405.4295
405.5523
407.1828
407.5944
407.6492
407.8983
408.8831
409.1998
409.8471
409.9664
410.4492
412.5633
412.6056
412.6152
412.6369
412.6447
412.6545
412.7344
412.8592
413.0206
413.3183
414.5448
415.1072
415.3129
415.4903
417.6248
417.6454
418.2169
418.2396
418.2955
418.455
418.9956
420.0361
420.0957
422.4962
422.5039
422.5085
422.5447
422.5481
422.5592
422.5897
422.6076
422.6706
422.6781
423.3905
424.0319
424.1179
424.8187
426.2195
427.456
427.4913
427.4986
427.6942
427.8728
428.1793
428.1814
428.7267
429.4325
429.6442
429.6784
430.0163
431.5087
432.3417
432.4271
432.4449
432.4671
432.4707
432.482
432.5342
432.8909
433.2194
433.4519
433.9331
434.3029
434.9866
437.2206
437.4559
437.4765
437.4825
437.516
437.5368
437.5712
437.7689
437.7936
437.8622
438.3392
438.9867
439.0147
439.2887
439.3222
442.3459
442.3846
442.3962
442.4535
442.5088
442.8197
442.8611
443.3461
444.7639
444.8182
444.8784
445.1161
446.7153
447.1715
447.3633
447.4363
447.4683
447.4979
447.5385
447.6113
447.616
447.7077
447.8554
447.9358
448.3046
448.599
449.2928
449.8511
452.2877
452.2896
452.2994
452.3018
452.3048
452.307
452.4426
452.7759
452.783
452.9614
453.0849
453.2732
453.5546
453.7299
453.8429
454.2416
454.2811
454.5781
454.8001
454.9588
454.9709
455.092
455.3196
455.4954
457.2466
457.2539
457.3465
457.3516
457.4293
457.9108
458.4649
458.5099
458.7147
459.106
459.4808
462.262
462.2652
462.3052
462.3461
462.361
462.3743
462.6006
462.6852
462.7178
462.8211
462.8382
463.0023
463.2446
463.5946
464.0409
464.5587
465.039
466.0822
467.1775
467.2042
467.2077
467.3295
467.3966
467.6419
467.6538
467.6817
467.8235
468.1894
468.3999
468.5917
468.6706
468.8172
469.0775
469.5111
469.5285
469.8081
469.8728
471.2992
472.1388
472.1758
472.2196
472.2618
472.2817
472.4223
472.6784
472.7872
472.8553
473.893
474.1024
477.1823
477.2166
477.2748
477.3869
477.6391
477.8988
477.9858
478.0646
479.032
479.5142
479.7857
482.0731
482.0971
482.1023
482.105
482.3357
482.7718
482.7928
484.6178
484.7536
484.9605
487.0839
487.087
487.1763
487.3976
487.6388
487.8158
488.525
489.0005
489.0758
492.0047
492.0193
492.0277
492.0527
492.534
493.0035
493.2429
494.2503
494.5248
494.7337
495.8781
496.9565
496.9592
497.0476
497.5181
498.0669
498.0979
498.3576
498.6537
498.8762
499.2116
499.4139
499.8528
501.9391
501.957
501.971
501.9828
501.9866
502.0637
502.0771
502.0908
502.1165
502.2157
502.5819
503.309
503.4767
503.5329
503.5866
503.6747
504.0705
504.2809
504.5238
504.5613
504.8188
506.8912
507.8702
508.1101
508.5565
508.861
509.3144
509.4956
509.6297
511.8598
511.8624
511.898
512.1320000000001
512.2512
513.3688
513.953
513.9682
514.3596
514.4493
516.8241
516.827
516.8357
516.8519
516.9517
516.9589
516.9996
517.0382
517.102
517.2163
517.4567
517.5001
517.6931999999999
518.2245
518.3927
518.649
519.5829
520.5708
521.7951
521.8063
521.8128
521.8346
521.8561999999999
521.8702000000001
521.9913
522.0144
522.0323
522.2697000000001
522.7687
522.9141999999999
523.1777999999999
523.5268
523.6321
523.7159
523.975
524.0289
524.6492000000001
524.7637
526.7567
526.7658
526.8013
526.8068000000001
526.8342
526.87
527.3108
527.4084
527.5932
528.0162
528.0867000000001
528.6849
528.8686
529.3721
529.5052000000001
529.8949
530.4701
531.7161
531.7474999999999
531.7528
531.7812
531.8042
531.8412
531.9736
532.153
532.4556
532.5398
532.7123
533.234
533.6585
533.6994
534.0056999999999
534.1535
534.2292
534.582
535.0309
536.6884
536.7239999999999
536.7358
536.8033
536.8076
536.8326
536.8629
537.5452
537.9992
538.8777
539.1768
539.3414
540.9764
543.1411000000001
543.3976
544.4782
544.9896
546.2907
547.4628
