2.0323
3.635
5.5312
6.1958
6.6485
8.462999999999999
9.1469
10.0009
11.7829
12.095
12.1013
12.1042
12.1053
12.1087
12.1161
12.1179
12.1289
12.1346
12.1365
12.1381
12.1451
12.1615
12.217
12.2194
12.5
12.5144
12.8953
12.9216
12.9235
12.9344
12.9412
13.0191
13.0375
13.2678
13.307
13.3122
13.3796
13.4815
13.5165
13.5232
13.5585
13.583
13.6223
13.6268
13.6381
13.6503
13.7114
13.7272
13.817
13.8825
14.4688
14.5117
14.7036
14.7352
14.8117
14.8603
14.862
14.89
14.9245
14.9525
14.9791
15.1013
15.1266
15.1561
15.1769
15.2578
15.3232
15.4293
15.4469
15.4811
15.5497
15.567
15.8797
16.0298
16.076
16.1445
16.1841
16.2013
16.2831
16.3169
16.3225
16.4109
16.5916
16.6001
16.6231
16.6431
16.6769
16.8372
16.841
16.8882
16.9069
16.9099
16.9204
17.0649
17.096
17.2225
17.2444
17.2964
17.3272
17.3368
17.6762
17.8619
17.8997
17.9289
17.957
18.0784
18.1076
18.1277
18.1407
18.1931
18.2179
18.3058
18.379
18.5104
18.5358
18.5983
18.6096
18.7163
18.7314
18.7364
18.7779
18.8121
18.9293
18.9885
18.9932
19.0382
19.0651
19.0666
19.078
19.0818
19.0967
19.2525
19.2577
19.3143
19.3707
19.3803
19.4936
19.5654
19.6298
19.6368
19.6747
19.6852
19.6886
19.8536
19.9015
19.9831
20.0186
20.1737
20.3355
20.3774
20.6622
20.675
20.6899
20.7016
20.7166
20.7711
20.8399
20.8981
21.0826
21.2305
21.244
21.3672
21.6308
21.8284
21.8392
21.8885
22.0457
22.0471
22.0514
22.0778
22.1832
22.224
22.3431
22.5953
22.6191
22.6449
22.6466
22.7309
22.7338
22.8781
22.9231
23.0828
23.0944
23.1064
23.4457
23.6191
23.649
23.6719
23.6749
23.6834
23.6875
23.6906
23.6989
23.7014
23.704
23.7089
23.7114
23.7139
23.7202
23.7969
23.8163
23.8343
23.9543
23.9641
23.9743
24.0915
24.1172
24.1277
24.1376
24.1561
24.1891
24.2471
24.251
24.3342
24.349
24.475
24.5143
24.5165
24.5664
24.5686
24.5956
24.5968
24.607
24.6621
24.6806
24.6966
24.7624
24.8015
24.8737
24.9076
25.0037
25.0803
25.3383
25.3932
25.4887
25.5248
25.5531
25.575
25.5945
25.613
25.6376
25.6756
25.6776
25.7207
25.7258
25.7839
25.8308
25.8375
25.9038
25.9555
25.9737
25.9951
26.0041
26.0416
26.1249
26.1345
26.1691
26.2396
26.264
26.3455
26.3467
26.3567
26.3618
26.4299
26.4584
26.4672
26.4879
26.6034
26.8037
26.9149
26.9619
26.999
27.0661
27.0688
27.0902
27.1585
27.2109
27.2261
27.2454
27.2471
27.2757
27.282
27.3088
27.3624
27.3996
27.4858
27.4907
27.587
27.6323
27.6556
27.7086
27.7147
27.7526
27.8329
27.8404
27.8764
27.9482
27.9585
27.9639
27.9826
28.0211
28.0978
28.1368
28.1933
28.3169
28.3279
28.3518
28.4069
28.5642
28.6164
28.6743
28.7175
28.7338
28.7381
28.7672
28.7693
28.8361
28.8824
28.8916
28.9067
28.9604
29.0083
29.021
29.0292
29.106
29.141
29.1451
29.2469
29.2771
29.3133
29.3966
29.4048
29.4739
29.5108
29.5287
29.5573
29.5627
29.6555
29.7146
29.7284
29.9392
29.9816
30.0266
30.2002
30.2951
30.3106
30.3152
30.3174
30.3259
30.3288
30.3519
30.3533
30.36
30.3685
30.3707
30.387
30.4
30.4857
30.5139
30.5746
30.5777
30.584
30.5852
30.5949
30.5967
30.631
30.6416
30.6778
30.6953
30.7012
30.7167
30.837
30.8813
30.9935
31.0112
31.0125
31.026
31.0505
31.1134
31.1555
31.2201
31.2276
31.2478
31.2752
31.3553
31.3834
31.4532
31.5815
31.5858
31.5926
31.6308
31.6559
31.7797
31.8766
31.8932
31.9109
31.9147
31.918
31.9449
31.9529
31.9669
32.1523
32.257
32.2601
32.2624
32.2708
32.2824
32.3211
32.4203
32.4468
32.4697
32.5602
32.6034
32.7381
32.7402
32.8103
32.9663
33.0127
33.0398
33.0929
33.1185
33.1384
33.175
33.2334
33.2498
33.2575
33.2815
33.3432
33.3447
33.5308
33.574
33.6346
33.6631
33.7475
33.7767
33.8479
33.8733
33.9561
33.9753
33.9772
33.9814
34.0055
34.0074
34.0706
34.2225
34.2422
34.3203
34.4208
34.4737
34.5073
34.6314
35.2428
35.2538
35.2591
35.2635
35.266
35.2708
35.2895
35.2916
35.2938
35.2964
35.3018
35.3055
35.3092
35.3175
35.3319
35.3369
35.3479
35.3639
35.3709
35.3766
35.3836
35.408
35.4115
35.4272
35.4708
35.4956
35.5159
35.526
35.6369
35.6506
35.8121
35.8176
35.8262
35.8444
35.8473
35.864
35.8757
35.8848
35.8866
35.8879
35.9231
35.9421
35.9515
35.9656
35.982
36.0008
36.018
36.03
36.0441
36.0605
36.0703
36.084
36.088
36.1115
36.1278
36.1386
36.1478
36.1901
36.1918
36.2005
36.221
36.2391
36.2588
36.2758
36.2867
36.3053
36.3106
36.3233
36.3272
36.3442
36.3459
36.3625
36.3702
36.411
36.4263
36.4359
36.4591
36.4678
36.5068
36.5292
36.5389
36.5513
36.5642
36.5799
36.6291
36.659
36.6761
36.6995
36.7709
36.7847
36.8311
36.8535
36.8559
36.9016
36.9161
36.9388
36.9844
36.9911
37.1522
37.1572
37.1986
37.2138
37.2181
37.2291
37.2546
37.3783
37.4219
37.4407
37.4513
37.4546
37.4643
37.4794
37.497
37.5056
37.5118
37.5268
37.5622
37.5731
37.5751
37.5811
37.5969
37.5981
37.6125
37.6209
37.6284
37.6488
37.6648
37.6769
37.6846
37.7195
37.7226
37.7466
37.7571
37.7581
37.7867
37.7969
37.8118
37.862
37.8856
37.8994
37.9168
37.9235
37.9321
37.9467
37.9497
37.9511
37.9586
37.9678
37.9846
37.9865
37.9963
38
38.0061
38.0414
38.0424
38.0514
38.0794
38.0954
38.0996
38.1268
38.1335
38.141
38.1626
38.1886
38.2047
38.2202
38.226
38.2412
38.2464
38.2548
38.2895
38.3309
38.3403
38.3524
38.3817
38.4829
38.4889
38.558
38.5765
38.6068
38.6501
38.6672
38.7528
38.8696
38.9017
39.0422
39.0914
39.1188
39.1275
39.1513
39.1554
39.1646
39.1733
39.1771
39.1866
39.2332
39.2757
39.2972
39.3108
39.3203
39.3333
39.3604
39.3722
39.3873
39.4109
39.4606
39.4622
39.4771
39.5112
39.5311
39.5422
39.5502
39.5607
39.5777
39.5907
39.6012
39.6139
39.6156
39.6327
39.6622
39.6644
39.6711
39.7169
39.7224
39.7245
39.7576
39.7826
39.7942
39.7955
39.8016
39.8138
39.8421
39.8503
39.8612
39.8667
39.912
39.9564
39.9962
40.0116
40.0373
40.0642
40.1091
40.1892
40.2013
40.2352
40.2484
40.2784
40.2859
40.3308
40.5167
40.7359
40.7662
40.7726
40.775
40.803
40.8093
40.8122
40.8165
40.8313
40.8338
40.8373
40.8417
40.85
40.8511
40.8587
40.8666
40.8811
40.8977
40.912
40.9146
40.9507
40.9578
40.9725
40.9933
41.0492
41.0576
41.0951
41.1031
41.1049
41.1229
41.1351
41.1381
41.1602
41.1655
41.1821
41.1958
41.2268
41.2351
41.2377
41.2392
41.2543
41.2614
41.2647
41.2748
41.2797
41.2941
41.3247
41.3401
41.3479
41.354
41.3629
41.3755
41.3844
41.3933
41.398
41.4145
41.4202
41.4224
41.4342
41.4401
41.447
41.4489
41.482
41.4951
41.5214
41.5281
41.5473
41.5811
41.594
41.6493
41.6783
41.6844
41.7304
41.7777
41.801
41.8026
41.8487
41.8661
41.8734
41.8853
41.8906
41.8961
41.9075
41.9125
41.9384
41.9493
41.9532
41.964
41.9834
42.0193
42.0743
42.151
42.1521
42.1651
42.1795
42.1819
42.1844
42.1869
42.1932
42.1964
42.2093
42.223
42.4692
42.4884
42.5057
42.5297
42.5342
42.5506
42.6914
43.1206
43.1329
43.5076
43.6025
43.6265
43.8471
43.9407
43.9569
44.1032
44.1085
44.1348
44.2321
44.2635
44.2676
44.3449
44.4295
44.4705
44.4776
44.4876
44.4992
44.5558
44.6399
44.6486
44.6824
44.6976
44.8706
44.883
44.9807
44.986
45.0448
45.0595
45.0682
45.1061
45.1548
45.1877
45.2633
45.2916
45.3241
45.3409
45.3579
45.3728
45.4218
45.5979
45.6368
45.6647
45.6964
45.8381
45.8482
45.8513
45.8743
45.8808
45.9347
45.9844
46.0956
46.1169
46.1289
46.1316
46.1809
46.2078
46.2244
46.2378
46.2476
46.2704
46.272
46.3354
46.4464
46.448
46.4915
46.5206
46.6238
46.6413
46.699
46.7198
46.7457
46.8405
46.8497
46.851
46.8587
46.8602
46.863
46.8712
46.8722
46.8769
46.8783
46.8819
46.9171
46.9195
46.9319
46.9335
46.9439
46.9529
46.9577
46.9628
46.9673
46.9748
46.9894
46.9946
46.9965
47.0101
47.0243
47.0377
47.0519
47.0629
47.0717
47.0814
47.0914
47.0956
47.1067
47.1101
47.1217
47.1354
47.1456
47.1545
47.1622
47.1747
47.1762
47.1849
47.1913
47.1945
47.198
47.2169
47.2195
47.2368
47.2413
47.2513
47.2772
47.2868
47.2887
47.2976
47.3158
47.3256
47.3317
47.3366
47.3506
47.3588
47.369
47.3889
47.4048
47.4097
47.4179
47.4195
47.4394
47.4436
47.4517
47.4632
47.5011
47.5194
47.53
47.5375
47.5437
47.5491
47.5552
47.5915
47.6045
47.6141
47.6433
47.6736
47.6984
47.7205
47.7432
47.7489
47.7863
47.8151
47.8689
48.0007
48.0373
48.1112
48.1236
48.1322
48.1604
48.1904
48.273
48.3041
48.3186
48.3249
48.3347
48.3638
48.4054
48.4204
48.4324
48.4367
48.4447
48.4677
48.4703
48.4798
48.4956
48.5016
48.5091
48.5166
48.5346
48.5617
48.5715
48.5766
48.5861
48.6179
48.6313
48.633
48.6481
48.6544
48.664
48.673
48.6795
48.6855
48.6957
48.7066
48.715
48.7231
48.7322
48.7449
48.7544
48.7583
48.7631
48.7747
48.7827
48.7871
48.7926
48.797
48.8099
48.8146
48.8165
48.8251
48.8796
48.8922
48.901
48.9082
48.9631
48.9664
49.0292
49.0329
49.0577
49.0664
49.0706
49.0856
49.1198
49.1312
49.1367
49.1421
49.1522
49.1664
49.1942
49.1954
49.2011
49.2333
49.284
49.3163
49.3316
49.3668
49.3904
49.461
49.5153
49.6357
49.7054
50.015
50.0228
50.042
50.0621
50.0855
50.0933
50.1022
50.1134
50.1342
50.1465
50.16
50.1899
50.2314
50.2631
50.2645
50.2842
50.3086
50.3102
50.3215
50.3361
50.3467
50.3573
50.3584
50.3717
50.3789
50.3854
50.4048
50.4326
50.4456
50.4569
50.4824
50.4919
50.5077
50.5182
50.5261
50.5347
50.5404
50.5547
50.5801
50.6036
50.6146
50.6506
50.7178
50.7279
50.7468
50.7763
50.8036
50.8106
50.816
50.8495
50.8868
50.9658
51.0005
51.0612
51.115
51.1631
51.2389
51.285
51.5509
51.5556
51.5819
51.6148
51.6167
51.6211
51.7395
51.7487
51.7582
51.7737
51.793
51.801
51.8322
51.8479
51.864
51.8741
51.8908
51.9196
51.928
51.9406
51.961
51.9627
51.9701
52.0013
52.0034
52.0148
52.0366
52.0519
52.0609
52.0727
52.076
52.0882
52.099
52.1115
52.1176
52.1334
52.1495
52.1759
52.1925
52.2524
52.274
52.2832
52.297
52.3108
52.3153
52.3337
52.3355
52.3534
52.37
52.4487
52.4621
52.4678
52.4756
52.4956
52.4987
52.5333
52.5412
52.5503
52.6756
52.6983
52.7583
52.8055
53.0533
53.1018
53.178
53.2898
53.2973
53.2994
53.3199
53.3351
53.4122
53.4234
53.4456
53.4544
53.4573
53.4629
53.4697
53.474
53.4975
53.5003
53.5054
53.5216
53.5402
53.5552
53.5622
53.564
53.5781
53.5825
53.6399
53.6572
53.6628
53.7267
53.7569
54.6466
54.6738
54.73
54.783
55.3406
55.5444
55.6361
55.7873
55.9009
55.9117
56.0651
56.1812
56.2162
56.5509
56.7146
57.4597
57.513
57.6012
57.6734
58.0405
58.3468
58.4321
58.4349
58.4396
58.4417
58.4461
58.4523
58.4573
58.4669
58.4752
58.5338
58.5778
58.5925
58.604
58.614
58.6267
58.6325
58.6339
58.6394
58.6672
58.7119
58.7231
58.7359
58.7792
58.7899
58.7943
58.8406
58.8578
58.8915
58.9425
58.949
59.0883
59.0939
59.108
59.1407
59.1981
59.3308
59.358
59.3705
59.3833
59.3874
59.409
59.4313
59.4332
59.4375
59.4576
59.4705
59.4815
59.5035
59.535
59.5518
59.5574
59.6151
59.6167
59.6268
59.6968
59.7118
59.7263
59.7325
59.7346
59.7375
59.7464
59.7563
59.7645
59.7756
59.8188
59.8208
59.823
59.8962
59.9201
59.9329
59.9493
59.97
59.9787
59.9825
60.016
60.0428
60.1158
60.1198
60.16
60.1719
60.1823
60.1885
60.1968
60.204
60.2187
60.2299
60.2327
60.259
60.2634
60.2764
60.2841
60.3098
60.3331
60.3463
60.3898
60.3945
60.4334
60.5218
60.5463
60.6258
60.6927
60.7038
60.7731
60.8566
60.8932
60.9936
61.1067
61.1175
61.1299
61.1475
61.1709
61.1842
61.1914
61.2015
61.2178
61.2224
61.2448
61.2594
61.275
61.2783
61.2808
61.2821
61.2865
61.2877
61.2916
61.2996
61.3177
61.3376
61.3442
61.3464
61.3697
61.4323
61.4385
61.4402
61.4516
61.4983
61.5771
61.5818
61.5875
61.6029
61.6767
61.6906
61.7571
61.7796
61.8053
61.8238
61.8331
61.8451
61.861
61.8904
61.9041
61.9163
61.9217
61.9464
61.9815
62.0096
62.0184
62.3623
62.3673
62.428
62.575
62.6601
62.7986
62.8121
62.8165
62.8618
62.9163
62.9552
62.9592
63.0043
63.0099
63.0113
63.0182
63.02
63.0254
63.0275
63.0407
63.0645
63.0838
63.1193
63.1568
63.1726
63.1824
63.19
63.3149
63.3703
63.3785
63.3817
63.3849
63.3957
63.4363
63.4888
63.4952
63.5228
63.5549
63.5692
63.5927
63.605
63.6462
63.69
63.9211
63.9835
63.9939
64.01139999999999
64.07299999999999
64.343
64.3694
64.4392
64.4539
64.46429999999999
64.46769999999999
64.4858
64.5308
64.60380000000001
64.623
64.6412
64.6459
64.64749999999999
64.6561
64.6574
64.6666
64.67319999999999
64.7183
64.7197
64.73990000000001
64.82259999999999
64.8304
64.8344
64.88330000000001
64.90989999999999
64.9449
64.9652
64.9877
65.0299
65.03740000000001
65.04000000000001
65.0458
65.0598
65.065
65.08069999999999
65.08920000000001
65.5213
65.7316
65.74769999999999
67.48569999999999
67.849
67.965
68.50449999999999
68.5245
68.95829999999999
69.029
69.4956
70.0073
70.0177
70.02030000000001
70.023
70.0254
70.0275
70.1808
70.2465
70.3702
70.3822
70.4517
70.7581
70.87860000000001
70.8875
70.9162
70.9432
70.9444
71.02460000000001
71.1627
71.22969999999999
71.39230000000001
71.40730000000001
71.4194
71.544
71.6369
71.7075
71.72110000000001
71.7433
71.77930000000001
71.8203
71.89360000000001
71.96080000000001
71.9851
72.0728
72.1163
72.1581
72.2077
72.5628
72.6811
72.7247
72.7546
72.84950000000001
72.9355
73.0167
73.0364
73.05200000000001
73.15089999999999
73.306
73.3721
73.42010000000001
73.4723
73.4973
73.5973
73.6789
73.70269999999999
73.7204
73.76990000000001
73.8536
74.0288
74.13590000000001
74.2325
74.2971
74.3579
74.3969
74.50239999999999
74.5157
74.63290000000001
74.6696
74.7401
74.7623
74.79049999999999
74.92270000000001
74.92659999999999
74.9633
75.03270000000001
75.09739999999999
75.2064
75.2548
75.2805
75.4427
75.48650000000001
75.49639999999999
75.5692
75.7925
75.7978
75.8682
75.8745
75.9144
75.98480000000001
76.15819999999999
76.2034
76.2914
76.3844
76.387
76.4101
76.44629999999999
76.6065
76.61020000000001
76.6206
76.6234
76.62949999999999
76.6311
76.6417
76.6431
76.64870000000001
76.6614
76.667
76.6968
76.7115
76.7475
76.7535
76.80880000000001
76.91379999999999
76.9421
76.9773
77.10209999999999
77.5121
77.53270000000001
77.5376
77.7533
78.80370000000001
79.1661
79.1981
79.32769999999999
79.5979
80.43729999999999
80.82250000000001
80.9653
81.04170000000001
81.6061
81.6144
81.6219
81.6254
81.6302
81.6358
81.6553
81.6669
81.8126
81.84059999999999
81.85550000000001
81.8621
82.1934
82.3013
82.3973
82.47150000000001
82.4902
82.54049999999999
82.6174
82.67449999999999
82.7119
82.79730000000001
82.94499999999999
82.97239999999999
83.04940000000001
83.5402
83.7379
83.8235
83.9466
83.9594
83.96299999999999
83.9652
84.0003
84.0211
84.1832
84.3395
84.3741
84.3891
84.4693
84.49890000000001
84.5025
84.54130000000001
84.5532
84.59
84.70959999999999
84.7145
84.87520000000001
84.8776
84.8862
84.923
84.949
84.96210000000001
85.00449999999999
85.0205
85.0997
85.18510000000001
85.2088
85.2131
85.2296
85.4331
85.5021
85.5611
85.5641
85.5732
85.6938
85.70740000000001
85.7684
85.93040000000001
86.0012
86.0055
86.084
86.1474
86.1966
86.1978
86.28
86.316
86.3738
86.41070000000001
86.50709999999999
86.6108
86.82250000000001
86.8916
86.9282
86.96769999999999
87.06319999999999
87.1874
87.21120000000001
87.2769
87.4269
87.44410000000001
87.5557
87.5899
87.7617
87.7944
87.871
87.9434
87.9883
88.0635
88.09990000000001
88.13460000000001
88.221
88.2259
88.2346
88.2651
88.32940000000001
88.3549
88.3738
88.3815
88.41719999999999
88.4192
88.44240000000001
88.4701
88.47329999999999
88.4776
88.49209999999999
88.5467
88.56189999999999
88.5855
88.61490000000001
88.6893
88.71040000000001
88.8608
88.9379
88.98220000000001
88.9935
89.372
89.3754
89.3852
89.4087
89.4217
89.4246
89.4256
89.4295
89.75749999999999
90.0797
90.12139999999999
90.3411
90.7841
90.7937
90.8527
90.87690000000001
91.02509999999999
91.1486
91.3524
91.3642
91.5317
91.54600000000001
91.5916
91.7165
91.9379
92.2689
92.2709
92.3015
92.5134
92.5257
92.8638
92.9971
93.0788
93.19110000000001
93.19710000000001
93.2016
93.2052
93.2253
93.23480000000001
93.5093
93.5664
93.6387
93.65779999999999
93.6848
93.7128
93.7574
93.7826
93.79470000000001
93.8004
93.8151
93.8952
93.9183
93.9366
94.00360000000001
94.0234
94.0921
94.108
94.1096
94.1609
94.2029
94.2055
94.2354
94.30070000000001
94.5745
94.5973
94.92529999999999
94.964
95.0462
95.1717
95.2576
95.3359
95.3417
95.38500000000001
95.4235
95.5579
95.5842
95.6297
95.6461
95.6482
95.6738
95.69970000000001
95.7273
95.7334
95.9049
95.9387
95.9469
95.9645
95.9739
96.0341
96.1178
96.57089999999999
96.6551
96.70569999999999
96.84229999999999
96.9004
96.9478
96.9508
96.9529
96.97020000000001
96.9988
97.0436
97.09010000000001
97.1918
97.2094
97.22790000000001
97.2736
97.31399999999999
97.386
97.3922
97.4153
97.4282
97.4542
97.6174
97.61920000000001
97.6285
97.6387
98.02419999999999
98.13630000000001
98.1802
98.254
98.3165
98.4682
98.52589999999999
98.5975
98.6464
98.66419999999999
98.7212
98.7276
98.78700000000001
98.8292
98.9182
98.9222
98.9706
98.9986
99.00749999999999
99.0264
99.04689999999999
99.1189
99.1271
99.16889999999999
99.2298
99.30459999999999
99.5444
99.5949
99.7971
99.7998
99.8013
99.8045
99.8075
99.822
99.8407
99.88039999999999
99.923
99.93600000000001
99.9726
99.9817
99.98650000000001
100.0047
100.0066
100.0519
100.136
100.1413
100.1609
100.1978
100.2215
100.2472
100.2512
100.2531
100.5118
100.5258
100.632
100.663
100.679
100.9011
100.9027
100.9655
101.0896
101.116
101.3361
101.3865
101.3878
101.4259
101.5859
101.71
101.7245
101.733
101.7458
101.8899
102.0627
102.0727
102.1155
102.1379
102.3455
102.5647
102.5732
102.6063
102.6685
102.7027
102.7162
102.8699
102.8852
103.0189
103.0204
103.0353
103.0542
103.1566
103.4814
103.5137
103.5501
103.6499
103.6605
103.6636
103.7611
103.836
103.8438
103.968
104.0351
104.0417
104.1998
104.2086
104.3353
104.552
104.5831
104.6026
104.6137
104.6626
104.7766
104.7814
104.7839
104.8014
104.814
104.8157
104.8327
104.9156
104.9941
104.9982
105.001
105.0066
105.0548
105.1789
105.2384
105.3027
105.3127
105.4177
105.4419
105.5017
105.5671
105.6006
105.6284
105.6473
105.6597
105.7248
105.762
105.8187
105.8498
105.8983
105.9483
106.0812
106.0996
106.1485
106.1496
106.1997
106.2605
106.2626
106.3294
106.374
106.4053
106.4979
106.499
106.5238
106.5665
106.586
106.6733
106.6831
106.7666
107.0598
107.0886
107.1034
107.1354
107.1784
107.23
107.2816
107.2892
107.2989
107.3962
107.4157
107.4622
107.4909
107.4946
107.5634
107.5819
107.6812
107.7303
107.7795
107.8046
107.8065
107.8357
107.8632
107.8989
107.9102
107.912
107.9342
107.9757
108.0317
108.153
108.1545
108.2007
108.2632
108.2897
108.3019
108.6208
108.672
108.6998
108.7202
108.7232
108.7395
108.7692
108.8271
108.8803
108.9209
108.9365
108.9472
108.9707
109.0814
109.1341
109.1719
109.2017
109.3724
109.3973
109.406
109.4829
109.4874
109.5262
109.5294
109.5355
109.5437
109.5951
109.6738
109.7113
109.7429
109.813
109.821
109.8636
109.8716
109.8972
109.9139
110.0299
110.1013
110.3677
110.4163
110.5478
110.551
110.5608
110.5799
110.713
110.7719
110.7798
110.7861
110.803
110.8374
110.8597
110.9637
110.9861
111.0224
111.0659
111.086
111.1924
111.2138
111.2284
111.2871
111.324
111.3405
111.3702
111.3761
111.3925
111.3944
111.412
111.4555
111.4681
111.4902
111.5182
111.5725
111.598
111.6747
111.7231
111.7586
111.7885
111.7901
111.7954
111.7983
111.8718
112.0195
112.0846
112.167
112.2021
112.2163
112.2704
112.2995
112.3864
112.4468
112.4717
112.4996
112.5771
112.7154
112.7685
112.8
112.8382
112.843
112.8622
113.0138
113.0441
113.0619
113.0642
113.0832
113.1344
113.1446
113.1669
113.1779
113.363
113.3824
113.596
113.615
113.733
113.8154
113.8995
113.939
113.9883
114.0206
114.0522
114.0594
114.1384
114.1492
114.3052
114.516
114.5545
114.6652
114.7185
114.7265
114.8113
114.9207
114.9494
114.9952
115.0124
115.0141
115.1058
115.1677
115.2937
115.3685
115.4249
115.4318
115.4753
115.4891
115.5508
115.5761
115.6651
115.9028
116.0129
116.0457
116.0532
116.1732
116.1787
116.2694
116.3392
116.35
116.353
116.3557
116.3612
116.3759
116.3773
116.3932
116.4604
116.5162
116.5517
116.5664
116.5702
116.6038
116.6128
116.6282
116.6775
116.6946
116.7066
116.7201
116.7858
116.8149
116.885
116.9381
116.956
116.9869
117.0029
117.11
117.1412
117.1971
117.2152
117.2382
117.2623
117.2633
117.3033
117.3048
117.3445
117.3847
117.4517
117.5119
117.6455
117.653
117.6867
117.939
118.0459
118.0722
118.0905
118.1329
118.1348
118.1442
118.1502
118.2442
118.2713
118.3102
118.3198
118.3455
118.3561
118.5271
118.5974
118.6146
118.6268
118.668
118.6948
118.8059
118.9531
118.9701
119
119.0124
119.0148
119.0182
119.0464
119.0765
119.1019
119.1046
119.151
119.2039
119.2439
119.3855
119.4088
119.6825
119.7289
119.787
119.8009
119.8177
119.85
119.858
119.8693
119.9313
119.9438
120.0224
120.0449
120.2302
120.2848
120.4195
120.4692
120.55
120.9008
120.9247
120.9467
121.2965
121.3432
121.4015
121.4172
121.4301
121.4352
121.5188
121.5323
121.5583
121.6206
121.6848
121.7017
121.9708
122.129
122.1501
122.1602
122.2009
122.2129
122.3714
122.4186
122.458
122.6193
122.6212
122.7951
122.9588
122.9631
122.9648
122.9785
122.9868
123.0109
123.0147
123.0927
123.112
123.3756
123.5072
123.6002
123.6676
123.8891
123.9269
124.064
124.097
124.1494
124.2057
124.3036
124.3202
124.4503
124.5412
124.5915
124.6043
124.6925
124.7962
125.0857
125.2635
125.3421
125.6146
125.7902
125.8766
125.913
126.0166
126.168
126.1883
126.2127
126.301
126.4145
126.5939
126.8575
126.9547
126.9721
127.4049
127.4725
127.4844
127.4941
127.5215
127.6135
127.6161
127.6789
127.7096
127.926
127.9345
127.94
127.9419
127.9439
127.9489
127.9529
127.9582
127.9601
127.9638
127.9707
127.9825
127.984
128.0199
128.0241
128.079
128.0924
128.1296
128.4834
128.5112
128.5173
128.5379
128.5401
128.5562
128.573
128.5787
128.5989
128.6085
128.6366
128.6383
128.6395
128.6533
128.665
128.6667
128.7027
128.7262
128.7473
128.7823
128.8454
128.8588
128.8744
128.9758
128.9905
128.9944
129.0331
129.0853
129.1004
129.1121
129.123
129.151
129.1905
129.2002
129.2216
129.2578
129.2812
129.2862
129.2942
129.3515
129.3752
129.453
129.5122
129.5161
129.636
129.6831
129.8583
130.0361
130.0461
130.0692
130.0823
130.1114
130.1185
130.1215
130.1373
130.1757
130.1989
130.2288
130.2447
130.268
130.2781
130.3025
130.3076
130.3385
130.3761
130.4314
130.4554
130.4783
130.4796
130.4925
130.5421
130.5613
130.5721
130.6243
130.6412
130.6493
130.6747
130.7203
130.7372
130.7427
130.7589
130.7746
130.7844
130.8045
130.8366
130.842
130.8495
130.8944
130.9701
131.0742
131.1012
131.1264
131.1639
131.2403
131.3101
131.4058
131.7223
131.7271
131.7401
131.8047
131.8434
131.8909
131.898
131.9086
131.9182
131.9301
131.9413
131.9711
131.9878
131.9894
132.0171
132.0416
132.0681
132.0809
132.1058
132.121
132.1784
132.2485
132.2777
132.2925
132.3113
132.3306
132.3548
132.3619
132.4322
132.4396
132.4561
132.4715
132.5143
132.5388
132.5601
132.5787
132.6096
132.633
132.6341
132.6562
132.6964
132.7372
132.9127
133.0063
133.0735
133.1176
133.1333
133.1655
133.3904
133.4468
133.4544
133.4651
133.4875
133.4893
133.516
133.5487
133.5662
133.6396
133.675
133.7056
133.7612
133.7675
133.7868
133.792
133.817
133.8544
133.9195
133.9344
133.9805
133.9875
134.0053
134.013
134.0204
134.0598
134.1102
134.1258
134.1511
134.1537
134.1663
134.2741
134.3092
134.3716
134.4009
134.4639
134.4995
134.5046
134.5423
134.5733
134.5805
134.5885
134.5956
134.6472
134.6569
134.8285
134.9171
134.9998
135.0421
135.0918
135.4774
135.4872
135.4938
135.5003
135.5687
135.5776
135.8527
135.9265
135.9284
135.9391
136.132
136.6419
136.7006
136.905
137.3531
137.3659
137.7168
137.7746
137.9216
138.059
138.17
138.2614
138.4036
138.505
138.8623
139.0076
139.1813
139.5325
139.5341
139.5454
139.5607
139.5885
139.6322
139.6429
139.6525
139.6675
139.6745
139.6834
139.69
139.6916
139.7003
139.7061
139.7112
139.7509
139.763
139.7945
139.7966
139.8156
139.8388
139.8494
139.8766
139.8834
139.8964
139.9137
139.9177
139.9267
139.9755
140.0104
140.0262
140.0322
140.0462
140.0548
140.0986
140.1115
140.1157
140.1401
140.1719
140.1863
140.2348
140.2544
140.2857
140.2958
140.3239
140.3251
140.33
140.3516
140.3606
140.4581
140.8679
141.0055
141.0657
141.0766
141.0912
141.1028
141.11
141.1204
141.1284
141.1428
141.1532
141.1674
141.181
141.1913
141.248
141.2876
141.2938
141.3247
141.3433
141.3598
141.3751
141.3813
141.3918
141.4086
141.4566
141.4719
141.5093
141.5175
141.558
141.6008
141.6111
141.6231
141.6909
141.8514
141.9248
141.9765
142.0814
142.1563
142.1714
142.4595
142.6206
142.6467
142.6825
142.7575
142.7703
142.7788
142.7882
142.8024
142.8398
142.8497
142.8773
142.885
142.8977
142.9077
142.92
142.9509
142.9613
143.0072
143.0084
143.0258
143.0279
143.0459
143.0557
143.0839
143.0923
143.1024
143.1134
143.1305
143.1409
143.1729
143.174
143.1911
143.2599
143.2673
143.308
143.3169
143.4303
143.442
143.4599
143.4714
143.4787
143.4928
143.5671
143.6119
143.643
143.8817
143.9269
143.9792
144.3182
144.3305
144.4
144.4085
144.4229
144.4305
144.487
144.5001
144.5071
144.5087
144.5236
144.5423
144.5855
144.5909
144.6124
144.6371
144.6429
144.6742
144.6909
144.7029
144.7131
144.7218
144.7571
144.7654
144.7772
144.8204
144.842
144.8506
144.8679
144.8772
144.8859
144.9175
144.9231
144.9312
145.0219
145.028
145.0397
145.0547
145.0713
145.0982
145.13
145.1678
145.1842
145.2137
145.2649
145.2901
145.3074
145.5228
145.8447
145.9403
146.0281
146.0448
146.0519
146.0681
146.1226
146.1259
146.1277
146.1333
146.1389
146.1429
146.1534
146.1586
146.1903
146.2285
146.2855
146.3232
146.388
146.5526
146.7696
146.9013
147.1591
147.3893
147.8559
148.0999
148.242
148.3279
148.4372
148.5693
148.5946
148.6813
148.7708
149.0598
149.2594
149.8846
150.2191
150.4192
150.5136
150.8689
150.9429
150.9713
150.9947
151.1196
151.1318
151.1488
151.1801
151.1989
151.2312
151.2543
151.2658
151.2954
151.3016
151.3229
151.3315
151.3427
151.517
151.5217
151.5571
151.5675
151.5857
151.602
151.6088
151.6832
151.7116
151.7143
151.933
151.9488
151.9553
151.9643
152.0281
152.0308
152.0661
152.1117
152.1381
152.1592
152.1974
152.1985
152.2077
152.2203
152.2302
152.2418
152.2732
152.2868
152.3128
152.3359
152.3907
152.4228
152.4811
152.5454
152.5615
152.5668
152.5834
152.7105
152.7464
152.7682
152.7756
152.792
152.807
152.8573
152.8741
152.8896
152.9008
152.9198
152.9912
153.0061
153.0421
153.1265
153.189
153.2071
153.3361
153.6064
153.7255
153.7468
153.7521
153.7942
153.8171
153.832
153.882
153.9056
153.9162
153.9491
153.9623
153.9966
154.0288
154.0642
154.1312
154.1401
154.1482
154.1504
154.1572
154.2043
154.356
154.3761
154.3774
154.43
154.4331
154.4381
154.4481
154.4525
154.4785
154.4865
154.5677
154.5701
154.6305
154.6444
154.6522
154.8803
154.8925
155.0183
155.3488
155.3524
155.4216
155.4271
155.4626
155.4924
155.5047
155.5245
155.5427
155.5514
155.6002
155.6356
155.6636
155.6944
155.7087
155.727
155.7296
155.7376
155.7459
155.7565
155.8131
155.8352
155.8481
155.861
155.886
155.9133
155.9673
156.0274
156.0389
156.1232
156.1532
156.1869
156.195
156.2326
156.2382
156.2611
156.3237
156.3394
156.348
156.457
156.5732
156.6106
156.6521
156.942
156.9621
157.0037
157.0186
157.0354
157.0911
157.107
157.1121
157.114
157.1623
157.1747
157.1818
157.1946
157.2058
157.2183
157.2434
157.2791
157.3312
157.3336
157.3346
157.3664
157.3959
157.4051
157.462
157.4774
157.4818
157.494
157.5159
157.545
157.5466
157.5555
157.5799
157.6388
157.6999
157.7057
157.7201
157.7242
157.7769
157.8131
158.2552
158.2894
158.2959
158.3107
158.3122
158.4224
158.709
158.7205
158.8421
158.899
159.089
159.2714
159.376
159.5073
159.7096
159.8582
159.9425
159.9994
160.1841
160.2583
160.2982
160.4927
160.6426
160.7737
161.0472
161.1854
161.2351
161.3526
161.8703
161.9702
162.2541
162.3994
162.401
162.6928
162.6942
162.7066
162.7207
162.7296
162.8806
162.8978
162.9028
162.9216
163.0017
163.0587
163.0614
163.1546
163.2645
163.2947
163.3136
163.3353
163.3686
163.4057
163.482
163.4962
163.5507
163.5596
163.59
163.6988
163.7379
163.8596
163.957
163.9746
163.9886
164.0526
164.1445
164.2505
164.3333
164.412
164.4226
164.4956
164.6296
164.6504
164.9052
165.0794
165.0981
165.156
165.2046
165.3902
165.4109
165.425
165.4326
165.5867
165.6346
165.6387
165.7055
165.7514
165.8375
165.9094
166.0104
166.179
166.4002
166.4364
166.7306
166.8502
166.9465
167.0628
167.1057
167.1981
167.2918
167.2929
167.2952
167.3345
167.4049
167.4994
167.5107
167.5393
167.57
167.5828
167.6358
167.6614
167.7165
167.8351
167.887
168.032
168.0951
168.425
168.458
168.4892
168.7666
168.7768
168.7921
168.8264
168.8834
168.9551
168.9784
169.0561
169.0598
169.1237
169.2214
169.2397
169.2905
169.3099
169.3735
169.4242
169.4503
169.6514
169.7639
169.994
170.0452
170.1927
170.1998
170.3246
170.4043
170.5864
170.5893
170.6249
170.9195
171.5286
171.5558
171.5822
171.6874
171.7352
171.8077
172.1713
172.2232
172.2654
172.4416
172.6892
172.9441
173.2601
173.3289
173.6448
174.1435
174.155
174.1652
174.2705
174.2718
174.2731
174.2751
174.2808
174.2994
174.3098
174.3163
174.3542
174.4323
174.4379
174.442
174.5495
174.5906
174.7084
174.7097
174.7956
174.823
174.8798
174.9556
174.9906
175.3574
175.3936
175.4154
175.4852
175.5121
175.5224
175.5811
175.7614
175.8403
176.0521
176.2221
176.2394
176.2818
176.4802
176.5872
176.6531
176.7985
176.9286
177.0193
177.097
177.1572
177.3178
177.353
177.3661
177.4823
177.5116
177.6256
177.7791
177.8042
177.8594
177.8768
177.9352
178.0024
178.0133
178.1405
178.1553
178.2318
178.4839
178.5109
178.6376
178.7279
178.8178
178.8645
179.3917
179.5342
179.7127
179.7883
179.8484
179.9732
180.1351
180.2599
180.2682
180.5345
180.7172
180.8127
180.8646
180.8931
180.9381
180.9404
180.9799
180.9823
180.9838
180.9905
180.9917
181.0636
181.1119
181.1885
181.2032
181.217
181.3926
181.4426
181.5223
181.7518
181.7712
181.7799
181.9128
182.1846
182.4334
182.4691
182.4752
182.4955
182.5739
182.593
182.6309
183.0134
183.1283
183.1573
183.6029
183.9224
183.9349
184.028
184.2891
184.4887
184.575
184.6042
184.6284
184.8043
184.8283
184.9502
184.9594
185.1475
185.2902
185.6867
185.7827
185.8515
185.8746
185.8819
185.8901
185.8921
185.9176
185.9618
186.008
186.0272
186.0955
186.1296
186.1578
186.2185
186.2216
186.3141
186.3913
186.4117
186.425
186.4828
186.5104
186.5294
186.5695
186.5803
186.595
186.6463
186.7051
186.9084
187.0457
187.1421
187.2176
187.315
187.392
187.641
187.8333
187.8508
187.8894
187.8935
187.9516
187.9921
188.2185
188.2557
188.257
188.3333
188.3907
188.4226
188.4244
188.5732
188.5961
188.6241
188.815
188.9792
189.1559
189.2491
189.2989
189.3805
189.5273
189.5866
189.628
189.6654
189.6983
189.7538
189.765
189.8032
189.8448
189.9388
190.0804
190.245
190.3039
190.939
190.9539
191.0716
191.1014
191.2449
191.3068
191.3109
191.3277
191.3418
191.3447
191.5598
191.5955
191.7932
191.7999
191.8097
191.8768
191.8818
191.9852
192.0381
192.0494
192.0764
192.1236
192.4656
192.4981
192.5006
192.5462
192.5478
192.6004
192.644
192.6737
192.7445
192.7507
192.7959
192.8755
192.8853
192.8872
193.1093
193.2544
193.591
193.9437
194.2341
194.2352
194.3163
194.3348
194.3485
194.4457
194.4683
194.5836
194.5997
194.6266
194.7946
194.7973
194.8223
195.0921
195.2096
195.2749
195.2792
195.3538
195.3722
195.4121
195.5912
195.6317
195.6712
195.7231
195.7843
195.7927
195.8339
195.845
195.9901
196.1416
196.181
196.2679
196.3114
196.3713
196.4006
196.4048
196.4161
196.4493
196.4594
196.5005
196.5138
196.543
196.7803
196.9039
196.9894
197.0066
197.1254
197.1358
197.3013
197.4436
197.4488
197.4803
197.4883
197.5797
197.8904
197.9412
197.9521
197.9614
198.032
198.101
198.1282
198.1617
198.1629
198.4683
198.4773
198.6027
198.6873
198.7772
198.8377
198.9499
198.9798
199.0018
199.0303
199.0516
199.0587
199.1798
199.2118
199.3127
199.5887
199.6298
199.8362
199.8437
199.8507
199.8907
199.9148
199.9562
199.9886
199.992
200.0527
200.0693
200.0713
200.2035
200.2233
200.2448
200.318
200.3489
200.5002
200.5015
200.6189
200.6264
200.6598
200.6806
200.7268
200.8279
200.8648
200.9637
200.9862
201.0373
201.1086
201.2614
201.3
201.3277
201.4173
201.5
201.5113
201.5266
201.6612
201.6713
201.6895
201.6991
201.8174
201.9137
201.9624
202.101
202.2281
202.2774
202.2899
202.3365
202.3754
202.5625
202.6286
202.6717
202.6741
202.7053
202.75
202.8504
203.0551
203.089
203.1501
203.2884
203.3633
203.4228
203.4435
203.4493
203.4865
203.5223
203.7155
203.7341
204.0105
204.025
204.0425
204.0454
204.0505
204.0587
204.0802
204.0928
204.131
204.2303
204.272
204.2794
204.2939
204.3057
204.434
204.5948
204.67
204.673
204.9592
205.0994
205.1406
205.3201
205.4604
205.6535
206.1578
206.9152
207.1286
207.2442
207.3177
207.3754
207.4053
207.4247
207.5516
207.7127
207.7954
208.1548
208.1617
208.1735
208.3753
208.6105
208.7888
208.8051
208.8944
208.9015
208.983
209.0159
209.0252
209.0278
209.0291
209.0344
209.0437
209.0491
209.0512
209.0554
209.0627
209.2444
209.4011
209.4111
209.4235
209.48
209.6409
209.6713
209.789
209.9355
209.9497
209.9663
210.0657
210.0844
210.1077
210.1318
210.1751
210.2083
210.4189
210.4238
210.5287
210.5818
210.7787
210.7858
210.7952
210.8136
210.8873
210.9085
210.9612
211.0319
211.0807
211.1717
211.1766
211.196
211.2059
211.2093
211.222
211.3158
211.3732
211.4652
211.5004
211.5612
211.5637
211.5851
211.6007
211.6517
211.6821
211.6896
211.7043
211.7463
211.776
212.0763
212.2792
212.3524
212.4694
212.519
212.5702
212.6102
212.6659
212.721
212.7244
212.9983
213.1003
213.1281
213.177
213.2159
213.2742
213.2819
213.3602
213.3814
213.4146
213.4432
213.4713
213.5502
213.5735
213.6079
213.7239
213.7428
213.9899
214.0155
214.0297
214.0803
214.1304
214.166
214.2009
214.2121
214.2573
214.2627
214.2794
214.3217
214.4439
214.5865
214.9259
214.9303
214.9669
214.9851
215.0768
215.1264
215.1423
215.1885
215.3088
215.3753
215.4586
215.6322
215.6347
215.6374
215.6384
215.6402
215.6541
215.671
215.678
215.7096
215.7315
215.8013
215.8849
215.9202
215.9267
215.9709
216.382
216.4923
216.5023
216.5527
216.6118
217.076
217.0904
217.1678
217.3068
217.5103
217.5189
217.5848
217.6431
218.0461
218.0592
218.3305
218.4929
218.515
218.7218
218.8808
218.8925
218.8946
218.9396
219.1479
219.4937
219.4964
219.5553
219.5569
219.5801
219.6787
219.8558
220.3099
220.3912
220.5524
220.5543
220.5944
220.6098
220.6179
220.6234
220.638
220.6394
220.6459
220.6539
220.6781
220.6891
220.7109
220.7212
220.7553
221.0917
221.1075
221.1152
221.1373
221.1749
221.1935
221.2047
221.2252
221.2437
221.2583
221.2904
221.2985
221.3317
221.3398
221.3643
221.3838
221.398
221.4165
221.4299
221.4579
221.4612
221.4972
221.505
221.5061
221.5338
221.5697
221.5734
221.5834
221.6009
221.6177
221.6396
221.6603
221.6804
221.6982
221.7267
221.753
221.773
221.7826
221.7839
221.8
221.8085
221.8134
221.8363
221.8507
221.8659
221.8882
221.9346
221.9667
222.0019
222.0238
222.0524
222.1506
222.1795
222.1988
222.2232
222.2374
222.2895
222.5652
222.5831
222.7222
222.7626
222.8163
222.8263
222.8424
222.8648
222.8931
222.8944
222.9051
222.9276
222.9618
222.9693
222.9879
222.9989
223.0134
223.0258
223.0378
223.0793
223.0997
223.1012
223.1387
223.14
223.1574
223.1672
223.2097
223.2302
223.2471
223.2685
223.287
223.3306
223.3473
223.3676
223.3801
223.3876
223.3967
223.4052
223.4261
223.4635
223.4713
223.4939
223.5458
223.6111
223.6807
223.7002
223.7136
223.7803
223.7968
223.8135
223.8498
223.9037
224.098
224.1021
224.1521
224.4479
224.459
224.4761
224.4777
224.5081
224.5128
224.5139
224.524
224.5348
224.5367
224.538
224.5514
224.5685
224.5819
224.5907
224.5978
224.6265
224.6554
224.6579
224.6707
224.6744
224.7301
224.7631
224.7882
224.7893
224.7935
224.8012
224.8251
224.8421
224.8709
224.884
224.8904
224.9009
224.968
224.9772
225.0187
225.0274
225.0994
225.1066
225.1086
225.1189
225.1247
225.1457
225.1582
225.1926
225.1996
225.2178
225.2573
225.2732
225.3494
225.3874
225.3938
225.4354
225.4479
225.4532
225.5267
225.537
225.5391
225.5611
225.5722
225.5856
225.6093
225.6848
225.8351
225.9986
226.0113
226.0489
226.0596
226.0901
226.1009
226.1138
226.1913
226.1996
226.2181
226.2308
226.2359
226.248
226.2825
226.321
226.3224
226.3243
226.3405
226.3981
226.3991
226.4704
226.486
226.49
226.4964
226.5073
226.5168
226.5476
226.5703
226.5731
226.5813
226.5956
226.6102
226.6335
226.6679
226.6799
226.6912
226.7221
226.7324
226.7398
226.7601
226.7646
226.8164
226.8203
226.8454
226.8555
226.8721
226.8812
226.8912
226.9106
226.9579
226.9771
227.0629
227.1031
227.11
227.1679
227.1807
227.2
227.2158
227.2221
227.2362
227.2429
227.2461
227.2585
227.286
227.3139
227.3201
227.3612
227.3689
227.4002
227.4044
227.4179
227.4628
227.5795
227.6337
227.6685
227.6838
227.7041
227.7489
227.8513
227.894
227.9174
228.13
228.2755
228.2945
228.3072
228.328
228.4007
228.5875
228.7524
228.7733
228.7991
228.8166
228.8911
228.8924
228.8963
229.2177
229.259
229.2974
229.4525
229.5431
229.8668
229.8719
229.919
230.1298
230.1567
230.1997
230.3551
230.5596
230.5887
230.6215
230.6878
230.729
230.8923
230.9065
230.9346
231.0801
231.1469
231.1482
231.3353
231.3371
231.3503
231.3673
231.3964
231.4001
231.4081
231.4284
231.5847
231.5872
231.8318
232.1499
232.2143
232.2193
232.2219
232.2249
232.2432
232.2541
232.2594
232.2705
232.2911
232.2973
232.3044
232.3179
232.3329
232.3686
232.408
232.446
232.4997
232.5167
232.5574
232.568
232.5736
232.5809
232.5979
232.5999
232.6056
232.6112
232.6239
232.6308
232.6369
232.72
232.7256
232.7305
232.7646
232.7808
232.7871
232.7965
232.8074
232.8385
232.8626
232.8797
232.8965
232.9082
232.9107
232.9456
232.9604
232.9717
232.9731
233.0086
233.0589
233.0777
233.0787
233.0974
233.4475
233.4601
233.4895
233.5817
233.6772
233.6928
233.729
233.7397
233.7633
233.7765
233.8072
233.8196
233.8274
233.834
233.852
233.8609
233.8813
233.8902
233.9023
233.9304
233.9574
233.9815
233.9939
234.001
234.0336
234.0825
234.0954
234.1074
234.1249
234.136
234.1386
234.145
234.1564
234.2103
234.219
234.2206
234.2465
234.2734
234.2939
234.308
234.3187
234.3284
234.344
234.3752
234.3894
234.399
234.4085
234.4222
234.4698
234.4717
234.5144
234.5156
234.5216
234.5417
234.6333
234.6719
234.6902
234.6992
234.8714
235.1073
235.1087
235.145
235.2446
235.3385
235.3532
235.3675
235.392
235.4025
235.4162
235.4551
235.4737
235.4855
235.5118
235.5143
235.5453
235.5705
235.5896
235.6125
235.6536
235.6766
235.6886
235.7
235.7014
235.7104
235.7292
235.7387
235.7518
235.7602
235.7632
235.7803
235.7913
235.8582
235.8727
235.8922
235.9073
235.9174
235.9435
235.9513
235.9537
235.9821
236.0349
236.0498
236.0723
236.1036
236.1205
236.1581
236.1754
236.2021
236.2792
236.3019
236.4089
236.4708
236.6652
236.7146
236.7282
236.92
237.0364
237.044
237.0549
237.0672
237.0894
237.0974
237.1246
237.1455
237.216
237.2453
237.2685
237.2816
237.2984
237.3107
237.3418
237.3569
237.368
237.3749
237.3842
237.407
237.4227
237.4496
237.4613
237.4739
237.5
237.5092
237.5158
237.5806
237.5862
237.5962
237.6312
237.6405
237.645
237.6547
237.6808
237.6827
237.7302
237.7371
237.7516
237.7897
237.7954
237.8012
237.8121
237.8376
237.843
237.8895
237.9277
237.9367
237.9744
238.4904
238.5601
238.6365
238.6389
238.65
238.6595
238.6746
238.7096
238.7119
238.7339
238.744
238.7643
238.7769
238.7888
238.7935
238.7973
238.7992
238.8009
238.8049
238.8078
238.8096
238.8148
238.8185
238.8201
238.835
238.8377
238.86
238.9064
238.9395
238.9415
238.9563
238.9708
238.9976
239.0417
239.0748
239.0934
239.1331
239.1623
239.1776
239.2468
239.2711
239.5274
239.6329
239.6385
239.6493
239.7218
239.8606
239.9033
239.9832
240.1804
240.4096
240.5516
240.5568
240.785
240.8373
240.9215
240.9282
240.9343
240.9393
241.1945
241.2968
241.5253
241.7437
241.8847
241.8994
241.9186
242.1444
242.4436
242.6352
242.7294
242.7775
242.7916
242.8508
242.919
242.9367
242.9743
243.2169
243.3233
243.3779
243.4079
243.4673
243.6336
243.7438
243.7945
243.7983
243.8048
243.8063
243.8103
243.8629
243.8737
243.9059
243.9134
243.9151
243.9195
243.9253
243.9395
243.9687
243.9721
243.9755
243.9784
243.9886
243.9971
244.0012
244.0101
244.0191
244.031
244.0443
244.0672
244.077
244.0819
244.1081
244.1383
244.1604
244.2256
244.3112
244.3307
244.368
244.3694
244.3885
244.4105
244.5739
244.6359
244.6684
244.7058
244.7319
244.7768
244.8342
244.8415
244.8682
244.888
244.9093
244.9141
244.9276
244.9562
244.9578
244.9766
244.998
245.0282
245.0366
245.0712
245.0836
245.0895
245.1017
245.1207
245.1598
245.189
245.205
245.2074
245.2213
245.2328
245.2584
245.2624
245.3897
245.4407
245.4589
245.4673
245.5107
245.5259
245.5705
245.5861
245.5881
245.6002
245.6232
245.6615
245.6643
245.6912
245.7822
245.8753
245.9669
245.9731
246.1569
246.2149
246.2644
246.3431
246.38
246.4318
246.4601
246.4636
246.4744
246.4863
246.5032
246.5193
246.5371
246.5437
246.5887
246.6083
246.6455
246.6598
246.6837
246.7074
246.7089
246.7525
246.767
246.7705
246.7965
246.8225
246.8456
246.8741
246.9098
246.9166
246.9659
246.9684
247.0539
247.0628
247.0761
247.1052
247.124
247.1252
247.1422
247.1535
247.1644
247.1776
247.1953
247.198
247.277
247.2992
247.3174
247.3365
247.3663
247.3817
247.4177
247.4526
247.4664
247.5244
247.5997
247.6322
247.6697
247.7767
247.826
247.9334
247.9914
248.0207
248.073
248.0869
248.1076
248.1198
248.1323
248.1417
248.1565
248.2092
248.2437
248.2819
248.2882
248.3076
248.3135
248.3242
248.354
248.4069
248.4136
248.4283
248.4344
248.4534
248.4885
248.4955
248.5074
248.5189
248.5693
248.6517
248.6847
248.7222
248.7423
248.7564
248.8071
248.8211
248.8529
248.8617
248.872
248.8736
248.8904
248.9008
248.9277
248.9584
248.9698
248.9759
248.9864
249.0284
249.032
249.077
249.099
249.1069
249.194
249.2089
249.2165
249.2736
249.3546
249.3585
249.3816
249.6157
249.646
249.6955
249.7067
249.7207
249.782
249.7971
249.8045
249.8887
249.894
249.8986
249.9117
249.9356
249.9444
249.9637
249.9812
250.0166
250.0218
250.0557
250.0729
250.1181
250.1277
250.155
250.1704
250.1877
250.1997
250.212
250.2141
250.2165
250.2197
250.2223
250.3034
250.3378
250.3585
250.368
250.3773
250.3841
250.3898
250.4049
250.4094
250.4159
250.4274
250.447
250.4567
250.4773
250.4879
250.4995
250.5499
250.6493
250.651
250.6528
250.6585
250.6647
250.6674
250.6729
250.6775
250.6913
250.7511
250.9282
250.9379
250.9964
251.308
251.5383
251.5554
251.98
252.0172
252.1647
252.2307
252.3377
252.7137
252.7542
252.8456
252.8474
253.1525
253.1876
253.2695
253.2828
253.3819
253.5322
253.5446
253.6189
253.6786
253.9874
254.2097
254.2389
254.2775
254.7586
255.2729
255.3486
255.3595
255.3742
255.3752
255.3891
255.5774
255.5799
255.6222
255.6714
255.7178
255.7659
255.8335
256.0347
256.0497
256.0665
256.1173
256.1383
256.1466
256.1784
256.2071
256.2232
256.2371
256.3398
256.3964
256.3986
256.4208
256.4417
256.4771
256.5219
256.5234
256.5541
256.6237
256.6788
256.798
256.823
256.8656
257.0049
257.0081
257.0483
257.1234
257.1552
257.2089
257.2512
257.3723
257.4437
257.4454
257.5878
257.7773
257.8521
257.9748
258.0296
258.1352
258.1412
258.1592
258.1611
258.2358
258.2713
258.3231
258.3414
258.4218
258.4397
258.4703
258.5288
258.5604
258.7307
258.738
258.9622
258.9893
259.2
259.3864
259.3961
259.4149
259.4198
259.4481
259.5874
259.5942
259.6874
259.7481
259.7935
259.9416
259.9553
259.9658
259.9914
260.004
260.0804
260.0998
260.1138
260.2405
260.3407
260.3483
260.4338
260.4428
260.445
260.4944
260.582
260.5936
260.6149
260.6709
260.8408
261.0051
261.048
261.0853
261.1159
261.2189
261.2258
261.2283
261.2656
261.3368
261.424
261.4333
261.4419
261.4639
261.4664
261.5628
261.5701
261.6039
261.6064
261.7075
261.7611
261.7771
261.9616
261.9641
261.9669
261.9681
261.9727
261.9741
261.9931
262.0007
262.0022
262.0038
262.0197
262.2254
262.238
262.2746
262.2946
262.3007
262.3116
262.3444
262.3644
262.3745
262.4397
262.499
262.5615
262.6298
262.6744
262.7554
262.7777
262.9051
263.1199
263.1357
263.2309
263.3289
263.3448
263.6735
263.7567
263.7584
263.9362
263.9998
264.0529
264.0809
264.1584
264.5276
264.5852
264.6
264.6098
264.773
264.9216
265.0042
265.0885
265.1481
265.6745
265.694
265.8161
266.0335
266.0657
266.1109
266.2821
266.3401
266.744
266.8385
266.9204
266.9435
266.9507
266.9567
266.958
266.9745
266.9834
266.9865
267.201
267.2343
267.4436
267.4521
267.4587
267.5011
267.5603
267.5936
267.6956
267.7541
267.7738
267.9663
268.0258
268.1204
268.3803
268.4319
268.5518
268.616
268.6947
268.7349
268.8118
269.0244
269.1482
269.2419
269.4877
269.5446
269.7995
270.0292
270.087
270.3111
270.3826
270.4248
270.4464
270.5677
270.5759
270.7681
270.9615
271.1265
271.325
271.5206
271.5484
271.6533
271.6627
271.6922
272.0414
272.1326
272.141
272.1698
272.2013
272.2497
272.3615
272.4223
272.4746
272.56
272.6775
272.7584
272.8654
272.9193
273.0987
273.1768
273.1852
273.2919
273.319
273.3708
273.43
273.5433
273.5469
273.5613
273.5649
273.5734
273.5924
273.6203
273.8185
273.8404
273.8507
274.0632
274.0931
274.0961
274.1176
274.1324
274.1963
274.3939
274.6205
274.6278
274.7489
274.7777
274.8475
275.0252
275.0516
275.187
275.3504
275.4442
275.7924
276.021
276.2031
276.2938
276.4409
276.4727
276.6474
276.7976
276.8297
276.8844
276.9169
276.9186
276.9916
277.0249
277.1211
277.1503
277.3242
277.5291
277.8865
277.94
277.9529
277.958
278.0962
278.3716
278.5498
278.5541
278.5659
278.5681
278.9037
279.1579
279.2115
279.4537
279.5947
279.6498
279.6625
279.6936
279.8269
279.8335
280.2685
280.5206
280.6524
280.7577
280.7618
280.9643
281.0708
281.2712
282.2525
282.3736
282.3939
282.4472
282.4491
282.4907
282.4953
282.6306
282.657
282.7684
282.8571
282.8605
282.8659
282.989
283.4571
283.8221
283.8559
283.891
283.8979
283.9819
284.0304
284.1116
284.2457
284.3567
284.4037
284.4478
284.5224
284.539
284.5532
284.599
284.9925
285.1393
285.141
285.1503
285.1548
285.2165
285.2585
285.3057
285.377
285.3794
285.4
285.4074
285.4389
285.4644
285.6011
285.6368
285.7593
285.8901
286.0749
286.0792
286.1953
286.422
286.4956
286.5494
286.7693
286.792
287.0402
287.2264
287.3617
287.4939
287.6926
287.7367
288.0026
288.7415
288.7845
288.802
288.8387
289.0399
289.3216
289.4052
289.5577
289.8667
289.9729
290.0759
290.1093
290.1168
290.1204
290.1321
290.1343
290.1361
290.1371
290.1397
290.1504
290.1576
290.2098
290.3811
290.4425
290.6197
290.8254
291.0822
291.2345
291.303
291.3049
291.4183
291.468
291.4908
291.5559
291.6366
291.7848
291.8216
292.4283
292.4663
292.4709
292.5032
292.5113
292.5565
292.6978
292.8817
292.9909
293.0839
293.2223
293.4183
293.5564
293.5868
293.8039
293.9711
294.0682
294.2131
294.5577
294.5808
294.6187
294.7487
294.8541
294.8798
294.8995
294.9058
294.9589
295.0185
295.1589
295.1631
295.2558
295.4338
295.6262
295.7349
295.8568
296.2721
296.2772
296.386
296.4123
296.516
296.5283
296.5624
296.5869
296.6105
296.7165
296.7469
296.7717
296.8158
296.8309
296.9399
296.9704
296.9722
296.9857
297.0237
297.2879
297.3598
297.5958
297.7601
297.781
297.9006
297.9665
298.041
298.1759
298.1951
298.2258
298.2788
298.3996
298.587
298.7194
298.7596
298.8792
299.3918
299.5042
299.6817
299.9266
300.0255
300.0295
300.0399
300.0809
300.2355
300.3249
300.4379
300.4789
300.481
300.6065
300.7131
300.7711
300.9323
301.191
301.3219
301.5164
301.6681
301.7107
301.7198
301.7275
301.7306
301.7443
301.7669
301.9333
301.9489
301.9833
302.0203
302.0461
302.1096
302.1463
302.22
302.2492
302.3813
302.5269
302.5761
302.5774
302.6281
302.645
302.6723
302.7228
302.7266
302.7732
303.0145
303.3446
303.4653
303.4666
303.5193
303.5503
303.6342
303.6529
303.7034
303.7222
303.7451
303.8429
303.8895
303.9647
304.0759
304.1398
304.1792
304.2119
304.23
304.2874
304.3102
304.3139
304.3363
304.3466
304.4484
304.5438
304.5914
304.6405
304.6474
304.6721
304.7362
304.9492
304.9761
305.0316
305.0549
305.1318
305.201
305.2349
305.2588
305.2947
305.3206
305.3714
305.3844
305.4979
305.5404
305.6037
305.623
305.7788
305.8256
305.8493
305.8513
305.8996
305.953
306.0115
306.033
306.122
306.2373
306.4467
306.5634
306.5855
306.5965
306.603
306.7147
306.7421
306.7507
306.7871
306.8415
306.8555
306.8723
306.9067
306.9811
307.0999
307.1112
307.2277
307.2733
307.4751
307.6084
307.623
307.6358
307.642
307.6836
307.7606
307.7706
307.8546
307.8929
307.8966
307.9029
307.9042
307.9799
308.2214
308.2968
308.2986
308.3035
308.3185
308.3224
308.3476
308.363
308.393
308.4173
308.5032
308.5147
308.6644
308.8513
309.0325
309.0605
309.0724
309.2637
309.3258
309.3664
309.4224
309.4335
309.687
309.6906
309.9125
309.9527
310.0023
310.0861
310.2094
310.2457
310.2846
310.3491
310.4548
310.5714
310.604
310.6751
310.7489
310.7884
310.886
310.9424
311.0181
311.1702
311.2745
311.5621
311.6513
311.6939
311.728
311.7924
311.8347
311.9132
312.8337
313.0655
313.1655
313.2278
313.2785
313.2831
313.2896
313.2957
313.3005
313.3079
313.3214
313.3969
313.4026
313.411
313.418
313.4386
313.5383
313.7972
313.8139
313.8339
313.8478
313.9081
313.9103
313.9236
313.9257
313.9657
313.9984
314.0199
314.0523
314.0615
314.0719
314.0795
314.0806
314.1262
314.1368
314.1529
314.1698
314.25
314.2676
314.3616
314.3737
314.3869
314.3939
314.4104
314.4204
314.4766
314.4833
314.4899
314.5153
314.5628
314.5797
314.5851
314.6086
314.6585
314.6791
314.7405
314.7978
314.8247
314.8669
314.9007
314.9089
314.9483
315.0062
315.0547
315.0887
315.4563
315.4717
315.4878
315.4971
315.5071
315.534
315.5533
315.5825
315.5942
315.6504
315.6892
315.7134
315.7373
315.75
315.7809
315.7825
315.7961
315.8204
315.8277
315.8347
315.8934
315.9166
315.9326
315.9536
315.9631
316.0032
316.007
316.0265
316.0353
316.045
316.0632
316.1177
316.1414
316.147
316.1766
316.2356
316.2602
316.3243
316.3539
316.3588
316.3794
316.4503
316.4565
316.5376
316.5447
316.577
316.6956
316.8003
317.0804
317.1292
317.1398
317.143
317.1564
317.1635
317.2124
317.224
317.2347
317.2376
317.2642
317.3098
317.3237
317.362
317.3735
317.395
317.4315
317.4362
317.4469
317.4622
317.4921
317.5095
317.5272
317.5426
317.5532
317.5867
317.6117
317.622
317.6515
317.6636
317.6677
317.676
317.6835
317.7105
317.7123
317.7196
317.7281
317.7404
317.751
317.764
317.774
317.7903
317.7988
317.8478
317.8628
317.8942
317.942
317.9985
318.0005
318.0352
318.0452
318.092
318.1344
318.1362
318.1632
318.1734
318.211
318.4066
318.5916
318.742
318.7438
318.7722
318.7773
318.8141
318.8343
318.848
318.8515
318.888
318.903
318.9151
318.917
318.9302
318.9601
318.9809
319.0068
319.0355
319.0558
319.0967
319.1186
319.1255
319.1804
319.1869
319.199
319.2278
319.2427
319.2484
319.3131
319.3233
319.3704
319.3838
319.3993
319.4025
319.4066
319.4215
319.4501
319.4645
319.4751
319.4766
319.4887
319.5029
319.5274
319.5386
319.5865
319.6096
319.6739
319.7539
319.7917
319.8252
319.8427
319.8647
319.8796
319.8842
319.8899
319.8982
319.9207
319.9443
319.9621
319.9879
320.2022
320.374
320.7304
320.7637
320.8431
320.8448
320.8871
321.0267
321.0362
321.1169
321.1692
321.777
321.7965
321.8166
321.8229
321.9299
322.0007
322.0253
322.0359
322.1376
322.1564
322.2112
322.3832
322.3966
322.408
322.4643
322.9203
323.0395
323.3012
323.3023
323.5758
323.5992
323.7352
323.7532
323.8574
323.9859
324.2269
324.3435
324.4135
324.7349
324.8724
324.8766
324.8806
324.8836
324.9047
324.9446
324.9756
324.9831
324.9887
324.9967
325.0074
325.0126
325.0158
325.0226
325.044
325.0523
325.0592
325.0627
325.0898
325.1306
325.1814
325.1959
325.2103
325.2285
325.2361
325.2801
325.2964
325.3115
325.3316
325.3413
325.3525
325.3647
325.3907
325.4021
325.4406
325.4546
325.5107
325.5214
325.5326
325.6107
325.6293
325.6654
325.6927
325.7072
325.8627
325.9051
325.9522
326.2516
326.3698
326.4198
326.4377
326.4555
326.4723
326.4838
326.5177
326.5407
326.5492
326.5793
326.581
326.6089
326.6194
326.637
326.6684
326.6796
326.6976
326.7007
326.7107
326.7259
326.7372
326.739
326.7816
326.7873
326.7966
326.8056
326.8206
326.829
326.8362
326.8441
326.8632
326.8905
326.9266
326.942
327.0164
327.0328
327.0526
327.103
327.1047
327.1067
327.1395
327.1533
327.1701
327.1844
327.1911
327.2163
327.2466
327.2478
327.2868
327.2918
327.3463
327.564
327.6999
327.795
327.8443
327.9993
328.008
328.0157
328.0232
328.0658
328.0793
328.0962
328.1115
328.1321
328.1355
328.1565
328.1587
328.1798
328.1927
328.2054
328.2333
328.2648
328.2916
328.2993
328.3106
328.3255
328.3413
328.3529
328.3803
328.4124
328.4194
328.4271
328.4345
328.4737
328.508
328.5172
328.5183
328.5352
328.5537
328.5709
328.5953
328.5968
328.6458
328.6563
328.6794
328.7157
328.7883
328.8159
328.8242
328.8292
328.8329
328.878
328.9056
328.9334
329.0308
329.0866
329.3303
329.5038
329.5724
329.6611
329.678
329.7195
329.7406
329.749
329.7725
329.7788
329.8078
329.8429
329.8981
329.9055
329.9291
329.9337
329.9647
329.9686
330.0047
330.0343
330.0364
330.0434
330.05
330.0603
330.0728
330.1355
330.1562
330.1644
330.1972
330.2
330.2445
330.2583
330.2813
330.2978
330.3344
330.3657
330.3804
330.3883
330.4026
330.4068
330.4315
330.4347
330.4539
330.492
330.5781
330.6404
330.6903
330.9833
331.237
331.3378
331.3545
331.3616
331.364
331.3704
331.3777
331.3914
331.4222
331.457
331.466
331.4725
331.4746
331.4787
331.4914
331.4969
331.5021
331.5479
331.5922
331.6138
331.6196
331.6281
331.6947
331.7395
331.7576
331.7705
331.8721
331.8958
332.2406
332.2635
332.2943
332.3586
332.3666
332.6049
332.687
332.7506
332.8638
332.8976
332.9941
333.0038
333.0162
333.1558
333.4768
333.5283
333.6589
333.9121
334.0472
334.1317
334.1596
334.3884
334.4316
334.5511
334.7919
334.8558
334.922
334.9673
335.0182
335.0991
335.2073
335.2831
335.305
335.4285
335.4383
335.4625
335.6423
335.8152
335.9661
335.9746
336.0297
336.144
336.4336
336.4659
336.4675
336.4806
336.4862
336.4922
336.5234
336.5748
336.5835
336.5917
336.5994
336.604
336.6061
336.6233
336.6451
336.6655
336.695
336.7044
336.7357
336.766
336.7968
336.9408
337.0046
337.0299
337.0494
337.0539
337.1117
337.1128
337.1331
337.2312
337.3044
337.3236
337.3664
337.3695
337.387
337.4164
337.4242
337.4361
337.4558
337.4864
337.5037
337.5218
337.5284
337.5356
337.5506
337.5615
337.5828
337.5915
337.6342
337.6407
337.6757
337.7081
337.7211
337.7429
337.7998
337.836
337.9207
337.94
337.979
337.9927
338.0512
338.0582
338.0595
338.0731
338.0857
338.1163
338.131
338.1426
338.162
338.1691
338.1889
338.1928
338.2622
338.2801
338.2843
338.2892
338.3215
338.3923
338.3969
338.5604
338.6436
338.7318
338.795
338.8172
338.8621
338.9283
338.954
338.9678
339.0392
339.0821
339.115
339.1256
339.1305
339.1549
339.164
339.1655
339.2695
339.2953
339.3125
339.3189
339.3213
339.3376
339.3565
339.3793
339.3942
339.4435
339.4753
339.5033
339.5134
339.531
339.5597
339.5734
339.5884
339.6247
339.6603
339.6957
339.7263
339.7452
339.7665
339.8143
339.8295
339.8307
339.8484
339.85
339.8687
339.8754
339.8959
339.9076
339.9132
339.9537
339.9668
339.9848
340.0203
340.0219
340.1125
340.1772
340.1837
340.2072
340.2281
340.2493
340.2536
340.303
340.3223
340.3586
340.3824
340.4643
340.5328
340.6261
340.6352
340.6846
340.7213
340.7804
340.7928
340.8053
340.8262
340.8281
340.8457
340.867
340.8814
340.9148
340.9267
340.9455
340.9748
341.0105
341.0429
341.0675
341.0713
341.0926
341.1157
341.1675
341.1817
341.2055
341.224
341.2591
341.2844
341.2884
341.3501
341.3903
341.408
341.4323
341.4451
341.4721
341.4895
341.5128
341.5214
341.5356
341.5399
341.5459
341.5612
341.6266
341.6373
341.652
341.6623
341.6995
341.7303
341.7911
341.8251
341.8914
341.9796
342.0306
342.0368
342.0821
342.1071
342.1511
342.3792
342.3899
342.3954
342.4268
342.4788
342.4809
342.4864
342.4915
342.5062
342.5133
342.5515
342.6136
342.6249
342.6397
342.659
342.6944
342.6988
342.7081
342.7188
342.7249
342.7384
342.761
342.7729
342.7867
342.7887
342.7996
342.814
342.841
342.8813
342.912
342.9383
342.9475
342.9701
342.9717
343.0124
343.0397
343.0413
343.0429
343.0451
343.0563
343.0753
343.1302
343.1373
343.1829
343.244
343.3127
343.3246
343.3401
343.3768
343.3951
343.4236
343.4295
343.4307
343.5522
343.7187
343.7601
344.0609
344.1726
344.3124
344.9576
345.0742
345.1091
345.127
345.4001
345.6209
345.6764
345.7708
345.7902
345.8093
345.8252
345.8964
345.9335
346.1724
346.2056
346.3052
346.3969
346.4073
346.4357
346.781
346.8269
346.84
347.1676
347.216
347.4229
347.5179
347.6313
347.6486
347.651
347.7292
347.7425
347.7528
347.8774
347.9673
347.9863
348.0233
348.0403
348.0582
348.0643
348.0701
348.2171
348.2184
348.2583
348.2594
348.4172
348.5199
348.6979
348.7547
348.8018
348.8097
348.8531
348.8641
348.8787
348.976
349.0309
349.0572
349.0659
349.0905
349.1109
349.118
349.1311
349.1723
349.1934
349.2386
349.3415
349.4212
349.4247
349.5
349.5126
349.5319
349.615
349.6336
349.6636
349.6926
349.7093
349.8125
349.8169
349.878
349.9421
350.038
350.0984
350.1369
350.1422
350.1905
350.2987
350.4365
350.5532
350.5552
350.7422
350.7436
350.7709
350.7931
350.8387
350.9818
351.2006
351.3248
351.4739
351.4756
351.5008
351.5289
351.5791
351.6746
351.78
351.8073
351.8198
351.889
352.108
352.1222
352.1452
352.1736
352.3988
352.4265
352.4597
352.5045
352.6722
352.7091
352.8496
352.8537
352.9346
352.9443
352.9934
353.008
353.0311
353.077
353.1222
353.1328
353.1607
353.1951
353.2336
353.2719
353.4692
353.4833
353.5693
353.7205
353.808
353.8102
353.826
353.8384
353.8418
353.9084
354.0051
354.1774
354.199
354.2031
354.2106
354.2811
354.3479
354.3494
354.5321
354.5544
354.636
354.6466
354.6648
354.6781
354.714
354.8398
354.9514
355.0197
355.1698
355.2493
355.3025
355.3485
355.5642
355.5838
355.6442
355.8086
355.8602
355.87
355.968
356.1139
356.4627
356.7092
356.9822
357.0189
357.0256
357.195
357.3287
357.5851
357.7987
357.8358
357.9179
357.9666
358.1624
358.2599
358.319
358.4047
358.6419
358.9315
359.0057
359.1708
359.2156
359.2451
359.2949
359.3223
359.3579
359.3779
359.4856
359.5096
359.5245
359.5519
359.5589
359.606
359.6094
359.6138
359.6382
359.6463
359.6538
359.682
359.6868
359.742
359.7879
359.8221
359.8849
359.9144
359.9641
360.2359
360.3034
360.4641
360.4777
360.682
361.1125
361.3146
361.4267
361.477
361.4781
361.6654
361.6671
362.3528
362.4594
362.5744
362.6533
362.898
362.9887
363.0212
363.0577
363.196
363.6369
363.8199
363.8455
363.935
364.2042
364.2252
364.5312
364.5646
364.6995
364.8701
365.0004
365.0227
365.1608
365.2027
365.2658
365.3522
365.4186
365.5991
365.6435
365.757
365.8063
365.8297
365.8941
366.1856
366.2259
366.2856
366.2909
366.8853
366.9867
367.1187
367.2008
367.2207
367.4419
367.4542
367.7956
367.8096
367.8481
368.0152
368.0226
368.0735
368.4483
368.4504
368.4532
368.4594
368.6459
369.2887
369.6902
370.3053
370.4661
370.5186
370.7049
370.8261
371.005
371.0065
371.1914
371.2026
371.2107
371.2146
371.2166
371.2243
371.2406
371.3025
371.4431
371.5164
371.5566
371.5758
371.6428
371.8649
371.8661
371.9322
372.0504
372.371
372.419
373.277
373.6997
373.7493
373.7785
373.9013
373.9722
374.157
374.986
375.051
375.0815
375.0994
375.2738
375.3547
375.3836
375.5526
375.6439
375.903
375.9274
376.2006
376.262
376.3807
376.5341
376.5859
376.6571
376.7125
376.7579
376.8383
376.9117
376.9444
377.1986
377.2411
377.2658
377.3837
377.4745
377.8074
377.8224
377.8533
377.8938
378.0267
378.0965
378.1798
378.2188
378.2458
378.5242
378.7103
379.0202
379.2306
379.256
379.371
379.462
379.6568
379.7183
379.92
379.951
380.1523
380.1819
380.1957
380.3275
380.4357
380.4564
380.4645
380.5659
380.6751
381.3075
381.3569
381.5342
381.6039
381.6361
381.8949
382.1951
382.3368
382.6118
382.7844
382.8127
382.82
382.8435
382.8497
382.86
382.9381
382.9579
382.9795
383.0339
383.0495
383.0971
383.1262
383.4356
383.5922
383.6515
383.7805
383.8331
383.8991
383.9776
384.1554
384.261
384.3365
384.4055
384.4357
384.569
384.5788
384.7428
384.8924
385.1045
385.1759
385.3018
385.3109
385.3726
385.3922
385.4542
385.5011
385.5952
385.598
385.823
385.9745
386.3266
386.39
387.1539
387.3091
387.3575
387.4837
387.6581
387.7963
387.8427
387.8486
387.9316
387.9657
388.0374
388.0811
388.0936
388.1556
388.2531
388.3425
388.3723
388.5564
388.6261
388.761
388.7876
388.8795
389.0631
389.0763
389.0888
389.197
389.2178
389.2566
389.37
389.5755
389.9551
390.0914
390.1248
390.2364
390.3422
390.3688
390.7709
390.7799
391.7201
392.6934
392.7169
392.7301
392.7358
392.746
392.7513
392.7541
392.766
392.7679
392.7789
392.7811
392.7845
392.8392
392.8721
392.8821
392.8942
392.9063
392.9909
393.0445
393.0568
393.058
393.0731
393.0842
393.1164
393.1422
393.186
393.284
393.2934
393.3193
393.3227
393.3404
393.3463
393.3557
393.3571
393.3679
393.385
393.5272
393.5418
393.5552
393.5736
393.5912
393.6032
393.6046
393.6123
393.6225
393.6406
393.6517
393.7852
393.8013
393.8283
393.8509
393.8577
393.9077
393.9351
393.9847
394.0397
394.042
394.0611
394.0986
394.1152
394.1243
394.1446
394.1645
394.3182
394.3546
394.3635
394.4339
394.4765
394.5356
394.5615
394.5995
394.6657
394.6768
394.7824
394.7843
394.8747
394.9075
395.0229
395.0292
395.039
395.0407
395.0509
395.0772
395.0918
395.1003
395.1131
395.1282
395.1859
395.2547
395.2794
395.2882
395.3098
395.3255
395.3482
395.3606
395.4086
395.4249
395.5328
395.5373
395.5414
395.5582
395.6072
395.7918
395.8471
395.9575
395.9986
396.1673
396.2514
396.2714
396.3036
396.3411
396.4277
396.4821
396.4839
396.5633
396.6383
396.6931
396.7617
397.0744
397.3063
397.626
397.6731
397.6958
397.6996
397.7102
397.7131
397.7152
397.7378
397.7451
397.7466
397.7499
397.7707
397.7748
397.8003
397.8047
397.8091
397.8238
397.9129
397.9345
397.9449
397.9518
397.9535
397.9581
397.9918
398.0006
398.0284
398.0559
398.0632
398.0797
398.1246
398.1677
398.1794
398.1842
398.1898
398.2125
398.2561
398.2736
398.3204
398.4473
398.4678
398.5127
398.5181
398.528
398.5462
398.5603
398.5785
398.6306
398.6767
398.6818
398.6869
398.6928
398.7009
398.7146
398.7327
398.7469
398.7572
398.7729
398.887
398.9238
398.9296
398.9509
398.9658
398.9759
398.9852
399.0008
399.0152
399.0531
399.0635
399.1686
399.1805
399.251
399.2531
399.2788
399.2941
399.4136
399.421
399.4282
399.5498
399.6693
399.6798
399.7348
399.7417
399.7522
399.7948
399.9086
399.9211
399.9544
399.9607
399.9686
399.9752
399.9819
400.0076
400.0102
400.0207
400.0428
400.0552
400.0806
400.1553
400.1565
400.1607
400.1736
400.1803
400.2277
400.2811
400.368
400.4661
400.5142
400.5268
400.6883
400.6943
400.6982
400.7028
400.7093
400.7705
400.9027
401.1546
401.1749
402.2509
402.6332
402.6617
402.6649
402.6773
402.6791
402.6819
402.6873
402.6908
402.6963
402.7075
402.7221
402.7256
402.7287
402.7439
402.7745
402.8083
402.8353
402.8815
402.8877
402.9311
402.9503
402.9598
402.996
403.0024
403.013
403.0314
403.0927
403.1023
403.1392
403.1643
403.1965
403.2088
403.2518
403.2631
403.4152
403.4231
403.5086
403.5156
403.5394
403.5974
403.6496
403.6644
403.6756
403.6987
403.7261
403.7537
403.7689
403.7784
403.8306
403.86
403.9107
403.9286
403.9398
404.0421
404.0636
404.0782
404.1503
404.1662
404.1835
404.2599
404.263
404.273
404.337
404.3426
404.4145
404.425
404.5435
404.6221
404.6238
404.645
404.6621
404.6722
404.7148
404.7578
404.7987
404.8251
404.8351
404.8431
404.8692
404.9306
404.9919
405.0187
405.0547
405.0597
405.0822
405.2417
405.2874
405.3991
405.4181
405.4285
405.4391
405.5144
405.5331
405.5509
405.5926
405.7648
405.9532
406.0219
406.2967
406.4018
406.8556
406.8805
407.1839
407.586
407.5925
407.6247
407.6406
407.6534
407.6881
407.6892
407.6987
407.7416
407.7752
407.7884
407.8048
407.8121
407.8403
407.8527
407.8547
407.8567
408.0642
408.0875
408.1109
408.2146
408.2758
408.288
408.3432
408.5289
408.5378
408.6013
408.759
408.8219
409.0362
409.0657
409.2611
409.2717
409.4267
409.5251
409.5276
409.5793
409.7601
409.7774
410.0259
410.0792
410.0818
410.0982
410.2229
410.2809
410.3036
410.3447
410.3916
410.503
410.5081
410.5282
410.5493
410.9782
411.6109
412.4197
412.4828
412.4899
412.5564
412.566
412.5808
412.5819
412.5991
412.7155
412.7289
412.8817
413.1637
413.2138
413.2671
413.4274
413.5365
413.6689
413.7599
413.8832
413.8956
413.9083
414.1098
414.1978
414.2457
414.5149
414.7227
414.786
414.8522
415.0593
415.1425
415.255
415.3892
415.4333
416.5921
416.8694
416.8851
417.0238
417.3307
417.5267
417.5537
417.5875
417.6136
417.6203
417.6213
417.6606
417.7205
417.8301
418.0065
418.2861
418.3039
418.339
418.3404
418.3634
418.4897
418.5537
418.8047
418.8792
418.9428
419.1336
419.2265
419.2354
419.3234
419.3349
419.3685
419.5699
419.5741
419.6953
419.7972
420.0599
420.1132
420.1398
420.2192
420.2544
420.3602
420.9181
420.9249
420.9775
421.3925
421.5978
421.6123
421.6548
422.1536
422.2551
422.4907
422.5024
422.5061
422.5106
422.5686
422.618
422.6475
422.8291
422.9764
423.0681
423.1964
423.3363
423.35
423.3957
423.7831
423.8466
423.9902
424.0086
424.0423
424.0594
424.1139
424.6006
424.6106
424.7698
424.8091
424.8246
424.9358
425.0937
425.2312
425.3707
425.3943
425.4106
425.6443
425.9784
426.7714
426.8088
427.161
427.1966
427.3179
427.3302
427.3412
427.4586
427.4622
427.4753
427.5585
427.5655
427.6362
427.7321
427.7401
427.8102
427.8353
427.9524
428.3081
428.3526
428.4618
428.4885
428.5531
428.6002
428.9222
428.9406
429.0876
429.1752
429.3391
429.4477
429.545
429.5961
429.8259
430.0618
430.0983
430.1528
430.155
430.2421
430.2875
430.3241
430.4276
430.601
430.8615
430.891
431.0354
431.2809
431.4196
431.4355
431.7503
432.2351
432.4066
432.4212
432.4269
432.4289
432.4301
432.4345
432.4403
432.4418
432.4547
432.46
432.4651
432.4718
432.4846
432.5012
432.5028
432.5087
432.5376
432.5948
432.6123
432.6183
432.6665
432.671
432.6836
432.7114
432.7604
432.7919
432.8085
432.8129
432.8167
432.8284
432.8845
432.9133
432.9468
433.0382
433.05
433.0694
433.0766
433.0997
433.1185
433.141
433.2457
433.2597
433.2979
433.3194
433.3207
433.3293
433.3311
433.3595
433.3691
433.3903
433.4209
433.453
433.524
433.5469
433.5823
433.6027
433.6165
433.6969
433.7743
433.8088
433.8202
433.8276
433.8364
433.8545
433.9113
434.0058
434.0169
434.0194
434.0299
434.0722
434.0925
434.1443
434.1623
434.1937
434.2318
434.2496
434.2654
434.2857
434.299
434.313
434.3273
434.3724
434.3919
434.4077
434.5155
434.5478
434.5666
434.5949
434.612
434.6267
434.6701
434.7522
434.764
434.8024
434.8219
434.8352
434.8526
434.8627
434.9427
434.9569
435.004
435.0303
435.0343
435.0581
435.0719
435.0831
435.0891
435.1526
435.2228
435.2454
435.2809
435.2853
435.3054
435.3087
435.3831
435.5186
435.6177
435.7508
435.818
436.1133
436.2068
436.2115
436.2957
436.3468
436.452
436.5085
436.7483
436.7651
436.8409
437.2405
437.3908
437.4086
437.4123
437.416
437.4227
437.4308
437.4405
437.442
437.4488
437.4579
437.4598
437.4663
437.4691
437.479
437.489
437.4913
437.495
437.5007
437.5056
437.5264
437.548
437.5659
437.5828
437.6265
437.6549
437.6597
437.6744
437.681
437.7123
437.7185
437.727
437.735
437.769
437.7832
437.7974
437.8245
437.8989
437.9006
437.909
437.9228
437.9252
437.9532
437.9763
438.0098
438.0476
438.143
438.1491
438.1644
438.1795
438.1947
438.2041
438.2159
438.2235
438.2361
438.256
438.2592
438.2692
438.2812
438.4008
438.4078
438.4309
438.4399
438.4489
438.454
438.4616
438.4758
438.5104
438.5288
438.6418
438.6512
438.6588
438.6692
438.6862
438.6966
438.7273
438.7411
438.7554
438.7842
438.8834
438.8884
438.9044
438.9365
438.9496
438.9827
439.0142
439.1078
439.1396
439.1453
439.1722
439.1766
439.1829
439.1916
439.2
439.2613
439.2818
439.2944
439.352
439.3708
439.3879
439.3895
439.3929
439.4072
439.4148
439.4227
439.4317
439.4559
439.4693
439.4823
439.5224
439.5879
439.6298
439.6311
439.6491
439.6781
439.687
439.7183
439.7194
439.7321
439.7473
439.7666
439.8898
439.9101
439.9214
439.9325
439.9515
439.9805
440.0178
440.0392
440.1054
440.1069
440.1251
440.128
440.1397
440.146
440.1872
440.2127
440.2313
440.2452
440.3407
440.4063
440.414
440.4197
440.4248
440.4305
440.514
440.5471
440.55
440.5796
440.7793
440.7849
440.879
441.0837
441.6759
441.7063
441.9111
441.9734
442.3623
442.3708
442.3962
442.4065
442.4191
442.4282
442.4456
442.4669
442.4809
442.4857
442.4924
442.5293
442.5835
442.6014
442.63
442.6581
442.6818
442.7194
442.7243
442.7445
442.7927
442.8512
442.8787
442.9236
442.9983
443.0085
443.047
443.0791
443.1349
443.1491
443.1591
443.168
443.2083
443.2108
443.2164
443.2634
443.2651
443.295
443.3066
443.3812
443.3988
443.4145
443.416
443.4671
443.5156
443.5454
443.5522
443.5644
443.5767
443.7068
443.7358
443.8156
443.8303
443.911
443.9272
443.9738
443.9898
444.0649
444.1256
444.1293
444.1362
444.1436
444.1447
444.1569
444.2915
444.3114
444.3696
444.4479
444.4788
444.4824
444.5823
444.6129
444.6237
444.6344
444.6381
444.6911
444.7366
444.7447
444.7934
444.7959
444.819
444.8547
444.8857
444.8929
444.927
444.9433
444.9737
445.0363
445.0588
445.0915
445.139
445.1497
445.1565
445.1942
445.5869
445.6002
445.9659
446.3873
446.5113
446.549
447.039
447.3371
447.3383
447.3419
447.3582
447.3911
447.4817
447.4947
447.5104
447.5238
447.5352
447.582
447.5846
447.6038
447.6405
447.7557
447.813
447.9508
448.0094
448.2472
448.3012
448.4435
448.5054
448.5142
448.5986
448.748
448.7942
449.0151
449.0278
449.074
449.13
449.241
449.2622
449.487
449.692
449.7315
449.7955
449.927
449.9971
450.0102
450.0549
450.0852
450.2625
450.5472
451.0405
451.0479
451.0565
451.0646
451.0756
451.3103
451.61
451.8186
452.2011
452.282
452.3024
452.3134
452.3241
452.4006
452.669
452.8128
453.0052
453.1685
453.2569
453.2954
453.456
453.4973
453.5673
453.6001
453.7666
454.0057
454.0361
454.11
454.2622
454.3539
454.45
454.4942
454.5723
454.6314
454.7297
454.7338
454.9682
454.9754
455.0475
455.0878
455.1962
455.2555
455.5314
455.9197
456.3495
456.5411
456.5457
456.6517
456.7863
457.0456
457.1907
457.2475
457.2571
457.2621
457.3344
457.3462
457.3657
457.3725
457.4464
457.7489
457.8063
457.8664
457.982
458
458.195
458.1964
458.1996
458.3022
458.3113
458.4627
458.4862
458.5307
458.5437
458.567
458.7499
458.9346
459.0108
459.0411
459.0888
459.1926
459.3405
459.3589
459.4579
459.5194
459.7979
459.8311
460.2687
460.2774
460.3074
460.4458
460.4668
460.4972
460.5127
460.6186
460.7451
460.8702
460.9059
461.1241
461.1308
461.3871
461.7021
461.7543
461.7905
461.8911
462.2068
462.236
462.2624
462.2901
462.2927
462.3008
462.3144
462.3402
462.3663
462.3922
462.4233
462.491
462.5766
462.9889
463.0548
463.1526
463.3103
464.0351
464.122
464.3333
464.3615
464.3651
464.5009
464.5137
464.5657
464.8028
464.814
464.8625
464.9553
465.1113
465.2296
465.6313
465.7101
465.9241
466.0003
466.1092
466.2431
466.7564
466.929
467.1608
467.2791
467.3019
467.3177
467.5149
467.6417
467.6933
467.8478
467.8812
468.0213
468.0532
468.124
468.2748
468.3676
468.3846
468.5273
468.5562
468.7605
468.8687
469.0069
469.0288
469.0853
469.0864
469.6545
469.6556
469.764
469.8145
469.9028
469.9359
469.9501
470.0531
470.0635
470.5677
470.8901
470.906
470.9328
471.1161
471.2694
471.8236
471.9648
472.1465
472.1479
472.1561
472.1725
472.1742
472.1812
472.1856
472.2106
472.2153
472.2227
472.2716
472.2771
472.2897
472.3128
472.3266
472.3303
472.3663
472.3749
472.4254
472.4615
472.4835
472.5496
472.5899
472.5973
472.7272
472.7434
472.7564
472.7884
472.8118
472.8341
472.8445
472.8531
472.9898
473.0081
473.0181
473.0268
473.0603
473.0714
473.1172
473.2246
473.3003
473.3242
473.3317
473.3361
473.4656
473.4836
473.4851
473.5135
473.5164
473.5191
473.5715
473.6052
473.6713
473.7665
473.777
473.7979
473.8161
473.9065
473.9978
474.0119
474.0184
474.0382
474.0756
474.0942
474.156
474.1635
474.2093
474.2354
474.2365
474.2381
474.2682
474.2769
474.2999
474.3094
474.3247
474.419
474.5062
474.5203
474.5369
474.5673
474.5758
474.5886
474.6474
474.7032
474.7109
474.7163
474.7297
474.7387
474.7578
474.7904
474.798
474.8472
474.9142
474.9252
475.0084
475.0354
475.0618
475.0695
475.1108
475.2408
475.3279
475.4796
475.9236
476.145
476.222
476.2827
476.5016
476.8605
476.8706
476.9476
476.9812
476.9946
477.1156
477.1233
477.1377
477.141
477.1645
477.182
477.1834
477.1896
477.1946
477.1964
477.2005
477.2052
477.2156
477.2283
477.2531
477.3059
477.3565
477.3798
477.3857
477.393
477.3941
477.4174
477.438
477.4422
477.4606
477.4922
477.4986
477.5244
477.5357
477.5781
477.616
477.6174
477.6187
477.6291
477.636
477.6583
477.6772
477.686
477.7139
477.7369
477.7432
477.7518
477.764
477.7897
477.8462
477.8511
477.8639
477.8788
477.8897
477.9028
477.9161
477.9236
477.9474
477.9746
477.9918
478.1138
478.1216
478.1304
478.1646
478.1673
478.1813
478.1901
478.2256
478.2655
478.3611
478.368
478.3692
478.3971
478.3992
478.4195
478.4371
478.461
478.4761
478.6072
478.6384
478.6437
478.6609
478.6639
478.667
478.678
478.6816
478.7171
478.7613
478.9028
478.93
478.946
478.9772
479.0035
479.0918
479.1037
479.1119
479.1401
479.1537
479.1612
479.1698
479.1856
479.1991
479.2298
479.248
479.3036
479.349
479.3558
479.3593
479.3631
479.407
479.4139
479.436
479.4513
479.4874
479.5275
479.5593
479.5911
479.6108
479.6212
479.6298
479.648
479.6696
479.6833
479.7465
479.8484
479.8813
479.9103
479.9403
479.9904
480.0048
480.1324
480.1404
480.1433
480.3235
480.603
480.863
481.1317
481.4012
481.5685
481.5834
482.0722
482.0766
482.0779
482.1116
482.1149
482.1159
482.1214
482.1396
482.1438
482.1738
482.1798
482.2164
482.23
482.2352
482.2384
482.2514
482.2786
482.3503
482.3557
482.3577
482.3728
482.3816
482.4679
482.5356
482.5829
482.6218
482.637
482.657
482.6755
482.6826
482.7547
482.7665
482.7727
482.7787
482.7958
482.8534
482.9806
483.0049
483.0217
483.047
483.0593
483.1034
483.1117
483.1304
483.2831
483.2946
483.3533
483.3747
483.4229
483.4552
483.4858
483.5285
483.5496
483.6075
483.6278
483.6737
483.7042
483.7806
483.8589
483.8683
483.9005
483.9484
484.0012
484.0347
484.0376
484.0824
484.0917
484.174
484.2481
484.2545
484.2734
484.3294
484.3454
484.3483
484.359
484.4572
484.4767
484.5292
484.5453
484.5945
484.6046
484.6064
484.6796
484.6913
484.7003
484.7361
484.7581
484.7727
484.8006
484.8573
484.8665
485.0231
485.1861
485.4538
485.8341
485.8623
486.0279
486.1716
486.9144
487.0429
487.0711
487.0941
487.1643
487.1774
487.1984
487.2146
487.2955
487.4711
487.4822
487.4839
487.5315
487.5568
487.6604
487.9616
487.9819
487.9999
488.0109
488.0487
488.2161
488.2221
488.234
488.2406
488.2588
488.2872
488.5359
488.5903
488.6535
488.7147
488.7326
488.7688
488.801
488.8573
488.9784
489.008
489.0394
489.0872
489.1543
489.2361
489.2448
489.2545
489.2607
489.5166
489.5405
489.7033
489.7168
489.7572
489.8643
489.9399
490.2658
490.581
491.0157
491.0782
491.4349
491.5552
491.8436
491.8698
491.998
492.0022
492.0056
492.0233
492.0571
492.1377
492.4367
492.59
492.6055
492.769
493.1092
493.1489
493.2602
493.4473
493.5166
493.5649
493.5798
493.7389
493.837
493.8808
493.8835
494.5432
494.5636
494.7516
495.2292
495.2797
495.6706
495.7489
495.9673
496.2387
496.4089
496.4429
496.5032
496.7486
496.9593
496.9678
496.9815
496.983
496.9955
497.0106
497.0679
497.0713
497.0806
497.0843
497.0865
497.2564
497.2686
497.42
497.4764
497.5078
497.7522
497.8201
498.0333
498.0474
498.1604
498.2491
498.2957
498.4223
498.461
498.5003
498.8278
498.9384
498.9986
499.1259
499.213
499.2194
499.296
499.3897
499.4315
499.4758
499.5644
499.6658
499.6693
499.7065
499.8025
499.9079
500.0472
500.0486
500.2606
500.3472
500.4662
500.6499
500.7016
501.2372
501.6502
501.8073
501.9613
501.9631
501.9846
502.0037
502.0381
502.0415
502.0559
502.0633
502.0737
502.1969
502.5267
502.553
502.5985
502.7039
502.838
502.875
503.1951
503.1973
503.3391
503.3726
503.5752
503.6151
503.7852
504.2303
504.2429
504.2453
504.3193
504.454
504.5278
504.688
504.8185
505.3138
505.5041
506.0154
506.3188
506.322
506.4661
506.8873
506.8977
506.9426
506.951
506.9902
507.1225
507.2538
507.7331
507.7823
508.2799
508.3974
508.9737
508.9931
509.028
509.0496
509.2432
509.3642
509.4248
509.4665
509.5062
509.5478
509.6211
509.7283
509.7647
509.8271
510.7079
510.9906
511.2371
511.698
511.8204
511.8661
511.8698
511.877
511.8794
511.8966
511.9032
511.9093
511.9163
511.9315
511.9413
511.9452
511.9514
511.9561
511.9751
511.9983
512.0368
512.0787
512.0844999999999
512.093
512.2148
512.2275999999999
512.2354
512.2587
512.2757
512.287
512.3067
512.322
512.3331000000001
512.4831
512.487
512.4917
512.5273
512.5581999999999
512.6085
512.7067999999999
512.7121
512.7254
512.755
512.9286
512.9491
512.9780000000001
512.9938999999999
513.0016000000001
513.0125
513.0277
513.0572999999999
513.0853999999999
513.1014
513.157
513.1969
513.203
513.2236
513.2416000000001
513.25
513.2882
513.2999
513.319
513.4038
513.4543
513.4784999999999
513.4825
513.4867
513.4926
513.5159
513.5429
513.6054
513.6577
513.7116
513.7143
513.7264
513.7353000000001
513.7564
513.7745
513.7972
513.8059000000001
513.9696
513.9987
514.008
514.0181
514.0255
514.0393
514.0495
514.0787
514.1745
514.1973
514.2052
514.2107
514.2259
514.2332
514.2406
514.2465
514.249
514.3122
514.4358
514.4514
514.4927
514.4989
514.5013
514.506
514.529
514.6155
514.6367
514.6485
514.6654
514.6988
514.7361
514.7524
514.7766
515.7455
515.848
516.1247
516.3108999999999
516.4223
516.5592
516.6772
516.8275
516.8415
516.8554
516.8605
516.8679999999999
516.8795
516.8941
516.8994
516.9010000000001
516.9062
516.9134
516.9221
516.9333
516.9382000000001
516.9484
516.9538
516.9596
516.9723
517.0593
517.0825
517.1099
517.1351999999999
517.1433
517.1517
517.162
517.1713999999999
517.1799
517.2099000000001
517.2163
517.2248
517.2436
517.2891999999999
517.3401
517.352
517.3711000000001
517.3851
517.3913
517.4447
517.4485
517.4698
517.4816
517.5775
517.5817
517.5937
517.6165
517.6396999999999
517.7162
517.8206
517.8284
517.8401
517.8480999999999
517.8515
517.8607
517.8646
517.87
517.8797999999999
517.8826
517.9493
517.9782
518.0817
518.0873
518.0947
518.119
518.1433
518.1806
518.1918000000001
518.2358
518.3275
518.3332
518.3416999999999
518.3537
518.3835
518.4365
518.4466
518.457
518.4814
518.5206000000001
518.5509
518.5732
518.5791
518.5943
518.6159
518.6242999999999
518.6648
518.7058
518.7213
518.7242
518.8187
518.8251
518.8315
518.8477
518.8656
518.88
518.9437
518.9499000000001
518.9755
519.02
519.0681
519.0714
519.0759
519.0924
519.1118
519.116
519.131
519.1493
519.1599
519.2261
519.3208
519.327
519.3338
519.3649
519.3714
519.3801
519.3987
519.4221
519.434
519.4695
519.573
519.5794
519.5907
519.6079
519.6179999999999
519.6665
519.7189
519.8536
519.856
520.0004
520.0687
520.1166000000001
520.1550999999999
520.4301
520.4563000000001
520.49
520.6699
520.705
521.1621
521.4668
521.5579
521.5819
521.7734
521.7799
521.7817
521.7878000000001
521.7958
521.8017
521.8066
521.8095000000001
521.8143
521.8162
521.8185
521.8251
521.8405
521.8551
521.8751999999999
521.8951999999999
521.9479
521.9757999999999
522.0027
522.0219
522.0628
522.085
522.0980999999999
522.105
522.1988
522.2277
522.2618
522.2726
522.3187
522.4045
522.4696
522.4898000000001
522.5001
522.5116
522.5343
522.5782
522.5877
522.5977
522.6143999999999
522.6241
522.7509
522.7977
522.811
522.8808
522.8978999999999
522.9983
523.0008
523.0271
523.0906
523.0995
523.1867
523.2127
523.2157999999999
523.2407000000001
523.2501999999999
523.2521
523.318
523.3373
523.3831
523.4118
523.4926
523.5082
523.5157
523.5622
523.6496
523.6918000000001
523.7153000000001
523.7617
523.7772
523.8086000000001
523.8205
523.8239
523.8433
523.8596
523.8806999999999
523.8991
524.0389
524.0898999999999
524.2343
524.2401
524.2992
524.3226999999999
524.3645
524.3787
524.4121
524.4805
524.5404
524.5544
524.6155
524.7207
524.8471
525.2633
525.2787
525.5445999999999
526.0309
526.49
526.6018
526.7492999999999
526.751
526.7551
526.7631
526.7789
526.7864999999999
526.848
526.9632
526.9958
527.0812
527.2065
527.2583
527.3447
527.4659
527.4911
527.5154
527.5888
527.7078
527.7633
527.865
527.9355
527.9924
528.1753
528.1925
528.2137
528.26
528.2645
528.3782
528.4455
528.4655
528.6954000000001
529.0234
529.0690999999999
529.1689
529.2760000000001
529.3797
529.4381
530.2033
531.093
531.2795
531.4076
531.4195999999999
531.4527
531.5182
531.7254
531.7369
531.8163999999999
531.8641
531.9462
531.9775999999999
532.0149
532.0849000000001
532.1032
532.17
532.4936
532.6635
532.9176
532.9647
533.0599999999999
533.2621
533.367
533.8045999999999
533.8929000000001
533.9047
534.0663
534.1689
534.2523
534.777
534.9899
535.1331
535.495
535.7857
535.7911
535.8388
535.86
536.068
536.3063
536.6774
536.6919
536.6963000000001
536.7513
536.7826
537.1412
537.2209
537.2355
537.2564
537.2781
537.4487
537.4875999999999
537.6532999999999
537.7354
537.7459
537.7728
537.9446
538.2848
538.3866
538.4038
538.6251
538.6458
538.7544
538.854
539.1059
539.1294
539.2754
539.6943
539.7837
539.8341
539.8503000000001
540.1039000000001
540.12
540.169
540.2065
540.2371000000001
540.2447999999999
540.3849
540.5176
540.5368
540.6417
540.6707
540.6722
540.7105
540.7221
540.8615
541.0047999999999
541.1849
541.2002
541.2771
541.3853
541.4823
541.5087
541.5483
541.8161
541.9461
542.0282999999999
542.0945
542.1417
542.223
542.2701999999999
542.3039
542.3243
542.3323
542.3403000000001
542.3427
542.3642
542.377
542.4546
542.5081
542.5375
542.5597
542.6387999999999
542.675
542.6956
542.7152
542.8637
542.8729
543.0083
543.0586000000001
543.1425
543.3630000000001
543.3758
543.4699000000001
543.5448
543.5563999999999
543.7181
543.7451
543.7802
543.8317
543.8675000000001
543.9583
544.2773999999999
544.2909999999999
544.2999
544.3462
544.5246999999999
544.619
544.6301
544.92
544.9995
545.0267
545.0422
545.0604
545.0945
545.2336
545.2781
545.2908
545.3527
545.4537
545.6276
545.6517
545.9217
545.9361
546.0013
546.0055
546.0137
546.0473
546.0526
546.0942
546.1427
546.159
546.1732
546.2889
546.4949
546.5938
546.7008
546.7221999999999
546.8603000000001
547.158
547.184
547.1954000000001
547.2921
547.3072999999999
547.456
547.4915
547.655
547.6577
547.7848
547.9087
547.9367
548.0263
548.0507
548.1451999999999
548.172
548.2242
548.2675
548.4182000000001
548.4485999999999
548.455
548.6407
548.8645
548.8857
