8.1957
12.1161
12.1555
12.3103
12.4215
12.4895
12.7533
12.7676
12.8012
12.8728
12.9455
12.9506
12.9583
12.9885
12.9965
13.0073
13.0246
13.0299
13.2536
13.2656
13.2673
13.3134
13.5807
13.9812
14.1533
14.171
14.1847
14.2787
14.3262
14.5092
14.5239
14.5814
14.6163
14.6418
14.644
14.6827
14.7124
14.7573
14.9166
15.9082
15.9158
15.9265
15.9412
16.1427
16.1853
16.339
16.3451
16.3551
16.3627
16.429
16.9974
17.269
17.65
17.6655
17.6703
17.6794
17.8011
17.8367
17.8535
17.8847
17.9048
17.9843
18.0722
18.2065
18.6979
18.711
18.8766
18.8818
18.9792
18.9913
22.2417
23.7049
23.7114
23.7203
23.7292
23.9315
24.1551
24.1802
24.4413
24.6849
25.0357
25.0594
25.0693
25.2594
25.2724
25.3728
25.4355
25.4905
25.6085
25.9299
26.5
26.6575
27.0534
27.1828
27.407
27.9416
28.2844
28.4565
28.5521
28.6512
28.6719
28.7099
29.1616
29.9913
30.2629
30.3165
35.2914
35.3171
36.3924
36.5186
36.797
36.8276
37.6948
37.8963
39.2032
39.5794
40.5694
40.8579
41.134
45.541
46.1128
47.3078
47.3824
47.792
47.8295
48.3144
48.5849
48.5995
48.6184
49.0763
49.2954
50.8203
52.2413
52.8754
58.5835
58.6107
58.64
58.6688
58.7415
58.7704
58.772
58.8516
58.8678
58.879
58.9011
59.0804
59.1837
59.4785
59.6072
59.6875
59.8185
59.868
59.8867
60.0105
60.0629
60.0806
60.0926
60.1838
60.3223
60.4196
61.2444
61.2873
61.3066
61.5038
61.8061
61.8259
61.8421
61.8534
62.0511
63.3182
63.406
64.0154
64.8283
65.0318
65.05710000000001
70.0462
70.0504
70.0595
70.279
70.3522
70.3798
70.5025
70.5394
70.5701
70.75069999999999
70.77679999999999
70.7801
70.7907
70.7974
70.812
70.82859999999999
70.8502
70.9038
70.9238
70.9418
70.95440000000001
70.9648
71.0145
71.2289
71.77209999999999
71.9676
71.9864
72.0346
72.2016
72.2189
72.2747
72.37
72.4396
72.45099999999999
72.4603
72.5669
72.5902
72.6005
72.6091
72.6182
72.6626
72.7594
73.479
73.4919
73.5026
73.5558
73.6217
73.81489999999999
73.82470000000001
73.8373
73.89100000000001
73.92659999999999
73.974
74.00960000000001
74.0416
74.0431
74.0508
74.15649999999999
74.1861
74.19370000000001
74.24809999999999
74.2574
74.27419999999999
74.44280000000001
75.1677
75.18129999999999
75.1979
75.20350000000001
75.2685
75.5448
75.5731
75.58710000000001
75.6041
75.6652
75.6947
75.696
75.7334
75.8061
75.8266
75.8672
75.92870000000001
75.9661
76.0261
76.10939999999999
76.1765
76.1827
76.3096
76.62739999999999
76.6328
76.65560000000001
76.81189999999999
76.8173
76.824
76.8263
76.8304
76.8451
81.60639999999999
81.6117
81.6174
81.6237
81.7265
81.7664
81.7748
81.77630000000001
81.78440000000001
81.7959
81.7985
81.80629999999999
81.8139
82.2891
82.48220000000001
82.6597
82.7379
82.7723
82.81100000000001
82.86060000000001
82.9319
82.9516
82.95699999999999
82.9757
82.9841
83.0364
83.0615
83.0724
83.09520000000001
83.1084
83.16330000000001
83.25320000000001
83.2715
83.3014
83.3488
83.3819
83.4404
84.4425
84.45480000000001
84.497
84.5128
84.5427
84.59050000000001
84.6105
84.6232
84.673
84.6871
84.7439
84.7542
84.7676
84.8113
84.89360000000001
84.90600000000001
84.9216
85.0179
85.0299
85.0425
85.3802
85.5027
85.5825
85.6593
85.7783
85.9562
86.04470000000001
86.0607
86.0826
86.1065
86.1695
86.2445
86.298
86.31100000000001
86.3173
86.3245
86.3339
86.3484
86.3775
86.3867
86.4093
86.4332
86.48860000000001
86.4953
86.53579999999999
86.5523
86.574
86.61539999999999
86.6639
86.67270000000001
86.6885
86.7011
86.8366
87.02509999999999
87.06910000000001
87.6978
87.726
87.7432
87.7837
87.80629999999999
87.86879999999999
87.8777
87.9524
87.95950000000001
88.0116
88.0596
88.16370000000001
88.1726
88.1823
88.19199999999999
88.1985
88.2034
88.2102
93.2042
93.22839999999999
93.3409
93.3575
93.3663
93.3818
93.39919999999999
93.4273
93.4396
93.4842
93.54389999999999
93.5598
93.6069
93.61920000000001
93.6305
93.66589999999999
93.6857
93.73990000000001
93.74930000000001
93.767
93.8783
93.8892
93.9023
93.9534
94.0205
95.009
95.015
95.018
95.0698
95.15089999999999
95.1725
95.24939999999999
95.307
95.325
95.4242
95.47499999999999
96.4542
96.5043
96.53789999999999
96.5551
96.6026
96.62090000000001
96.6678
96.71850000000001
96.7296
96.764
96.77679999999999
96.8413
96.8532
96.9114
96.9397
96.9897
97.0792
97.08580000000001
97.1187
97.1481
97.1807
97.2885
97.7287
98.0993
98.1314
98.252
98.2761
98.2868
98.3145
98.343
98.3835
98.3939
98.42659999999999
98.4537
98.4778
98.5038
98.58920000000001
98.6443
98.78660000000001
98.8265
98.84650000000001
99.5395
99.7752
99.7822
99.7891
99.794
99.7983
99.8049
100.026
104.8164
104.9825
105.0886
105.1261
105.3097
105.3201
105.3391
105.5316
105.5583
105.5797
105.6294
105.6459
105.6557
105.7167
106.7688
106.8735
106.8966
106.9186
107.0059
107.0826
107.2069
108.1205
108.1852
108.4057
108.5469
108.5966
108.6187
108.6504
108.7317
108.741
108.8226
108.864
108.873
108.9972
109.008
109.2726
109.4127
109.9449
109.9618
110.1683
110.1941
110.3864
110.4175
110.4397
110.7808
111.3768
111.3919
111.5866
116.3826
116.6414
116.9306
117.183
117.5394
118.0171
118.0572
118.2062
118.2214
118.2308
118.5925
119.1038
119.1445
119.1948
119.2975
119.3133
119.3193
119.3284
119.3471
119.7146
119.7888
120.2714
120.6059
120.6218
121.0792
121.3112
121.5416
122.2607
122.4961
122.516
122.8482
122.9278
122.9504
127.9942
128.7932
128.9298
129.1569
130.4458
132.1452
132.2709
132.4708
132.8509
133.5112
134.1042
139.506
139.7594
140.7062
140.8344
140.8539
140.9656
141.2462
141.3348
143.7611
144.5145
146.0926
146.2621
146.2819
150.6694
151.1331
151.1374
151.2715
151.291
151.3293
151.4248
151.4572
151.4744
151.489
151.6916
152.0822
152.2551
152.2875
152.3529
152.3551
152.5852
152.6342
152.6704
152.7778
152.7967
152.8544
152.8683
152.9412
153.0428
153.0619
153.1198
153.7955
153.9054
153.9875
154.0727
154.2707
154.3772
154.4498
154.4726
154.5026
154.5488
154.6721
154.7139
154.7993
155.5319
155.6751
155.7848
155.7962
155.8471
155.9778
156.0031
156.0421
156.0561
156.2335
156.2474
156.2859
156.3576
156.4862
156.8724
157.3812
157.465
157.479
157.7051
157.7105
157.7146
162.7035
162.7152
162.7949
162.9774
163.0226
163.0457
163.065
163.0923
163.228
163.2715
163.295
163.3742
163.3847
163.4136
163.4456
163.4517
163.4532
163.4636
163.4719
163.5024
163.5479
163.6068
163.6739
163.695
163.8443
164.6621
164.7407
164.7619
164.965
165.0879
165.1024
165.1213
165.2637
165.3216
165.3306
165.3668
165.3832
165.3917
165.3997
165.4902
165.5207
165.5576
165.6457
166.1403
166.1635
166.2802
166.4992
166.5292
166.5839
166.6016
166.6756
166.7436
166.7795
166.8501
166.8612
166.9407
166.9515
166.9582
167.0469
167.1321
167.1646
167.8606
167.9408
167.9493
167.9706
168.1958
168.2132
168.2198
168.2424
168.3847
168.4285
168.4433
168.4604
168.4862
168.5739
168.5782
168.5859
168.5943
168.7907
168.7968
168.823
169.2978
169.3031
169.4679
169.897
174.28
174.2917
174.2994
174.413
174.4143
174.4219
174.4271
174.4632
174.4722
174.4736
174.4991
174.5526
174.5549
174.76
175.2938
175.4209
175.4561
175.507
175.5441
175.5875
175.6188
175.6288
175.6843
175.714
175.7302
175.7484
175.9019
175.9121
175.9389
175.9512
175.9837
176.0051
176.025
176.0598
176.1202
176.1372
177.1073
177.1318
177.159
177.2065
177.2211
177.2322
177.2583
177.2731
177.2784
177.3184
177.3488
177.3882
177.4559
177.4913
177.5147
177.5556
177.5815
177.6282
177.7125
177.7137
177.7881
177.8039
177.8331
178.005
178.5617
178.7706
178.8173
178.8279
178.8548
178.874
178.8996
178.9167
178.9261
178.9494
178.9974
179.0107
179.0263
179.0643
179.1768
179.2439
179.2995
179.32
179.3443
179.4791
179.5456
179.5564
179.6982
180.1363
180.3841
180.5083
180.5187
180.6008
180.6341
180.6861
180.6889
180.7026
180.7217
180.7345
180.7624
180.8434
180.8537
180.8656
180.8724
180.8756
180.881
180.8838
180.8946
180.9036
185.9146
186.0147
186.0246
186.1639
186.221
186.3185
186.3354
186.356
186.3606
186.4213
186.4678
186.5066
186.532
186.5623
186.5988
186.6076
186.6727
186.8442
187.0034
187.215
187.3264
187.4699
187.5032
187.5237
187.5364
187.6765
187.6783
187.7951
187.8035
187.8081
187.8197
187.8461
187.8602
187.8961
187.9109
187.9802
188.0297
188.0538
188.1913
189.1181
189.2622
189.2824
189.3592
189.4245
189.4695
189.4917
189.5607
189.5901
189.6427
189.6851
189.7162
189.771
189.9355
189.9596
190.7575
190.8502
190.8718
190.8824
190.9435
191.0381
191.0435
191.0683
191.1121
191.187
191.2968
191.3125
191.3536
191.373
191.4204
191.5326
192.1663
192.452
192.4625
192.7369
197.5399
197.931
197.9457
198.027
198.1427
198.1597
198.1948
198.2545
198.2604
198.2976
198.3223
198.5054
198.5356
199.0323
199.3297
199.3553
199.3813
199.4568
199.4783
199.5295
199.6047
200.0388
200.1961
200.2063
200.7502
200.8088
201.2251
201.373
201.389
201.4035
201.4171
201.4274
201.6136
201.6199
201.6424
201.7109
202.3605
202.8165
202.8327
202.953
202.9598
202.9891
203.1909
203.1958
203.2362
203.2423
203.3026
203.323
203.4169
203.4877
203.5745
203.8523
209.0464
209.0633
209.1388
209.143
209.1685
209.2539
209.2917
209.3043
209.9433
210.0049
210.0492
210.3541
210.4862
210.6082
210.6388
211.5897
211.9567
212.2517
212.3974
212.6866
213.2762
213.4202
213.9387
214.1078
214.1911
214.2024
214.2056
214.4702
214.9388
215.4987
215.6171
215.6205
216.4428
220.6337
220.6468
220.9573
221.458
221.7215
222.4763
222.6722
223.0868
223.1357
224.8516
225.3919
225.8411
227.2287
232.3579
232.4498
233.4511
233.9239
234.2541
234.2682
234.7571
235.6819
236.0216
237.2283
237.4665
237.6944
238.3879
238.9425
239.4386
239.4575
243.7964
243.9196
243.9285
243.9401
243.9646
243.9981
244.1639
244.2622
244.8406
244.9917
245.2002
245.4502
245.4911
245.5775
245.5984
245.6468
245.8251
245.9585
246.3569
246.6658
246.7551
246.8675
246.9702
247.0135
247.0451
247.0838
247.2756
247.3664
247.5073
247.6008
248.4695
248.4969
248.5988
248.737
248.7504
248.7788
248.8434
249.0049
249.7128
249.9936
250.1692
250.1814
250.2044
250.3018
250.3332
250.351
250.3758
250.3828
250.3878
250.7869
251.316
251.746
253.2732
253.9912
254.0291
254.1568
255.3829
255.4005
255.4216
255.4492
255.6293
255.7067
255.7797
255.8794
255.9196
255.9519
255.9924
256.0138
256.0245
256.1026
256.2433
256.3058
256.3371
256.5567
256.6154
256.6287
256.8386
257.1691
257.3495
257.3558
257.3779
257.4126
257.4909
257.5222
257.6604
257.7599
257.8131
257.8284
257.8717
257.9632
258.1379
258.1981
258.2074
258.8672
258.9263
258.9959
259.2789
259.3339
259.4083
259.4604
259.5992
259.6075
259.6167
259.6677
259.8448
259.851
259.8902
260.4572
260.5974
260.8833
260.9144
260.9287
261.064
261.0786
261.0813
261.2078
261.2401
261.2719
261.2832
261.2894
261.3049
261.4698
261.6327
261.9646
261.9751
261.9831
266.3307
266.959
266.9692
266.9778
267.0374
267.0634
267.084
267.1349
267.1742
267.2162
267.2376
267.2716
267.3996
267.5337
267.5402
267.6689
268.0101
268.0739
268.1396
268.1907
268.2336
268.3231
268.3772
268.3946
268.436
268.4575
268.5474
268.5952
268.6764
269.0507
269.168
269.1914
269.6022
269.7843
269.8072
269.8639
269.9015
269.9433
269.9739
270.022
270.0335
270.0779
270.1114
270.1809
270.2034
270.2163
270.2408
270.2873
270.3866
270.4162
270.4258
270.4299
270.8654
270.9557
271.4735
271.5246
271.5379
271.5538
271.611
271.6303
271.6392
271.6834
271.7311
271.78
271.8108
271.8287
271.868
271.9448
271.9502
272.0108
272.0169
272.0369
272.2026
272.2328
272.514
273.0393
273.0684
273.0924
273.2025
273.2375
273.2609
273.292
273.5115
273.5416
273.5465
273.5489
273.5576
278.7084
278.7538
278.7958
278.8004
278.8564
278.8851
278.9001
278.9452
278.9736
278.9938
279.0158
279.0594
279.2254
279.2319
279.4063
279.6407
280.1045
280.1537
280.1802
280.2708
280.3074
280.4866
280.5065
280.5107
280.519
280.5308
280.551
280.5805
280.6176
280.6236
280.716
280.7523
281.7726
281.8241
281.8883
282.0082
282.0156
282.0416
282.0974
282.1367
282.1759
282.1785
282.2113
282.2271
282.2393
282.3595
282.4927
282.5122
283.4172
283.4537
283.6342
283.7395
283.7509
283.8278
283.8606
283.9045
283.914
283.9603
283.995
284.0244
284.0495
284.0544
284.1324
284.2006
284.6043
285.1362
285.2492
285.2509
285.3762
290.1531
290.1755
290.3877
290.4454
290.6042
290.6533
290.6906
290.7257
290.7829
290.7925
290.8573
290.8717
291.0092
291.0951
291.2634
291.3708
291.9064
292.3374
292.4772
292.5199
292.6622
292.8437
292.8558
293.9889
294.0578
294.0908
294.1061
294.2501
294.3025
294.3113
294.3459
294.3968
294.5388
295.1329
295.2886
295.4
295.5686
295.589
295.7657
295.8944
296.017
296.1135
296.4659
296.7268
296.7439
296.7634
297.4127
297.4512
301.7249
301.7482
301.761
301.7876
301.8707
301.8846
301.9208
301.9725
302.46
302.6415
303.2987
303.3212
303.3307
303.4183
304.0597
304.5716
304.6284
304.6502
304.6817
305.0532
306.1966
306.2087
306.5296
306.8254
306.8807
306.9397
307.2966
307.9108
308.1468
308.2952
313.2997
313.3223
313.8302
314.4648
316.4989
317.8695
318.1637
318.7442
318.8934
326.1137
326.2605
326.2934
326.4479
326.6256
327.0282
328.2498
328.257
329.5114
329.8938
330.1895
330.3647
330.5578
331.1667
332.3424
336.4943
336.5072
336.5622
336.6084
336.6263
336.644
336.7196
336.7303
336.7551
336.757
336.8019
336.8751
336.8883
336.9656
337.329
337.4495
337.6104
337.6841
337.7727
337.89
338.0586
338.0769
338.2963
338.5444
338.5807
339.0493
339.0595
339.2788
339.3368
339.4568
339.4719
339.6678
339.8
339.9124
339.9737
340.1311
340.7145
341.0281
341.0639
341.0904
341.1027
341.1216
341.1688
341.2994
341.3186
341.4091
341.435
341.5102
341.5266
341.5447
341.675
341.8452
342.2096
342.4568
342.5573
342.8112
342.8208
342.8655
342.9473
342.9936
343.0157
348.0576
348.0601
348.0807
348.1
348.2934
348.3232
348.3507
348.4175
348.6104
348.6239
348.6389
348.6643
348.7781
348.8084
348.8253
348.8564
348.869
348.885
348.9914
349.0303
349.103
349.1836
349.1923
349.2257
349.2303
349.4316
349.8408
349.8538
349.9798
350.1071
350.2248
350.2427
350.4092
350.4178
350.4393
350.483
350.57
350.5826
350.6708
350.8455
350.8864
351.2187
351.5091
351.5994
351.8985
351.9066
351.9213
352.0826
352.0873
352.1085
352.1148
352.1237
352.223
352.2844
352.3419
352.4132
352.7446
353.251
353.2798
353.2844
353.3067
353.5468
353.5751
353.5814
353.5936
353.646
353.7008
353.7027
353.7293
353.8617
353.8922
353.8961
353.9382
353.9642
354.0043
354.4201
354.4745
354.641
354.6432
354.6493
354.6573
354.8763
354.8783
356.6541
359.6396
359.6476
359.6602
359.7394
359.7627
359.7702
359.8293
359.8457
359.9448
359.9462
359.948
359.9499
359.9694
360.0171
360.2131
360.3007
360.408
360.7796
360.8
360.916
360.9761
361.0003
361.0145
361.0622
361.1053
361.1088
361.1203
361.136
361.2593
361.2742
361.2781
361.3135
361.3774
361.4102
362.3535
362.4086
362.4481
362.5225
362.5542
362.5717
362.5986
362.6279
362.7897
362.798
362.9118
362.9417
363.1481
363.8993
363.9699
364.1567
364.1799
364.1952
364.2218
364.2501
364.2612
364.2622
364.3058
364.3146
364.3306
364.3471
364.4028
364.4844
364.4928
364.569
364.6127
364.6345
364.6404
364.8726
364.9835
365.1814
365.7141
365.7347
365.8796
365.9076
365.932
365.9429
365.9551
365.964
365.9792
366.0773
366.2121
366.2179
366.2249
366.2376
366.8959
371.0362
371.2521
371.313
371.3678
371.374
371.3817
371.4896
371.5159
371.5209
371.5606
371.5834
371.5884
371.6153
371.6279
371.6382
371.6816
371.7069
371.7114
371.7328
371.7359
371.7577
371.8783
371.9076
372.1784
372.7934
372.8274
372.8593
372.9049
373.0291
373.0454
373.1126
373.1684
373.1727
373.1983
373.2094
373.2258
373.2462
373.3364
373.3382
373.3398
373.3728
373.4415
373.6402
374.4699
374.6895
374.7154
374.7453
374.7523
374.843
374.8624
374.8872
374.8981
374.9202
374.9425
375.0511
375.103
375.1091
375.1347
375.9207
376.0939
376.1313
376.1408
376.1528
376.2567
376.2738
376.307
376.3421
376.4324
376.4565
376.4702
376.5284
376.5544
376.6508
376.7395
376.8025
376.8947
377.7958
377.8012
377.8069
377.8094
377.8235
377.9405
378.9705
382.7798
382.7871
382.8031
382.8457
382.8671
382.8974
382.9583
382.9979
383.0349
383.0605
383.1601
383.2975
383.3832
383.4314
383.8896
384.0335
384.3727
384.5761
384.6716
384.9785
385.1923
385.2258
385.4638
385.6479
387.7591
387.9187
387.9873
387.9887
388.0235
388.1847
388.4892
388.5131
388.7911
388.9801
389.7025
390.6573
392.7108
392.7163
392.7558
392.7624
392.8132
393.0429
393.3245
393.5668
393.5865
393.7422
393.7993
394.0334
394.0985
394.5345
394.8154
395.0661
395.5151
395.5258
397.7078
398.2316
399.4536
399.9485
402.6695
402.6817
402.7021
402.7176
402.7944
402.8158
402.8973
402.9172
402.9699
403.0337
403.1618
403.2866
403.5419
403.5694
403.9065
403.9575
404.0401
404.0617
404.0977
404.2949
404.5411
404.5785
404.7785
404.7815
404.8567
405.0282
405.2771
405.293
405.5261
407.6324
407.689
407.7118
407.7277
407.7365
407.7737
407.799
407.8482
407.9207
407.9421
407.964
408.1902
408.2028
408.2603
408.3218
408.4036
408.4223
408.4355
408.5753
408.6899
408.7035
408.8406
408.9088
408.9584
408.9634
409.0619
409.0948
409.3338
409.4219
409.4529
409.5678
409.6564
409.8136
409.9048
410.0639
410.1486
410.3198
410.4007
410.4119
411.4196
412.5666
412.5735
412.5759
412.5773
412.5833
412.5869
412.5968
412.6117
412.6213
412.6437
412.6653
412.7697
412.7728
412.791
412.8274
412.8613
413.0244
413.0387
413.0442
413.054
413.2517
413.2674
413.295
413.5013
413.7651
413.9935
414.0321
414.05
414.2625
414.276
414.5028
414.543
414.7472
414.7603
414.7859
415.0049
415.0343
415.224
415.2772
415.4353
415.4885
415.4919
415.4999
417.5468
417.558
417.5686
417.5887
417.6026
417.6363
417.643
417.6738
417.7553
417.7971
417.9109
418.081
418.1561
418.2078
418.3342
419.1485
419.3039
419.3182
419.3366
419.5557
419.6054
419.7732
419.8828
419.8914
419.8937
420.0597
420.0792
420.139
420.2474
420.3066
420.3186
420.6934
421.7898
422.5049
422.5182
422.5286
422.5388
422.5855
422.6099
422.6141
422.6711
422.6794
422.6937
422.7537
422.7565
423.1109
423.5304
423.6872
423.7645
423.8773
425.1183
425.2573
427.4853
427.5791
427.6773
427.72
427.8676
428.1724
428.1851
428.7506
428.938
429.8338
430.0169
430.0696
430.2437
431.2301
432.4485
432.5191
433.5291
433.9991
434.527
434.7496
434.817
437.3979
438.9529
439.4205
439.6785
442.4387
442.5329
442.5733
442.5786
442.6371
443.0696
443.1569
443.2085
443.2542
443.2779
443.3782
443.5045
443.529
443.7705
443.7972
444.3831
444.5062
444.7518
444.7796
445.003
445.0171
445.2553
445.2697
447.3456
447.3661
447.3799
447.4177
447.48
447.4896
447.5531
447.6578
447.6712
447.674
447.6895
447.7366
447.7865
447.919
447.9967
448.207
448.2164
448.3795
448.4205
448.6446
448.8786
449.2956
449.3883
449.4039
449.4348
449.6227
449.6645
449.8647
450.1088
450.1205
450.143
450.1683
450.2094
451.7612
452.2798
452.2879
452.2976
452.3059
452.3214
452.334
452.3437
452.3553
452.3603
452.3648
452.4575
452.489
452.5265
452.538
452.6104
452.7202
452.7635
452.7789
452.7829
452.9707
453.0088
453.0289
453.0455
453.2439
453.2646
453.2782
453.4967
453.7413
453.7946
453.9437
454.1927
454.2105
454.2387
454.2614
454.2633
454.3618
454.4669
454.5043
454.5139
454.6791
454.7268
454.9165
454.9703
454.9838
454.9854
455.1693
457.2752
457.2981
457.3184
457.3228
457.324
457.3359
457.3841
457.4292
457.5431
457.5635
457.6002
457.6341
458.168
458.2911
458.2929
458.3167
458.5366
458.8093
458.8906
458.9511
459.1254
459.2978
459.6169
459.7633
459.7774
459.845
459.8709
460.1098
462.2878
462.3124
462.3302
462.3585
462.6778
462.9337
462.9464
463.3531
463.4768
464.334
464.4139
464.5943
464.6226
464.7405
464.7872
464.867
467.2416
467.2648
467.2764
467.4343
467.6675
467.8892
468.4174
468.9106
468.9171
468.9249
469.0921
469.617
469.6212
469.8911
472.142
472.1473
472.1695
472.2016
472.2184
472.2365
472.2451
472.304
472.3775
472.4994
474.2317
474.4591
474.4678
474.7178
474.724
474.7293
474.9873
477.1472
477.1763
477.1858
477.2442
477.3632
477.4255
479.5866
480.1346
482.1004
482.1313
482.1531
482.1707
482.2242
482.2414
482.336
482.3675
482.4356
482.4879
482.5169
482.6268
482.7344
483.0159
483.2468
483.2924
483.5009
483.7327
483.8541
483.9694
483.9818
484.2249
484.4648
484.477
484.4931
484.5798
484.7292
484.754
484.8438
485.0018
487.0732
487.1083
487.1298
487.1497
487.1685
487.1756
487.1863
487.2254
487.2468
487.3547
487.395
487.4374
487.5031
487.6418
487.6914
488.0864
488.3477
488.4984
488.5853
488.6612
488.6866
488.8529
488.8904
488.9922
489.0838
489.0962
489.1471
489.3488
489.5788
489.5958
489.6332
489.7354
489.8164
489.8245
489.8416
489.946
492.0153
492.0282
492.0329
492.0472
492.0552
492.0736
492.0844
492.102
492.1497
492.1945
492.2083
492.2101
492.2187
492.2372
492.2932
492.3106
492.4579
492.4599
492.4735
492.4872
492.6964
492.6999
492.7402
492.9528
492.9585
492.9702
492.9842
492.9925
493.1905
493.1964
493.2181
493.4609
493.4727
493.4766
493.6858
493.6997
493.7136
493.9333
493.9645
493.9793
494.2006
494.218
494.2211
494.4208
494.443
494.4593
494.4681
494.4783
494.6829
494.6914
494.6936
494.7186
494.8065
494.899
494.9206
496.9178
496.9878
496.9966
496.9979
497.0449
497.0496
497.054
497.0583
497.0598
497.0658
497.0721
497.0784
497.1008
497.1218
497.125
497.2027
497.2319
497.2555
497.2699
497.2908
497.375
497.3913
497.3984
497.5483
497.5616
497.5862
497.5873
497.7679
498.0096
498.2581
498.2632
498.7674
499.0779
499.2508
499.2636
499.4441
499.4761
499.5206
499.5333
499.5604
499.5838
499.6975
499.7533
499.7663
499.8029
499.8054
499.8138
499.8177
501.9382
501.9659
502.0057
502.0325
502.1843
502.21
502.3495
502.9551
503.0063
503.0697
503.1062
503.1317
503.3865
503.5455
503.8103
504.4425
504.5549
504.6239
504.7798
506.9311
506.963
507.1514
507.3717
507.391
507.6933
507.8036
507.8792
508.1611
508.5183
508.6366
508.6452
508.8152
508.8745
509.6517
509.689
511.23
511.9007
511.9068
511.9764
512.436
512.4548
512.7085
512.9491
512.9732
513.4422999999999
513.9983
514.1788
514.1992
514.7282
516.8311
516.841
516.8441
516.8913
516.9119000000001
517.5805
518.4276
519.0509
521.8362
521.8704
521.8983000000001
522.0541000000001
522.2239
522.2884
522.3096
522.4574
522.4777
522.7084
522.9743
523.2205
523.4506
523.4751
523.725
523.8266
523.9498
523.9635000000001
524.1889
524.2178
524.4401
524.4573
526.6183
526.7875
526.7908
526.8078
526.8409
526.8574
526.9167
526.9458
527.0873
527.1106
527.2272
527.2486
527.3485000000001
527.5725
527.7251
527.8063
527.8184
527.9934000000001
528.0668000000001
528.0931
528.2442
528.3597
528.7165
528.8086000000001
529.0572
529.075
529.1456000000001
529.3475
529.4815
529.5538
529.6099
531.7309
531.7346
531.7381
531.7527
531.7636
531.7814
531.7857
531.7913
531.8133
531.8967
531.9254
531.9418000000001
531.9618
532.0015
532.0128
532.0282
532.1572
532.1713999999999
532.2824000000001
532.4043
532.4157
532.4589
532.5346999999999
532.6797
532.6978
532.8949
532.9168999999999
532.9588
533.152
533.1641
533.1958999999999
533.2885
533.3994
533.4131
533.431
533.5379
533.6324999999999
533.6456000000001
533.6871
533.8822
533.8942999999999
533.9261
534.1195
534.1728000000001
534.3570999999999
534.394
534.4301
534.4471
534.6183
534.6428
534.6453
534.6604
534.6664000000001
536.6842
536.7435
536.7669
536.7767
536.7806
536.7822
536.795
536.8039
536.8151
536.8395
536.8491
536.8836
536.9828
536.9874
537.0173
537.0545
537.0663
537.2592999999999
537.3086000000001
537.472
537.4802
537.4971
537.5424
537.5538
537.7194
537.7858
537.7988
537.8206
538.0418999999999
538.2375999999999
538.2968
538.5095
538.5554999999999
538.9851
539.0743
539.1505999999999
539.1893
539.461
539.4711
544.4271
545.931
