16.9516
23.7055
48.4729
59.1582
93.23820000000001
104.847
122.8806
122.9639
127.9477
132.4648
157.7637
163.6787
165.3454
167.0153
174.3047
177.4183
177.4276
192.489
204.0315
209.0368
210.5365
213.9074
220.626
221.9679
223.3419
236.2975
238.9061
246.1624
256.3505
257.9738
261.519
266.9578
279.5473
281.1785
282.7245
303.394
304.8532
306.6458
306.6653
306.7033
313.2997
316.331
317.7273
319.1651
319.3613
325.1336
326.5692
326.6813
328.3318
338.9534
342.1828
348.8856
349.0909
355.0611
359.6561
376.9229
382.924
382.9503
383.9778
384.482
387.9306
388.171
389.3997
390.1481
390.3904
390.4155
392.8441
393.4142
397.7013
400.1872
403.5344
403.7629
404.5105
405.4985
407.765
409.2132
409.7291
413.2346
419.6069
422.9237
423.6979
424.1933
428.9934
437.4267
437.707
439.9064
443.2157
444.2212
448.4299
455.1874
457.7932
458.0731
460.038
467.36
468.091
468.3364
469.5837
473.2993
478.1174
482.9448
483.216
484.4334
488.6519
488.9167
489.9166
493.1508
494.1668
494.4411
494.6445
497.5127
499.2672
499.2892
502.0906
503.349
503.845
503.8674
504.621
508.562
508.8146
509.084
513.2254
513.5038
514.2112
514.2425000000001
517.6177
521.9246000000001
523.8877
526.8995
528.3679
531.7726
538.9735000000001
539.0141
541.29
