3.7611
12.1332
12.1449
13.6172
14.1658
15.4278
16.2658
16.323
17.8961
17.9203
18.6551
21.2525
28.1197
29.326
29.704
33.4188
35.3051
36.6875
38.7232
47.2499
50.2977
50.4067
50.486
52.5338
58.4815
59.2447
59.2572
59.2798
59.5846
59.7092
59.7252
60.9075
60.9284
61.1151
61.1669
62.686
64.3151
64.47239999999999
70.0331
70.19450000000001
70.2226
70.2347
70.8257
71.3366
71.49850000000001
71.5579
71.6005
71.63939999999999
71.7893
71.99930000000001
72.9195
72.9528
73.5335
73.55289999999999
74.7573
74.8021
76.2734
76.34269999999999
76.3737
76.4033
76.5701
82.1534
82.2312
82.23260000000001
82.5103
82.7017
82.89190000000001
83.8365
83.91589999999999
84.1955
84.2423
84.52079999999999
84.55629999999999
85.5067
85.8171
85.8758
87.1199
87.2127
87.23779999999999
87.2565
87.4072
91.0399
93.42230000000001
93.4295
93.4392
93.4832
93.6421
93.7086
93.73520000000001
94.8723
94.8947
95.06019999999999
95.0774
96.3785
96.4027
96.50149999999999
96.8571
96.9829
97.13
97.1597
98.0038
98.3169
98.37430000000001
98.4246
98.46339999999999
98.5534
98.7093
99.7101
104.8085
104.9712
105.0112
105.6182
107.2457
107.3143
107.3532
107.6547
109.1776
109.591
110.5276
111.0508
111.2558
111.274
117.4034
117.4611
119.1082
120.2885
120.7279
123.8118
138.7472
139.7754
139.9041
140.6562
143.0558
143.0989
146.2369
146.941
151.1521
151.3478
151.3963
151.4398
151.679
151.9079
151.9416
152.0333
152.0459
152.2193
152.3454
153.6807
153.9055
155.2098
155.4576
157.0539
157.4202
162.724
162.7303
162.8778
162.8927
162.9247
162.9492
163.0206
163.0749
164.0934
164.1998
164.6639
165.7121
165.8888
165.912
165.9325
166.1438
166.1913
166.3165
166.9552
167.4082
167.556
167.58
167.6197
167.7597
168.283
169.0539
169.1426
169.2308
169.2407
174.3386
174.4611
175.232
175.3247
175.4078
175.753
176.4972
176.9625
176.9941
177.3
178.0812
178.5584
178.5722
178.6975
179.7963
179.9077
180.4076
181.0592
185.886
186.0633
186.2623
186.5014
187.945
189.1615
189.4257
189.4984
189.6083
189.6884
189.9009
190.7004
190.9926
191.0639
191.3023
192.33
192.4595
192.4656
192.4723
192.4769
197.4998
198.4478
198.9731
199.012
199.7817
200.6025
202.3493
203.2626
203.9071
214.9378
220.6391
229.4408
232.486
233.1091
233.3442
234.167
235.603
235.7444
236.0872
237.4338
243.0642
243.6234
243.8547
243.9061
244.0025
244.0354
244.6539
244.7561
244.8389
246.1997
246.3327
246.3747
246.4181
246.503
246.9849
249.6332
255.574
255.6457
255.6667
256.025
256.1186
256.8885
256.8985
256.9608
257.032
257.0708
259.6927
260.1759
260.194
260.3023
260.4233
261.0727
261.71
261.7179
261.7615
261.9644
267.1685
267.7125
268.0789
268.146
268.1748
269.3243
269.5771
269.5828
269.6186
269.7997
270.867
271.2214
271.298
273.2457
273.2604
273.2726
273.7983
277.2929
277.7083
278.997
279.2645
280.223
280.4358
280.8154
281.8163
282.0414
282.1089
282.3612
282.3808
283.4469
283.7445
283.829
283.8771
283.8953
283.9919
284.122
284.1349
284.2684
285.1357
290.1465
290.2326
290.264
290.2769
290.5837
292.7071
293.2637
294.6946
299.4412
300.1968
302.746
304.4178
308.8209
324.9146
326.7753
328.3029
329.868
329.8901
330.6264
331.7288
336.4874
337.3381
337.3529
337.4291
337.4691
338.8083
338.8824
338.9224
339.0863
340.042
340.6691
340.7706
340.7939
340.8742
340.9048
342.2219
342.4101
342.4738
342.5413
342.6624
348.0633
348.0723
348.0861
348.099
348.3588
348.4254
348.7472
348.7897
349.412
349.4643
349.7775
351.0838
351.1045
351.1142
351.1211
352.73
352.7398
352.9434
353.1202
354.405
354.5147
354.5415
354.6333
359.7734
360.3421
360.9452
360.9944
361.919
362.024
362.271
364.9215
364.9983
365.1009
365.1319
365.2507
366.4581
371.2353
371.3762
371.5609
371.7743
371.93
372.0512
373.0915
373.1475
373.5892
374.4298
374.4404
374.719
374.7729
374.8375
374.9449
375.9722
376.0955
376.1017
376.2345
376.4932
382.7948
383.2169
383.4717
385.5082
387.8816
389.636
392.7307
399.5826
402.6656
402.8258
402.8874
402.9893
403.1565
403.226
403.2342
403.9688
404.2179
404.4637
404.5009
404.9624
404.9727
405.2365
405.4747
407.6455
407.6569
407.7212
407.7672
407.8606
408.0461
408.7511
408.7749
409.2539
409.5432
409.745
409.7859
410.0397
410.0582
412.613
412.7211
412.7284
412.7457
413.3911
413.4128
413.7372
413.9787
414.4084
414.9093
415.1096
417.5761
417.6034
417.6363
417.6406
417.8371
418.0716
418.1162
418.141
418.8806
419.3233
419.3721
422.9774
423.476
423.5002
424.4661
425.2211
427.497
428.1164
428.6053
429.6357
432.436
432.6621
437.4098
439.0761
439.5434
439.7824
442.3948
442.4163
442.4555
442.7228
444.1973
444.4397
447.3579
447.3965
447.4069
447.4628
447.7299
448.2704
448.4882
448.5237
449.0208
449.2138
449.5046
452.396
452.4224
452.462
452.594
454.622
454.6631
454.8772
457.3181
457.5566
457.6044
457.776
458.2944
458.3643
458.575
459.7206
459.7687
462.954
468.0891
468.5889
472.6447
477.1165
478.2119
482.097
482.2125
482.3389
482.441
483.4182
483.925
484.163
484.4177
484.4737
484.6512
487.1313
487.1903
487.4588
487.4893
488.2188
488.2346
488.4705
488.9726
489.2286
489.4372
489.4537
489.717
492.105
492.1432
492.6224
493.4265
493.9586
494.1838
494.6558
494.901
497.0334
497.0409
497.0462
497.0644
497.0818
497.0878
497.1315
497.2546
497.3111
497.3227
497.3339
497.4635
497.7611
498.5254
499.0143
499.036
499.5255
499.7888
502.0206
502.1762
504.4379
506.5821
507.3272
508.3133
516.8806
516.9889000000001
517.2589
519.7187
521.8702000000001
522.0083
522.0399
522.0833
522.6408
523.6212
524.3711000000001
526.8216
527.4383
527.6662
527.691
528.1996
528.6562
528.6883
528.9063
529.1873000000001
529.4119000000001
529.4517
529.6482
531.8413
531.8569
531.8693000000001
531.9068
532.1333999999999
532.3271999999999
532.5953
532.6466
533.3172
533.366
536.7655999999999
536.9207
536.9977
537.5722000000001
537.972
538.4987
538.7878000000001
539.2565999999999
544.1699
