5.7063
12.1078
12.1848
12.2048
12.2224
12.2301
12.2443
12.2516
12.2588
12.2671
12.2736
12.286
12.2951
12.3275
12.3489
12.4002
13.2426
13.6675
13.6873
13.7125
13.7705
13.8069
13.8216
13.8354
13.8602
13.894
13.9062
13.9181
13.9286
13.9417
13.9647
13.9818
14.0491
14.0928
14.9341
15.4281
15.4578
15.4697
15.4826
15.506
15.525
15.5378
15.553
15.5664
15.5798
15.6364
15.6814
15.8051
16.9805
16.9946
17.0118
17.0227
17.0431
17.0725
17.0946
17.1123
17.177
17.1909
17.2122
17.2355
17.2526
17.267
17.2845
17.3255
17.3559
18.6961
18.706
18.7452
23.692
23.7002
23.7022
23.7047
23.7098
23.7157
23.7172
23.7234
23.7307
23.7437
23.7605
23.7844
23.8173
23.8496
23.8707
23.9297
24.9236
24.9411
24.9576
24.9735
25.0027
25.041
25.0624
25.0753
25.0957
25.1174
25.1293
25.1541
25.1819
25.2048
25.2584
25.2792
25.335
26.6989
26.7294
26.768
26.7781
26.7907
26.8163
26.8264
26.8405
26.8567
26.8752
26.8908
26.9102
26.9454
27.0305
28.386
28.3934
28.4014
28.411
28.4187
28.425
28.4322
28.4421
28.4597
28.4767
28.4905
28.5198
28.5996
28.6263
28.6852
29.9816
29.9978
30.0231
30.0352
30.046
30.0586
30.0719
30.0885
30.1041
30.1164
30.1531
30.2479
31.9672
35.2481
35.2695
35.2922
35.3082
35.349
35.3932
35.8814
35.9151
35.9374
35.9516
35.9649
35.9864
36.0207
36.0392
36.0547
36.0699
36.0851
36.096
36.1384
36.1502
36.1644
36.1822
36.2066
36.4034
36.4593
37.6484
37.6644
37.6784
37.6904
37.7019
37.7167
37.7316
37.7567
37.77
37.7803
37.7906
37.818
37.8446
37.8762
37.9002
38.0037
39.1926
39.204
39.2201
39.235
39.2518
39.2741
39.3008
39.3297
39.3485
39.36
39.3745
39.3847
39.4037
39.4222
39.4446
39.4617
39.4849
39.6461
40.8047
40.8152
40.8259
40.8437
40.8522
40.8716
40.9053
40.9228
40.9383
40.9607
40.9841
41.0185
41.0462
41.0689
41.084
41.0941
41.1067
41.121
41.1649
41.1817
41.249
41.3045
41.3205
41.3364
41.4087
41.4453
42.4907
42.5086
46.8692
46.8719
46.8767
46.8965
46.9032
46.9245
46.9275
46.9479
47.6364
47.6577
47.7825
47.8024
47.9559
47.9639
47.9788
47.9924
48.013
48.053
48.0782
48.113
48.1298
48.1416
48.1744
48.3109
48.3544
49.3446
49.3561
49.3633
49.3731
49.4025
49.4157
49.4346
49.6538
49.6789
49.7206
49.7634
49.8056
49.8318
51.1253
51.1328
51.1448
51.1604
51.1864
51.2179
51.2653
51.2885
51.3416
51.3579
51.4018
51.4359
51.4525
51.6779
52.6278
52.6631
52.6791
52.6962
52.7173
52.7588
52.7856
52.8142
52.9192
52.9385
53.0247
53.0531
53.0752
53.0936
53.2054
53.3044
53.3483
56.7324
56.7505
58.6074
58.6234
58.6527
58.6675
58.6971
58.7171
58.7318
58.7406
58.7558
58.7751
58.801
58.829
58.848
58.8672
58.8952
58.9309
58.9561
58.9752
58.9985
59.0174
59.0664
59.1073
59.1282
60.1316
60.268
60.2925
60.3485
60.3634
60.3764
60.4221
60.4863
60.5448
60.5644
60.5859
60.605
60.771
61.2344
61.7454
61.7657
61.8454
61.936
61.9575
62.0852
62.1187
62.1436
62.1619
62.1986
62.2252
62.2624
62.3542
63.4301
63.4526
63.4761
63.4972
63.5268
63.5489
63.5805
63.7279
63.7415
63.7587
63.7885
63.8423
63.9049
63.922
63.9448
63.9804
65.0141
65.0217
65.0304
65.03700000000001
65.04859999999999
70.01990000000001
70.0442
70.0621
70.5239
70.5613
70.57859999999999
70.59
70.60299999999999
70.6241
70.6666
70.6854
70.70869999999999
70.9328
72.1293
72.154
72.1627
72.17449999999999
72.1905
72.2343
72.264
72.32640000000001
72.35639999999999
72.4165
72.458
72.48350000000001
72.9665
73.7445
73.7764
73.7865
73.79810000000001
73.8245
73.93899999999999
73.977
73.9943
74.0288
74.07729999999999
75.4404
75.45910000000001
75.5117
75.5411
75.57680000000001
75.6232
75.6611
75.691
75.72239999999999
81.6135
81.6206
81.627
81.6294
81.6425
81.6503
81.6589
81.6724
81.6747
81.7388
82.4376
82.6574
82.6755
82.7037
82.7281
82.74079999999999
82.7529
82.7877
82.8
82.8154
82.842
82.86239999999999
82.87949999999999
82.8944
82.9059
82.97929999999999
83.0047
84.3223
84.39749999999999
84.4074
84.4162
84.4235
84.4345
84.4614
84.4796
84.5038
84.5277
84.545
84.5611
84.56359999999999
84.5753
84.6006
84.6095
84.6438
84.65819999999999
86.0287
86.044
86.05549999999999
86.0676
86.0817
86.095
86.1063
86.11790000000001
86.1332
86.1431
86.1575
86.18340000000001
86.20189999999999
86.2101
86.22369999999999
86.252
86.3282
86.3497
87.63249999999999
87.64830000000001
87.6712
87.69589999999999
87.7115
87.72410000000001
87.767
87.8185
87.8421
87.86020000000001
87.89919999999999
87.9151
87.94110000000001
87.97839999999999
90.14879999999999
90.2291
93.1858
93.1931
93.2015
93.2349
93.25749999999999
93.8689
93.8961
93.922
93.9526
94.1485
94.15860000000001
94.17319999999999
94.1875
94.21080000000001
94.22839999999999
94.274
94.3835
94.4413
94.4817
94.5491
95.50660000000001
95.54000000000001
95.78789999999999
95.8201
95.8424
95.861
95.8813
95.9042
96.021
96.1105
96.16030000000001
97.3145
97.3528
97.3969
97.41800000000001
97.4872
97.57769999999999
97.6285
97.67610000000001
97.7059
97.72929999999999
98.8411
98.8929
98.9152
98.9603
99.105
99.1885
99.23220000000001
99.2651
99.339
104.874
104.885
104.8984
104.9132
104.9261
104.9398
104.9548
104.97
104.9976
105.0298
105.0738
105.0962
105.2403
106.3087
106.342
106.3645
106.3821
106.4204
106.4328
106.4637
106.4807
106.5084
106.5448
106.564
106.6031
106.6317
106.8113
106.8388
108.0127
108.0489
108.0614
108.0873
108.1259
108.15
108.1737
108.1985
108.2245
108.2572
108.297
108.3147
108.3795
108.4089
108.4544
109.6396
109.6605
109.77
109.7864
109.7989
109.8156
109.8367
109.8876
109.9117
109.9265
110.1269
110.3064
111.259
111.2953
111.336
111.3577
111.3635
111.3739
111.38
111.3896
116.3619
116.4152
116.4449
116.4609
116.4947
116.5605
117.5687
117.6553
117.7104
117.7226
117.7352
117.7548
117.8316
117.8443
117.8586
117.8783
117.9553
117.9847
118.0443
118.0852
119.1888
119.3026
119.3134
119.3478
119.4726
119.4996
119.522
119.5371
119.5461
119.564
119.5984
119.6319
119.8818
120.9287
120.9454
120.9772
121.0688
121.0822
121.0962
121.1107
121.1382
121.2028
121.2203
121.2518
121.3079
122.5868
122.6354
122.6665
122.6882
122.7087
122.7216
122.7369
122.7709
122.8456
122.8654
122.8951
122.9292
126.8999
127.6385
127.6606
127.9449
127.9516
127.9741
127.9761
127.9803
127.9914
128.0094
128.0395
128.617
128.6882
128.6976
128.71
128.7224
128.7617
128.7881
128.8019
128.8295
128.8519
128.9853
129.0258
129.0991
129.9661
130.2419
130.2692
130.3444
130.3579
130.3694
130.3817
130.402
130.4099
130.4285
130.4385
130.4514
130.4913
130.5055
130.5322
130.5918
130.6223
130.8533
131.838
131.8522
131.8831
131.9283
131.9599
131.9842
131.9983
132.0276
132.0425
132.0712
132.0854
132.0999
132.1079
132.1221
132.1406
132.1902
132.2345
132.2762
132.3668
132.4238
132.4485
132.4598
133.5088
133.5812
133.6465
133.6744
133.686
133.7095
133.7228
133.7336
133.7993
133.8426
133.8996
133.9365
133.9571
134.0388
135.0963
135.1047
135.1109
135.1185
135.1236
135.1301
135.1361
135.1486
135.17
136.9927
137.0525
139.5262
139.5369
139.5447
139.5562
139.563
139.5692
139.6171
139.6505
139.7098
140.3273
140.3649
140.381
140.4161
140.4424
140.5991
140.6642
140.676
140.6893
140.7126
140.7467
140.7585
140.8527
140.8787
140.8906
141.0045
141.0937
141.6114
142.0771
142.0875
142.0996
142.1129
142.141
142.1781
142.2011
142.253
142.2869
142.3157
142.3383
142.3509
142.3677
142.3937
142.5846
142.6465
143.751
143.7739
143.8218
143.9301
143.9407
144.0237
144.0461
144.1096
144.2392
144.2441
144.2729
144.3205
144.3467
145.3811
145.3946
145.4126
145.4323
145.4657
145.4907
145.539
145.6657
145.6837
145.7346
145.7545
145.8074
145.8267
145.8668
149.9112
149.9618
150.5825
150.6251
151.109
151.138
151.2591
151.2756
151.2884
151.3053
151.3166
151.3285
151.3553
151.3752
151.4076
151.4737
151.5516
151.6361
151.7444
151.7697
152.8612
152.9163
152.9471
153.0065
153.096
153.1185
153.1622
153.2117
153.2307
153.2712
153.302
153.3835
153.4209
153.4848
154.4238
154.4657
154.5019
154.5373
154.5517
154.5701
154.6633
154.7103
154.7289
154.7752
154.8107
154.8306
154.8498
155.0124
156.1749
156.1874
156.2022
156.2677
156.3115
156.3558
156.3694
156.3858
156.4008
156.4724
156.5091
156.5387
156.5512
156.571
156.594
156.6298
156.6679
162.7111
162.7139
162.7372
162.8806
162.9787
163.1798
163.2088
163.2267
163.252
163.2706
163.2849
163.2952
163.3083
163.3215
163.3335
163.3564
163.4034
163.4314
164.7303
164.7977
164.8145
164.8846
164.9103
164.9441
164.9663
164.9847
165.036
165.0567
165.0741
165.1422
166.4187
166.4525
166.4637
166.4759
166.4902
166.5023
166.5158
166.524
166.5325
166.5485
166.5749
166.6182
166.6463
166.6865
168.1066
168.1247
168.1423
168.16
168.1927
168.2095
168.222
168.2379
168.2503
168.2738
168.306
168.4115
168.9386
169.8327
173.9543
174.2879
174.2956
174.3066
174.3124
174.3214
174.3278
174.3453
175.3573
175.3682
175.3848
175.3971
175.4099
175.4241
175.4399
175.4479
175.4615
175.4724
175.5161
175.541
175.5535
175.5635
175.5903
175.6015
175.6347
175.6514
175.6685
175.6882
175.7531
175.7852
175.8172
176.4106
177.0097
177.0265
177.0386
177.0483
177.06
177.0677
177.0908
177.1039
177.1485
177.1914
177.205
177.2379
177.2729
177.328
177.3531
177.8593
178.6858
178.7023
178.7204
178.7354
178.7529
178.7789
178.7965
178.8278
178.8467
178.8754
178.885
178.9141
178.9228
178.9328
178.9778
180.3099
180.3402
180.355
180.3749
180.3884
180.4075
180.4235
180.4409
180.4607
180.4793
180.4968
180.513
180.5573
180.5723
180.5865
180.6106
180.6306
185.8813
185.8892
185.8982
185.907
185.9233
185.9459
186.6084
186.6513
186.7213
186.7554
186.7688
186.7871
186.8975
186.9537
186.9932
187.0115
187.0449
187.1186
187.1524
188.2614
188.439
188.4598
188.4765
188.5004
188.582
188.6027
188.6532
188.7727
188.787
189.8501
189.869
189.8882
190.0878
190.1477
190.1843
190.1944
190.2059
190.2796
190.3089
190.3833
191.6688
191.6876
191.7132
191.8167
191.846
191.862
191.8806
191.9134
191.9797
192.1523
195.6372
195.6592
195.6791
195.7092
196.3079
197.4482
197.4564
197.5214
197.5429
197.5582
197.5696
197.5831
197.6061
197.6123
197.656
197.67
197.7014
197.7137
197.7656
197.8509
197.9349
198.9413
198.972
199.1015
199.1229
199.1487
199.1567
199.165
199.2073
199.2308
199.2846
199.2987
199.3449
199.4196
199.4839
199.5473
200.7793
200.7964
200.8079
200.823
200.8359
200.867
200.8892
200.915
200.9526
200.9753
200.9924
201.0163
201.0454
201.0976
201.1353
201.1596
201.282
202.3642
202.4478
202.4554
202.4642
202.4767
202.4953
202.5159
202.536
202.5543
202.6981
202.7357
202.7535
202.8498
202.8889
202.9067
202.9383
204.037
204.0426
204.0502
207.7967
208.3758
208.4064
209.0356
209.0396
209.0566
209.0698
209.0853
209.1237
209.1921
209.2097
209.3191
210.2398
210.2509
210.2678
210.3103
210.4118
210.4217
210.4629
210.4784
210.5413
210.5615
210.5885
210.6027
210.699
211.9964
212.0068
212.0161
212.0291
212.0378
212.0472
212.0559
212.0792
212.1173
212.216
212.23
212.3525
212.3879
212.4133
213.2393
213.6054
213.6238
213.6329
213.6548
213.6852
213.7064
213.7188
213.7325
213.7561
213.8413
213.8603
213.8835
213.8966
213.9109
213.9712
215.1887
215.2107
215.2434
215.2589
215.2795
215.3392
215.4009
215.4183
215.4391
215.4671
215.4823
215.508
215.541
215.5772
217.6226
217.6424
220.608
220.6173
220.6307
220.6414
220.6492
220.6548
220.6676
220.6867
221.2901
221.3055
221.3354
221.3497
221.3586
221.3957
221.4206
221.4656
221.478
221.491
221.507
221.5167
221.6105
221.6544
221.6989
221.7984
222.8634
222.9159
222.9443
222.9607
222.9988
223.0122
223.0392
223.0528
223.0687
223.0894
223.1044
223.1179
223.1316
223.1947
223.5088
223.5357
224.5201
224.5305
224.5411
224.5546
224.5686
224.6111
224.641
224.6656
224.6731
224.6835
224.698
224.7256
224.7647
224.7844
224.7971
224.8139
224.8985
224.9517
224.985
225.017
225.0421
225.1368
226.2351
226.2739
226.282
226.2913
226.3304
226.346
226.3735
226.4027
226.4194
226.4412
226.4507
226.461
226.4907
226.5302
226.6048
226.8056
227.7707
227.8033
227.8427
231.306
232.2004
232.2063
232.2122
232.216
232.2219
232.2507
232.2718
232.2953
233.0788
233.0891
233.1047
233.121
233.1466
233.1624
233.2765
233.2975
233.3065
233.3149
233.3278
233.3373
233.3594
233.4013
233.4292
233.4453
233.4849
233.5602
233.6049
233.6188
233.6417
234.66
234.6768
234.7317
234.7686
234.7935
234.818
234.8858
234.9052
234.9231
234.9405
234.961
235.0648
235.0737
235.0948
235.1316
235.188
235.3253
235.3421
235.3878
235.8985
236.2691
236.3268
236.3998
236.4155
236.4355
236.5753
236.6137
236.6547
236.6916
236.708
236.7402
236.7824
236.8029
236.8213
236.8474
236.8597
236.8692
236.9126
238.0479
238.0677
238.0857
238.1048
238.1184
238.134
238.2936
238.3176
238.3386
238.3611
238.3853
238.3999
238.4345
238.484
238.5485
238.5719
238.63
239.3952
241.3575
241.3771
241.4073
242.6545
242.6878
243.7786
243.9464
243.9714
243.9862
244.0064
244.0192
244.0307
244.0384
244.0554
244.0804
244.1017
244.1482
244.2235
244.262
244.3117
244.3472
245.4338
245.4564
245.4798
245.5492
245.574
245.5838
245.6006
245.6925
245.7258
245.7632
245.7851
245.8075
245.8275
245.8911
245.9309
245.9617
246.0031
246.0161
246.0781
247.1708
247.2974
247.4329
247.4584
247.4698
247.4778
247.5032
247.5161
247.5716
247.6042
247.664
247.7453
248.7588
248.7993
248.9698
248.9956
249.008
249.0253
249.0393
249.0497
249.0762
249.1225
249.1431
249.1764
249.2019
249.2205
249.261
249.3685
250.3849
250.3994
253.9895
254.0039
255.3465
255.3663
255.3704
255.378
255.3883
255.4013
255.8122
255.828
255.8378
255.8456
255.8575
255.9796
256.0066
256.0196
256.0275
256.0368
256.0741
256.1602
256.1858
257.5319
257.5447
257.5697
257.5842
257.5931
257.6071
257.6221
257.6407
257.6914
257.7097
257.7318
257.7731
258.9997
259.1491
259.1574
259.1746
259.1842
259.1989
259.2111
259.2274
259.2427
259.2703
259.3224
259.4602
259.4852
260.6936
260.7154
260.7776
260.8104
260.8573
260.8832
260.8975
260.9178
260.9388
260.959
260.975
260.9949
261.0207
261.0445
261.0679
262.4598
265.7467
266.0443
266.9458
266.9489
266.9506
266.9573
266.9748
266.979
266.9861
266.9933
267.0007
267.053
268.0253
268.0659
268.081
268.1163
268.129
268.1381
268.145
268.1589
268.179
268.1978
268.2113
268.2304
268.239
268.2499
268.2598
268.3391
268.4273
269.7037
269.7129
269.7218
269.7553
269.7686
269.7764
269.7978
269.8526
269.8741
269.8949
269.9673
270.0006
271.321
271.3401
271.3602
271.3788
271.386
271.3961
271.4063
271.4314
271.4438
271.4612
271.4888
271.5243
271.5382
271.5498
271.5847
271.5992
273.0003
273.0107
273.019
273.0267
273.0361
273.0442
273.0553
273.0675
273.1024
273.1209
273.1524
273.1637
273.2079
273.2717
273.3213
274.071
275.3167
278.5351
278.5373
278.5438
278.5494
278.5522
278.5546
278.5794
278.5824
278.6037
278.6488
278.6513
279.1646
279.1944
279.2118
279.3295
279.3547
279.4799
279.4911
279.5427
279.5709
279.6195
279.6536
279.6773
279.813
279.8679
280.9749
281.0063
281.0339
281.0691
281.1052
281.1318
281.1542
281.1916
281.2923
281.3054
281.3456
281.4687
281.4995
281.5691
282.497
282.5367
282.5862
282.6263
282.6677
282.6916
282.7992
282.814
282.8318
282.9108
282.934
283.1006
284.17
284.2004
284.3489
284.396
284.4107
284.4291
284.6085
284.6245
284.6382
284.6576
284.7264
285.5977
287.6822
288.4463
289.238
289.4665
289.9108
290.0048
290.0385
290.2096
290.2273
290.2416
290.2516
290.2541
290.264
290.276
290.2905
290.3081
290.3214
290.3371
290.3427
290.3838
290.4229
290.4644
290.486
290.5592
290.6015
291.6417
291.664
291.6974
291.7339
291.7708
291.8151
291.8259
291.8329
291.863
291.8955
291.9119
291.9233
291.9704
292.024
292.0564
292.0758
292.1627
292.1766
292.224
292.2425
293.4324
293.4389
293.4477
293.4637
293.5207
293.5439
293.5721
293.5924
293.6055
293.6186
293.7046
293.8009
293.9353
294.9908
295.0118
295.0347
295.0878
295.1251
295.1475
295.1593
295.1756
295.227
295.2379
295.281
295.2909
295.4716
295.4951
295.5281
296.7144
296.7201
296.7295
296.8274
298.6784
301.6977
301.7054
301.7128
301.7175
301.7332
301.7425
301.754
301.7633
301.7759
301.791
301.8034
301.8901
301.9559
302.865
302.8858
302.9157
303.0684
303.0824
303.0932
303.1498
303.1695
303.1843
303.2264
303.2933
303.3187
303.3517
304.6618
304.698
304.7193
304.7595
304.7838
304.8272
304.8439
304.8644
304.9191
304.9447
305.0067
305.1459
306.3364
306.3594
306.371
306.3867
306.4878
306.5026
306.5117
306.5444
306.6042
306.6281
306.6395
306.7266
307.8914
308.0051
308.0215
308.1284
308.152
308.168
308.1874
308.285
313.2895
313.3045
313.3114
313.3181
313.3299
313.3508
313.3694
313.9328
313.9566
314.0124
314.0269
314.0447
314.0573
314.0697
314.0934
314.1091
314.1335
314.151
314.1664
314.1958
314.2084
314.279
314.2994
314.3204
314.3453
314.3709
314.4107
314.4424
315.5892
315.5965
315.6268
315.641
315.6521
315.6802
315.6921
315.7137
315.745
315.7603
315.7898
315.8021
315.8118
315.8211
315.8408
315.8581
315.8763
315.9904
316.0964
316.1576
317.243
317.2606
317.266
317.2809
317.2935
317.3059
317.3607
317.394
317.4188
317.46
317.5516
317.5702
317.6608
317.679
318.847
318.8546
318.8643
318.8818
318.9372
318.9503
318.9618
318.9834
319.0065
319.0446
319.0702
319.0773
319.0867
319.122
319.1474
319.3439
319.4174
320.4135
320.4354
324.6509
324.6909
324.8073
324.8629
324.8682
324.8697
324.8878
324.9009
324.9489
325.6953
325.7641
325.7796
325.79
325.8031
325.9384
325.9648
326.0208
326.0417
326.0558
326.0953
326.1249
326.154
326.1723
326.1865
326.2384
326.252
326.2731
327.384
327.4158
327.4317
327.4481
327.474
327.5793
327.6056
327.6293
327.6455
327.7325
327.7428
327.7914
327.8109
327.8311
327.8443
327.8768
327.9575
329.0582
329.0703
329.0843
329.1926
329.2074
329.2407
329.2685
329.2933
329.3092
329.3642
329.3884
329.4848
329.4946
329.5575
330.7275
330.7393
330.7542
330.779
330.7956
330.8133
330.8278
330.8592
330.88
330.8929
330.928
330.9543
330.9805
331.0363
331.0811
331.1062
331.1254
331.1868
331.2004
331.2502
331.2769
335.9673
336.3197
336.3264
336.4717
336.4818
336.4941
336.615
336.6473
336.6549
336.6771
336.6857
336.7058
336.7199
336.7663
336.7811
336.7971
336.8635
336.8837
336.8947
336.9411
336.9551
336.9633
336.9743
337.0165
337.0581
337.0949
338.1694
338.2003
338.2081
338.2205
338.2374
338.2589
338.3907
338.4087
338.4208
338.4932
338.5408
338.5531
338.6366
338.6879
339.1399
339.7412
339.8368
339.8721
339.9403
340.015
340.0929
340.1092
340.1219
340.1875
340.2215
340.2342
340.2914
340.312
340.3539
340.3823
341.4223
341.4797
341.4946
341.5068
341.5161
341.5333
341.5793
341.6303
341.67
341.7226
341.7831
341.7971
341.8385
342.0395
343.0517
343.0582
348.0381
348.0435
348.0601
348.0675
348.0841
348.3446
348.4754
348.4934
348.5146
348.5271
348.5436
348.5644
348.6448
348.6787
348.6942
348.7038
348.7158
348.9159
348.949
348.9722
349.2604
350.1314
350.1426
350.1732
350.1823
350.1968
350.2515
350.3042
350.3168
350.3372
350.3528
350.3784
350.4121
350.5422
351.8045
351.8158
351.8482
351.8731
351.894
351.9163
351.9523
351.9703
351.9818
352.0271
352.0756
353.1087
353.4331
353.4413
353.4504
353.457
353.4642
353.5307
353.5484
353.6083
353.6324
353.6539
353.6861
353.7604
355.1371
355.1463
355.1573
355.1654
355.1734
355.1928
355.4659
357.8523
359.6278
359.6336
359.6387
359.6434
359.6483
359.6542
359.6908
359.7865
360.6072
360.6524
360.6678
360.6764
360.6934
360.74
360.7652
360.7742
360.7844
360.8022
360.8233
360.8407
360.8633
360.9123
361.0013
361.0498
362.3478
362.3541
362.3701
362.3838
362.3962
362.4144
362.4295
362.4481
362.4845
362.523
362.5576
362.5719
362.5927
362.7301
364.0315
364.0444
364.061
364.0786
364.0892
364.0959
364.125
364.1371
364.1552
364.2007
364.302
364.4242
365.6653
365.6979
365.718
365.7249
365.7349
365.7421
365.7545
365.8076
365.8569
365.8977
369.7099
369.7196
369.731
371.2017
371.2138
371.2183
371.2352
371.2428
371.251
371.2899
371.8167
371.8369
371.8689
372.1384
372.1556
372.1801
372.2076
372.2449
372.2676
372.2968
372.3275
372.4436
372.4642
372.5026
372.5517
373.537
373.7892
373.8117
373.8246
373.8367
373.8572
373.8751
373.8989
373.9725
373.9982
374.0483
374.0671
374.085
374.3811
375.1686
375.1998
375.356
375.3694
375.4434
375.5325
375.5523
375.5833
375.6156
375.6403
375.6596
375.7791
375.8115
376.8002
376.8858
377.0858
377.1177
377.1683
377.2124
377.2678
377.2961
377.3849
377.4856
379.2808
379.2969
379.3571
380.1087
380.5361
380.7799
380.8252
380.841
380.8563
380.8719
382.7866
382.7963
382.801
382.823
382.8286
382.8354
382.8416
382.9758
382.9871
382.9974
383.0077
383.0253
383.0418
383.049
383.2735
383.2994
383.3076
383.3201
383.3389
383.5436
383.5568
383.5693
383.5905
383.7759
383.7836
383.7925
383.8142
383.8247
383.8365
384.0211
384.0318
384.0482
384.0609
384.2639
384.2755
384.283
384.2993
384.5157
384.5405
384.7909
385.0124
385.0187
385.0283
385.0365
385.0672
385.2638
385.2709
385.2783
385.2952
385.5084
385.515
385.5287
385.5379
385.5449
385.7973
387.7812
387.7965
387.9152
387.9291
387.9432
387.9514
387.9779
387.99
388.0029
388.2103
388.2247
388.2388
388.2603
388.4454
388.4599
388.482
388.4981
388.5282
388.7061
388.7145
388.7316
388.9569
388.9705
388.9808
389.0126
389.2086
389.2225
389.2372
389.2612
389.443
389.4552
389.4719
389.5458
389.6878
389.7027
389.9381
389.9472
389.9585
389.9761
390.2098
390.2488
390.4322
390.4429
390.4536
390.4684
390.6893
392.5049
392.7719
392.816
392.8215
392.826
392.8317
392.8353
392.8393
392.8445
392.8729
393.0926
393.0987
393.1218
393.161
393.3351
393.342
393.3513
393.3567
393.3662
393.5858
393.6
393.6062
393.6212
393.6326
393.833
393.8394
393.8544
393.8991
394.0807
394.0867
394.1091
394.1325
394.1503
394.3279
394.3345
394.3474
394.3714
394.5843
394.5919
394.5985
394.6184
394.8294
394.8383
394.8455
394.8564
394.8647
394.8973
395.0741
395.0819
395.0891
395.0968
395.1376
395.3216
395.327
395.3394
395.3491
395.5634
395.5814
395.5872
395.6027
395.6162
397.6971
397.7092
397.8109
397.8209
397.8289
397.8508
397.8591
397.9108
398.0953
398.1167
398.1267
398.1379
398.1629
398.3835
398.3945
398.6087
398.6167
398.6281
398.6673
398.8563
398.8659
398.8954
399.1053
399.1394
399.357
399.3707
399.3934
399.5979
399.6207
399.632
399.863
399.8867
399.9132
400.0991
400.1187
400.1312
400.3404
400.3606
400.3773
400.3982
400.6071
400.6183
402.6723
402.6786
402.6848
402.6905
402.6966
402.7147
402.7232
402.7381
402.9132
402.9221
402.9311
402.9443
402.9532
402.9647
403.1676
403.1754
403.2042
403.2249
403.4209
403.4355
403.4661
403.4824
403.6693
403.6955
403.7118
403.7238
403.9188
403.9422
403.9545
404.1614
404.1702
404.2016
404.4107
404.4678
404.6715
404.6892
404.7087
404.7212
404.9036
404.9136
404.9396
404.9509
404.9923
405.1574
405.1971
405.3927
405.3985
405.684
407.654
407.6707
407.6764
407.6816
407.6877
407.7089
407.7351
407.7555
407.9223
407.9311
407.9549
407.9698
408.1963
408.2088
408.4378
408.459
408.4975
408.5372
408.7109
408.7285
408.9361
408.9581
408.9994
409.1885
409.2436
409.4298
409.4403
409.4501
409.4704
409.6784
409.6938
409.9338
409.9434
409.9597
409.9775
410.168
410.1913
410.4391
410.473
412.579
412.6744
412.6839
412.6882
412.6933
412.7055
412.7107
412.7407
412.7469
412.9836
412.9928
412.9994
413.2287
413.2342
413.24
413.2489
413.4803
413.5011
413.7145
413.7225
413.7312
413.7362
413.7437
413.7521
413.8006
413.9822
413.9888
413.9983
414.224
414.2406
414.2507
414.4533
414.4615
414.4687
414.4935
414.7041
414.7126
414.7359
414.7471
414.9483
414.9575
415.2013
415.2085
415.2419
415.4295
415.4482
415.4546
417.535
417.6119
417.6197
417.6478
417.6536
417.6626
417.6848
417.6935
417.884
417.8954
417.9164
418.1352
418.1695
418.3851
418.4038
418.422
418.6366
418.6719
418.6948
418.9332
418.9553
419.1338
419.1602
419.4073
419.418
419.6271
419.6506
419.6816
419.7231
419.8696
419.8907
419.9064
420.1373
420.1545
420.1615
420.3665
420.3848
420.398
420.8883
422.5191
422.5244
422.5282
422.5423
422.7347
422.7454
422.7699
422.7811
422.9876
423.0044
423.2401
423.2742
423.5319
423.5641
423.6004
423.7385
423.7594
423.9993
424.0099
424.2383
424.2488
424.4949
424.5258
424.7365
424.7443
424.7772
424.7997
424.9752
424.9832
424.9883
425.0098
425.231
425.2403
425.2463
425.2571
427.4746
427.4855
427.4924
427.502
427.6246
427.6322
427.6444
427.6655
427.6729
427.9201
427.9273
427.937
427.9613
428.166
428.1817
428.1915
428.2056
428.4154
428.4314
428.664
428.6889
428.9081
428.9163
428.9259
428.9787
429.1696
429.2091
429.4264
429.6604
429.6695
429.6921
429.7115
429.9006
429.9116
429.9245
429.9373
430.1553
430.1669
430.2159
430.4055
432.4338
432.5287
432.5336
432.5421
432.5469
432.5524
432.5627
432.5703
432.5818
432.5874
432.6227
432.8117
432.8189
432.8267
432.8446
433.0521
433.0608
433.0724
433.0819
433.0918
433.3132
433.3311
433.5494
433.5587
433.6212
433.7913
433.8019
433.8073
433.8246
434.0463
434.0547
434.0837
434.105
434.2904
434.2996
434.3077
434.3147
434.3347
434.5346
434.5504
434.5642
434.7904
434.7983
434.8224
435.0371
435.0607
435.2901
435.3022
435.3098
437.3933
437.401
437.4212
437.5205
437.5298
437.5357
437.5567
437.5659
437.5836
437.6068
437.8521
438.0755
438.0838
438.0972
438.1206
438.3273
438.3398
438.3502
438.3637
438.5703
438.584
438.6037
438.6254
438.8141
438.8223
438.8356
438.8435
438.8692
439.0718
439.0938
439.3105
439.3454
439.5614
439.5735
439.8055
439.819
439.8634
440.0543
440.1274
440.2986
440.3098
440.3192
442.3845
442.3997
442.4024
442.4042
442.4107
442.417
442.4267
442.4378
442.4781
442.6328
442.6397
442.6588
442.6857
442.8921
442.9044
442.9162
443.1409
443.1517
443.1661
443.1851
443.3894
443.4037
443.4188
443.4485
443.9025
443.9222
443.9433
444.1628
444.3725
444.4035
444.6258
444.644
444.8648
444.8813
444.8886
444.9199
444.9333
445.1162
445.1228
445.1298
445.3993
447.3949
447.4087
447.4246
447.4291
447.4362
447.4525
447.4821
447.6484
447.6564
447.6663
447.7024
447.924
447.9675
448.1723
448.4092
448.4259
448.441
448.4602
448.649
448.6652
448.6856
448.8998
448.9134
448.9247
449.1608
449.3965
449.4212
449.6373
449.6469
449.6803
449.8806
449.9043
450.1285
452.396
452.4027
452.4128
452.4186
452.4496
452.4644
452.6993
452.7056
452.7385
452.937
452.9608
453.1914
453.1999
453.214
453.2231
453.2533
453.2947
453.4321
453.4414
453.4481
453.4556
453.5903
453.6994
453.9362
453.9474
454.1734
454.4321
454.4406
454.4477
454.4956
454.6727
454.6778
454.9062
454.9138
454.9241
454.9308
454.9483
455.1564
455.1643
455.1744
457.2473
457.3228
457.3749
457.399
457.679
457.8696
457.8856
457.9045
458.1029
458.1315
458.1465
458.3568
458.3889
458.4326
458.6293
458.6423
458.8619
458.8998
459.1025
459.1295
459.3584
459.3709
459.6369
459.8449
459.8622
459.8747
459.8897
460.0838
460.1098
460.1187
462.2299
462.2343
462.2479
462.2593
462.2657
462.4285
462.4407
462.4914
462.7148
462.7196
462.739
462.7466
462.9589
462.9975
463.2065
463.2259
463.2449
463.2894
463.4599
463.498
463.7011
463.7228
463.7427
463.9516
463.9582
463.9932
464.1997
464.207
464.2143
464.4448
464.4545
464.5139
464.6944
464.7109
464.9409
464.9506
467.1999
467.216
467.2274
467.3411
467.3476
467.3534
467.376
467.6477
467.6565
467.6884
467.8947
467.925
467.9634
468.1436
468.1542
468.1671
468.394
468.4191
468.6331
468.6497
468.8811
468.8936
468.9104
469.1439
469.1784
469.4176
469.6197
469.6307
469.8729
469.881
469.888
472.247
472.2593
472.2644
472.2683
472.2724
472.2769
472.2815
472.2864
472.5249
472.5305
472.5481
472.5689
472.7733
472.7836
472.7908
472.7995
472.8107
473.0188
473.0268
473.0374
473.049
473.2775
473.2844
473.3022
473.5061
473.5174
473.7623
473.7757
473.7815
474.5005
474.509
474.5158
474.5417
474.552
474.7537
474.7738
475.0031
477.13
477.1509
477.2719
477.3095
477.3172
477.5375
477.5808
477.6021
477.8015
477.8419
478.0415
478.0627
478.3055
478.3356
478.533
478.7836
478.7908
478.8431
479.0398
479.0579
479.0898
479.2818
479.5321
479.7705
479.7836
479.8112
480.0688
482.0769
482.1079
482.1121
482.1175
482.1289
482.1347
482.1413
482.1468
482.1532
482.1921
482.1999
482.3555
482.3637
482.3837
482.6142
482.6333
482.6433
482.6705
482.8551
482.9324
483.102
483.1157
483.1372
483.1677
483.3458
483.6139
483.6206
483.8402
483.8465
483.8637
484.1026
484.1128
484.1456
484.3464
484.6275
487.1141
487.1201
487.1262
487.3638
487.374
487.3836
487.3935
487.6327
487.8774
487.8882
488.1471
488.3625
488.3777
488.41
488.6178
488.6515
488.6714
488.8638
489.1011
489.1811
489.3458
489.3582
489.5991
489.6288
489.8488
489.8601
492.1013
492.1236
492.1325
492.1384
492.1428
492.1518
492.181
492.4063
492.4331
492.4422
492.4553
492.4791
492.6533
492.9061
492.9141
492.9364
493.1424
493.1643
493.4137
493.4216
493.6604
493.8906
493.9329
494.1305
494.1398
494.168
494.3797
494.406
494.4834
494.6326
494.6485
494.6714
494.6935
494.8732
494.8836
494.8907
496.9659
496.9729
497.0399
497.0476
497.0574
497.0612
497.081
497.086
497.103
497.1113
497.3287
497.3667
497.5974
497.6147
497.8561
498.0149
498.3161
498.3354
498.3763
498.5887
498.6234
499.0549
499.1134
499.3195
499.3328
499.3388
499.5373
499.6068
501.9429
501.9499
501.9554
501.9641
501.9864
502.1345
502.1445
502.1619
502.1785
502.2116
502.4238
502.4979
502.688
502.6971
502.9406
502.9798
503.1799
503.1993
503.2071
503.4214
503.6664
503.6744
503.916
503.9239
503.9788
504.1696
504.1778
504.4064
504.6476
504.6898
504.9518
506.9211
506.9814
507.0697
507.3781
507.618
507.6265
507.8647
507.8825
508.1072
508.1175
508.1363
508.3537
508.6175
508.8415
508.8523
509.0951
509.1019
509.3355
509.3707
509.5841
509.8625
511.8605
511.9632
511.9838
511.9936
511.998
512.24
512.2491
512.2668
512.2768
512.2853
512.4897
512.5260000000001
512.742
512.7559
512.7727
512.9811
512.9904
513.2211
513.4848
513.5119
513.7229
513.9696
513.9771000000001
514.0354
514.48
514.7146
514.7278
516.9563000000001
516.9742
516.9799
516.9852
517.0052000000001
517.0498
517.2621
517.2881
517.5173
517.5285
517.5417
517.7478
517.7686
517.7798
518.002
518.0128999999999
518.0249
518.032
518.0444
518.2757
518.5188000000001
518.5281
518.5403
518.7478
518.9913
519.0263
519.23
519.2685
519.2907
521.83
521.8359
521.8471999999999
521.8582
521.8638
522.0694
522.124
522.1484
522.3261
522.335
522.3618
522.4617000000001
522.5791
522.6039000000001
522.8117
522.8247
522.8374
522.8588
523.0764
523.0876000000001
523.1001
523.1228
523.1321
523.3188
523.3401
523.5768
523.8252
523.8516
523.8652
524.0669
524.5593
524.6176
526.7595
526.8202
526.8266
526.8557000000001
526.8679999999999
527.0791
527.0891
527.1133
527.3409
527.5942
527.6049
527.6548
527.835
527.862
528.0882
528.1028
528.3398999999999
528.356
528.3754
528.5699
528.5945
528.8183
528.8384
528.8706
529.0907
529.3099
529.3695
529.5747
531.8265
531.8425999999999
531.8693000000001
531.8817
531.9078
532.1253
532.1345
532.3697999999999
532.6222
532.6314
532.6405
532.8643999999999
532.8873
533.1222
533.1346
533.1532999999999
533.1736
533.3543
533.365
533.3742
533.3833999999999
533.6125
533.6213
533.6271
533.84
533.8494000000001
533.8586
534.0946
534.1177
534.3453
534.5894000000001
534.5994000000001
534.6143999999999
536.768
536.775
536.7803
536.7846
536.7898
536.802
536.8136
537.0683
537.2818
537.3085
537.3187
537.5703
537.5875
537.8029
537.8244
538.0459
538.3062
538.5864
539.0378000000001
539.0887
539.285
539.2948
539.5224000000001
539.5400999999999
545.2061
545.807
546.3444
