1.0083
1.0827
2.2345
2.4133
4.4743
6.3307
6.6879
9.277100000000001
10.3085
11.352
12.092
12.1085
12.1929
12.2231
12.2415
12.255
12.2704
13.9907
13.9932
13.9967
14.0035
14.0091
14.0143
14.0183
14.0316
14.0892
15.3204
15.556
15.6982
15.7089
15.7124
15.7155
15.7543
17.4302
17.4637
17.4829
17.4861
17.4906
17.4996
17.604
18.7817
18.7919
18.8071
18.8316
18.8466
18.8542
18.8627
19.2362
19.49
19.711
19.8483
20.108
20.1731
20.353
20.4204
20.5847
20.745
20.9212
21.292
21.4108
21.4343
21.6152
21.6458
22.6549
22.6891
22.7304
23.3041
23.6679
23.673
23.6798
23.7556
23.8023
23.8193
23.8678
24.3725
25.2421
25.2905
25.3885
25.5214
25.8159
27.1268
27.2181
27.3651
27.4143
28.4527
28.5013
28.7688
28.8341
28.9175
29.0465
30.2976
30.3254
30.3503
30.3606
30.371
30.6367
30.7508
30.7683
30.9553
31.1822
31.2743
31.542
31.8631
31.9679
31.9815
32.4074
32.6076
32.6229
32.7646
33.6443
33.8693
34.5516
35.1437
35.171
35.189
35.2559
35.3726
35.3796
35.4151
35.9052
36.8653
36.8773
36.8825
37.1508
37.1888
37.2707
37.4305
38.5016
38.5125
38.5176
38.5495
38.6074
38.6288
38.6445
38.8045
39.476
39.5214
40.395
40.701
40.7096
40.7206
40.7262
41.7784
41.7935
41.8356
41.8584
42.0709
42.1533
42.214
42.2469
42.3035
42.4542
42.9531
43.4175
43.659
43.6872
43.7192
44.4096
44.9617
45.0162
45.1205
45.7526
45.8311
45.8575
45.8741
46.8377
46.8496
46.8608
47.0595
47.8465
47.8947
48.9609
49.0802
49.6104
49.7855
50.3377
51.3073
51.808
51.8363
52.7298
52.7345
52.7612
53.6282
53.6387
53.7538
53.8705
53.8738
53.878
54.2294
54.4544
54.6434
54.8958
55.2222
55.5537
56.0387
56.5293
57.1987
57.2376
57.2699
57.3031
57.8866
57.984
58.2767
58.3465
58.4167
58.4247
58.4429
58.549
58.5664
58.6103
58.9315
60.4372
60.4825
60.5258
60.5987
61.3731
62.0495
62.1168
62.1313
63.5282
63.5466
63.5493
63.6167
63.9893
64.5727
65.078
65.0882
65.0911
65.0964
65.10290000000001
65.1245
65.14239999999999
65.15949999999999
65.184
65.1949
65.45310000000001
65.4813
65.49639999999999
65.9589
66.0585
66.1478
66.2752
66.87990000000001
66.9171
67.17789999999999
69.15770000000001
69.2166
69.44589999999999
69.4716
69.9367
69.96259999999999
70.0312
70.3216
70.6317
70.642
70.6694
70.71259999999999
70.78489999999999
71.89100000000001
72.2123
72.3366
72.38849999999999
72.4225
72.6824
72.7059
73.5458
73.6657
73.6712
73.6952
73.8056
73.95229999999999
74.0141
74.1104
75.3466
75.44929999999999
75.46980000000001
75.4789
75.49039999999999
75.5005
75.52249999999999
75.5735
75.9226
76.64619999999999
76.72880000000001
76.75279999999999
77.0257
77.0795
77.1234
77.4372
77.67319999999999
77.8986
78.0269
78.1647
78.3321
78.38809999999999
78.5177
79.7133
79.75109999999999
80.43300000000001
80.83410000000001
81.27200000000001
81.29049999999999
81.3257
81.58929999999999
81.7317
82.08969999999999
82.30159999999999
82.3244
82.4486
83.85760000000001
84.03579999999999
84.3202
85.20610000000001
86.7075
86.9881
87.0051
87.0226
87.03230000000001
87.04810000000001
87.1568
87.38160000000001
87.6789
88.22920000000001
88.2495
88.25960000000001
88.7127
88.9451
88.9708
89.699
89.72369999999999
89.9075
90.1023
90.6949
90.70959999999999
90.7807
91.2055
91.4889
91.8981
91.9542
92.506
92.5797
92.6062
92.9901
93.1773
93.1925
93.2877
93.309
93.3438
93.6502
94.9171
94.9254
94.9318
94.9393
95.13630000000001
95.42019999999999
96.23990000000001
97.2748
98.1484
98.19840000000001
98.2043
98.3061
98.7073
100.5773
100.7428
100.9998
101.0189
101.0652
101.372
101.4103
101.9284
102.1311
102.2863
102.4365
103.2715
103.411
103.5292
103.5439
104.0874
104.2544
104.6126
104.89
104.9067
104.9501
106.5718
106.5741
107.6233
107.9886
108.3841
108.4303
109.8205
110.1305
110.1375
110.1536
110.2521
110.795
111.1216
111.3858
111.4016
111.4092
111.428
111.4396
111.5259
111.7867
111.8018
111.8124
111.8252
112.0697
112.5084
112.6921
112.9221
113.2851
113.7111
114.0018
114.2815
114.6934
115.0354
115.0612
115.5421
115.7265
115.7638
116.2948
116.3434
116.4354
116.449
116.8138
116.8344
118.2211
118.3209
119.6676
119.791
119.8237
119.97
120.1612
120.2336
121.1223
121.5589
121.6844
121.7219
122.9618
122.9722
122.9833
123.0047
123.0154
123.2627
123.2777
123.3263
123.4023
123.4157
123.4386
123.8832
123.9174
124.0236
124.6062
124.7831
125.0525
125.0731
125.1325
125.4695
125.5873
126.6857
126.7295
126.7664
127.2264
127.3888
127.4497
127.6628
127.9238
127.9346
129.6549
131.4256
131.4644
131.584
131.9513
132.8213
132.8359
133.6981
134.5475
134.557
134.579
134.6329
135.0785
135.4627
135.6734
136.3647
136.5019
136.5557
136.6849
136.7498
136.9629
137.1613
137.2254
137.2695
137.3673
137.4949
137.5871
138.7088
138.8679
138.9396
139.2257
139.3952
139.6098
139.6255
139.6368
140.7028
140.741
142.1193
143.0347
143.3004
143.468
143.6592
143.6811
143.7866
145.4634
145.4896
145.5137
145.5889
146.5653
146.573
146.7662
147.3797
147.6031
147.7779
147.8091
148.3583
148.3796
148.4129
148.5879
148.7546
149.2311
149.5972
149.9976
150.0764
150.4115
151.0837
151.0941
151.1704
151.1862
151.2184
151.2544
151.54
151.6885
151.9358
153.0824
154.5753
154.5832
154.5872
154.6089
154.8423
154.8776
156.3422
156.3528
156.3645
156.4542
157.7443
157.7692
157.7839
157.7919
157.8277
157.8609
158.2038
158.6623
158.9914
159.0484
159.152
159.3891
159.5358
159.5729
159.6071
160.0477
160.3732
161.9652
162.4558
162.6774
162.7564
162.772
162.7895
162.8049
163.2038
163.3288
163.3457
163.3937
163.465
163.4852
163.7074
164.8184
164.8302
164.9271
165.0297
165.1233
166.362
166.3847
166.3889
166.5287
166.6213
166.6729
168.0846
168.1236
168.1363
168.1646
168.2278
168.2296
168.3973
168.4345
168.5301
168.5537
169.3376
169.3728
169.7124
169.9115
170.0552
170.2842
170.4835
170.5259
170.5332
170.6774
170.7068
170.7628
170.7921
170.8435
170.8919
171.0596
171.2903
171.3408
171.3557
171.437
171.8331
172.6403
172.8148
173.2689
173.3343
173.4275
173.6428
173.855
174.8672
174.9125
174.9205
174.9289
176.3604
176.3739
176.5692
176.8123
177.4486
177.7164
177.7292
177.7318
178.2264
178.4195
179.48
179.5222
179.7935
179.8883
179.915
180.9155
180.9383
181.2362
181.2495
181.2652
181.2737
181.3291
181.6404
181.7347
181.8462
181.9783
182.3117
182.5368
182.7677
183.536
183.5475
183.5967
183.6157
183.8691
184.1183
184.2206
184.4515
184.7561
184.8973
185.2754
185.3054
185.7387
185.844
185.8652
185.8717
185.9225
186.316
187.1793
187.9006
189.1118
191.2028
192.1463
192.332
192.4012
192.8268
192.8349
192.8574
192.8633
192.8678
192.8855
192.9127
192.9615
193.8822
194.2508
194.2899
194.4883
194.7096
195.2677
195.8042
196.6672
196.8904
196.9501
197.4202
197.4282
197.5407
197.5456
198.8643
199.2492
199.3056
199.5245
201.135
201.149
201.1611
202.1944
202.6135
202.8324
202.8957
203.0263
203.0486
203.1194
204.0674
204.1033
204.1737
204.4554
204.4838
204.4941
204.5129
204.5682
204.5712
204.6364
205.326
205.5349
205.6474
205.6881
206.7519
206.9323
207.8481
207.969
208.2625
208.6256
208.7943
209.0145
209.0309
209.0415
209.1007
210.4803
210.4826
210.7854
210.8369
210.9782
211.1867
211.2177
212.34
212.373
212.4373
212.54
212.586
212.6164
212.7029
212.7453
213.7832
213.7853
213.8155
213.8666
214.1407
214.5084
215.5883
215.6408
215.6482
216.1808
216.3739
216.573
216.5751
216.6904
216.7012
216.7839
216.9512
217.1757
217.2766
217.3182
217.3528
218.1081
218.3823
218.6296
218.8097
218.9372
219.0237
219.4095
219.9788
219.9929
220.2669
220.6805
220.6891
220.7477
220.772
222.3547
222.6017
223.0411
223.8323
223.8409
223.8576
223.9462
225.595
225.6158
225.6215
225.6265
225.6353
225.7311
227.1754
227.2214
227.2315
227.2746
227.7607
228.2139
228.2326
228.5509
228.583
228.7543
229.3273
229.414
229.7352
230.0792
230.4702
230.8493
231.4552
231.8494
231.8729
232.0089
232.0798
232.1831
232.5891
232.8023
233.6793
233.701
234.6035
234.891
236.3039
236.4464
236.505
236.536
237.2285
238.2728
238.3758
238.6796
238.6968
239.2743
239.2818
239.6324
239.7244
239.8716
240.1412
240.2399
240.7465
240.9662
241.058
241.1936
241.3644
241.4515
242.0485
242.4962
242.6597
242.68
242.7363
243.381
243.4712
243.8569
243.863
243.8908
243.9152
244.2522
244.3873
245.3383
245.3513
245.4113
245.7864
245.8994
247.0675
247.2839
247.3547
247.4561
248.6872
249.0219
249.0579
249.0812
249.094
249.1419
250.4206
250.4296
250.4343
250.4389
250.9405
250.9495
251.3412
251.3674
251.7459
251.8503
251.9194
252.0739
252.2054
252.4134
252.4341
253.1387
253.42
254.1733
254.2378
254.6764
254.9522
255.9562
256.0321
256.0573
256.086
256.5209
256.818
257.2103
257.5813
257.6197
257.6497
257.7795
257.8017
257.8183
259.1311
259.1699
259.2369
259.2707
259.3114
259.865
260.4943
260.7554
260.9175
261.1057
261.2493
261.2643
262.0292
262.0868
262.3143
262.3171
262.346
262.476
262.6625
262.8447
263.2963
263.3772
263.7731
263.9106
264.2089
264.5319
264.5422
265.1078
265.3458
265.5662
266.3576
266.455
266.467
266.9216
267.0293
267.5455
267.5884
267.6442
268.1666
268.8085
269.0019
269.1302
269.1509
269.2063
269.2833
269.2869
269.4152
269.5524
270.0876
270.0951
270.3879
270.4975
270.9063
271.0175
271.3161
272.1457
272.1577
272.1649
272.1712
272.1894
272.4664
272.5915
273.5699
273.5776
273.5795
273.9627
273.9704
274.0314
274.0466
274.353
274.5061
275.0022
275.2248
275.3371
275.3887
275.4494
275.4917
275.8186
276.028
276.1376
276.8145
277.6373
277.8437
278.3083
278.4397
278.5157
278.5953
278.6458
278.7479
278.758
279.0731
279.1063
280.0326
281.8793
283.2181
283.2693
284.0856
285.496
285.5214
285.5303
285.5542
285.5646
285.5755
285.5798
285.6076
285.7614
285.8452
286.2376
286.3071
286.3341
286.8056
286.8895
286.9258
286.9378
286.9649
287.2551
287.48
287.9632
288.1317
288.1967
288.2387
288.8091
288.8339
288.8552
289.5342
289.8148
290.1815
290.215
290.2787
290.7178
290.8194
291.6395
292.1345
292.2284
292.3106
293.528
293.5407
293.5463
295.4734
295.5009
296.7109
296.7281
296.7365
296.785
296.7929
296.8053
296.8234
296.8351
297.1808
297.2074
297.2178
297.2837
297.4233
297.5046
297.6951
297.9126
298.0512
298.2351
298.3981
298.4519
298.5124
298.8022
298.8633
299.2269
299.3507
299.7027
300.8301
301.2035
301.3898
301.4184
301.6762
301.6826
301.686
301.7654
301.7719
302.3144
303.1586
303.1677
303.1873
303.5518
303.5972
303.6905
305.0094
305.0286
305.0368
305.3089
305.369
305.3918
305.402
306.503
306.5665
306.5801
306.5953
306.8421
306.9686
308.2817
308.2901
308.3074
308.3714
308.8104
309.224
309.2925
309.3419
309.4403
309.494
309.7117
309.7555
309.7994
309.8451
310.2223
310.4482
310.6316
310.6606
311.3469
311.4573
312.3347
312.5594
312.598
312.615
313.0168
313.0502
313.3496
313.3588
315.0819
315.0924
315.2726
315.3278
315.5579
315.5716
316.3797
316.6239
316.6315
316.638
316.7134
316.7447
317.4506
318.2811
318.3279
318.3627
318.4744
319.9167
319.9263
319.939
319.9609
320.5473
320.6152
320.9856
321.0655
321.1377
321.9996
322.7588
323.3202
323.4503
323.5146
323.7313
323.8943
323.9849
324.0354
324.0509
324.1185
324.5097
324.7472
324.8612
324.9638
324.9753
325.422
325.5769
327.0778
327.3347
328.7942
329.2384
329.252
329.2638
330.2768
331.9644
331.9989
332.025
332.4168
332.4401
332.72
333.0741
333.2511
333.5504
333.615
334.0325
334.1339
334.3499
334.9587
335.0278
335.225
335.6454
336.0523
336.4364
336.5164
336.5673
336.5748
336.5992
336.607
336.9121
336.9257
336.9709
338.1855
338.1986
338.2284
338.4845
340.0408
340.0617
340.123
340.6083
341.6821
341.7227
341.7542
341.7606
341.7695
341.8569
341.8939
343.091
343.1231
343.1556
343.1721
343.4536
343.5118
343.7852
343.8063
343.9477
344.2234
344.3325
344.3867
344.9398
345.2254
345.5518
345.5637
345.5881
346.4824
346.496
347.8255
347.8485
348.0936
348.108
348.1494
348.5267
348.6329
348.6923
348.7001
348.7021
348.797
349.3872
349.8742
349.8802
349.93
349.9533
350.1631
350.1756
350.2308
350.3313
350.4967
350.7452
350.7662
351.7897
351.7955
351.799
351.805
351.8227
351.8313
351.9434
352.012
352.0505
352.0875
352.1362
352.4266
353.3867
353.4287
353.464
353.5399
353.5477
353.5727
353.5871
354.7752
355.0447
355.2374
355.5558
355.5828
355.6438
355.9586
356.147
356.3048
356.6555
356.8037
357.2501
357.2515
357.3546
357.8379
358.7184
358.7292
359.1062
359.6717
359.7007
360.2353
360.2523
360.259
360.266
360.2914
360.7788
361.8274
361.843
362.1415
362.1764
363.118
363.4286
363.4983
364.1933
364.8765
365.1114
365.1479
365.4121
365.5957
366.2506
366.2721
366.6908
366.7125
366.7276
366.9839
367.2218
367.4526
367.6596
368.2669
368.3405
368.6293
368.7141
369.352
369.7149
370.0812
370.7292
370.8442
370.9782
371.1974
371.2002
371.2051
371.3056
371.6166
372.8718
374.5943
376.0255
378.1584
378.4633
378.6108
378.6326
378.636
378.8216
378.9906
379.1691
379.4241
379.462
379.5703
379.724
379.8731
380.1402
380.6771
380.7665
381.0185
381.5033
381.7712
381.9673
381.9873
382.4403
382.4995
382.5235
382.8785
382.9988
383.0154
383.15
383.3438
383.591
383.6148
383.845
383.8568
383.8811
384.0712
384.0814
384.109
384.571
384.5729
384.6151
384.7942
384.8372
384.8694
385.0611
385.0746
385.1048
385.3488
385.5572
385.6033
385.6174
385.7825
385.7978
385.8939
385.9553
385.9733
386.0391
386.0473
386.0524
386.2324
386.5637
386.7283
386.7905
386.9642
387.1054
387.1616
387.2326
387.4985
387.7198
387.7976
388.0143
388.1236
388.2449
388.2753
388.3067
388.4876
388.5113
388.5175
388.5432
388.732
388.7575
388.7666
388.7904
389.0079
389.2283
389.2478
389.4788
389.4884
389.7454
389.9715
390.0081
390.2318
390.2488
390.4642
390.4994
390.5369
390.7257
390.7413
390.7441
390.748
390.8769
390.9215
391.0615
391.1274
391.2775
391.3496
391.4737
391.8867
391.9671
392.0394
392.2379
392.4804
392.682
392.7726
392.9571
393.2606
393.4434
393.4528
393.461
393.468
393.714
393.9501
394.2024
394.2107
394.4322
394.6915
394.7093
394.9255
394.9507
395.1727
395.1879
395.1959
395.4097
395.6255
395.7236
395.909
395.9221
395.9556
396.1039
396.1846
396.256
396.3675
396.496
396.5726
396.7213
397.2384
397.558
397.619
397.6639
397.737
397.7478
397.7922
397.8076
397.8781
398.7683
399.015
399.0451
399.5669
400.0223
400.2574
400.2721
400.4952
400.6036
400.6702
400.8166
400.8275
400.8503
400.9183
400.9871
401.2201
401.3497
401.6001
401.7568
402.345
402.6966
402.9093
403.3514
403.3929
403.6323
403.641
403.859
404.1085
404.1464
404.2274
404.5812
404.6155
404.6239
404.8289
405.105
405.1401
405.3318
405.6044
405.733
405.7485
405.8003
405.815
405.8222
405.8282
405.857
405.8881
406.1279
406.3336
406.4236
406.4942
406.5782
406.9081
406.9275
407.0863
407.3576
407.5975
407.8973
407.9165
408.1569
408.3675
408.378
408.382
408.6273
408.6315
408.6397
408.8676
408.8858
409.1181
409.1226
409.1371
409.1537
409.3552
409.3776
409.4105
409.6074
409.6164
409.8633
409.8683
409.8948
410.3494
410.4154
410.5368
410.6174
411.0763
411.2081
411.2821
411.5265
411.5968
412.0325
412.1541
412.5616
412.6246
412.6538
412.6904
412.8722
413.3805
413.4199
413.6092
413.8542
414.1705
414.3678
414.605
414.6108
414.6432
414.6574
414.8523
414.8636
414.9132
415.1422
415.1536
415.1624
415.3461
415.3974
415.4019
415.5735
415.6874
415.7799
416.0651
416.1045
416.1757
416.3423
417.0038
417.0385
417.2182
417.5284
417.535
417.5934
418.2479
418.4998
418.5394
418.7937
418.8883
419.0296
419.7234
419.7272
420.0448
420.0711
420.1272
420.1339
420.3025
420.5256
420.7012
420.7389
421.1865
421.6679
421.854
421.9158
422.0067
422.208
422.3809
422.5536
422.58
422.6042
423.054
423.0629
423.0775
423.3135
423.3276
423.5414
423.71
423.7923
424.0464
424.2958
424.3282
424.338
424.5463
424.5531
424.5726
424.7954
424.8049
424.8164
425.0291
425.0545
425.0802
425.1053
425.2627
425.2828
425.35
425.516
425.6651
425.6754
425.7889
425.975
426.5739
426.631
426.7359
426.821
426.8703
426.9034
427.1194
427.3075
427.4614
427.5117
427.7235
427.7629
427.7841
427.9623
427.9861
428.0197
428.0368
428.4801
428.5073
428.7685
428.9483
428.955
428.9664
428.9971
429.0194
429.2125
429.2486
429.4382
429.5096
429.5235
429.6584
429.9892
430.1893
430.1981
430.2038
430.2158
430.2411
430.4608
430.4689
430.4727
430.5682
430.6065
430.9441
431.0766
431.4224
431.6075
431.8133
431.8442
431.9122
432.0278
432.1578
432.2501
432.4208
432.4249
432.5013
432.7069
432.9268
433.1601
433.1802
433.1906
433.4125
433.4158
433.4268
433.6454
433.6511
433.6748
433.9158
434.4096
434.6398
434.6575
435.1536
435.4023
435.437
435.4451
435.5134
435.5816
435.6051
435.6378
435.6874
436.136
436.2136
436.2599
436.373
436.4203
436.6208
437.3876
437.435
437.4548
437.4713
437.5232
439.5091
439.7971
440.2238
440.5574
440.5688
440.5841
440.6173
440.6292
440.6481
440.6633
440.682
441.0775
441.1148
441.1795
441.2446
441.3961
441.6032
441.7859
441.7986
441.847
442.3429
442.4089
442.861
442.8753
443.0899
443.1205
443.3485
443.3516
443.359
444.0852
444.1053
444.1129
444.3116
444.569
444.8014
444.8784
445.0605
445.0654
445.0735
445.2916
445.3422
445.353
445.3667
445.5076
445.5431
445.5555
445.5737
445.61
446.0113
446.0663
446.3476
446.4078
446.4607
446.8755
446.9369
447.0113
447.1313
447.31
447.3174
447.373
447.6345
447.8691
448.1001
448.1064
448.1139
448.1471
448.3471
448.3614
448.3799
448.3858
448.3916
448.5937
448.608
448.6276
448.8287
448.8404
448.8443
448.8548
448.8744
448.8909
449.0818
449.0902
449.0962
449.1062
449.3327
449.3399
449.3634
449.3914
449.5739
449.5794
449.5827
449.6057
449.7517
449.8116
449.83
450.0696
450.1265
450.3206
450.3307
450.3387
450.4433
450.4475
450.464
451.0927
451.1309
451.5696
451.7741
451.9424
452.0609
452.0737
452.3512
452.3605
452.3658
452.8571
452.8828
453.1031
453.1443
453.5864
453.612
453.8363
453.8585
453.883
454.0837
454.1213
454.1376
454.3613
454.5931
454.8304
454.845
454.8921
455.0441
455.0752
455.1326
455.2927
455.4072
455.4235
455.4324
455.4612
455.4693
455.8064
456.0251
456.3024
456.383
456.5331
456.6595
456.7363
457.1281
457.1594
457.19
457.3159
457.3693
459.4927
460.0543
460.2508
460.2635
460.4073
460.4099
460.4195
460.4229
460.4624
460.4872
460.4996
460.7104
460.8562
461.2353
461.2529
461.6263
461.8528
461.9686
462.0806
462.1858
462.3081
462.3178
462.7696
462.7804
463.0506
463.2702
463.2997
463.5241
463.5314
463.757
463.7647
463.7756
463.8211
464.2641
464.2759
464.2822
464.2968
464.5208
464.7537
464.7823
464.7869
465.0168
465.0778
465.3462
465.3516
465.4254
465.4362
465.4875
465.6374
465.8065
466.039
466.2138
466.3855
466.5723
466.6963
466.7163
466.9181
467.177
467.2144
467.2303
467.2662
467.4706
467.6605
467.9182
467.9408
468.1902
468.1988
468.2456
468.4117
468.4209
468.4449
468.4895
468.6601
468.6718
468.7086
468.7151
469.1607
469.2176
469.4121
469.4179
469.4373
469.4904
469.6817
469.905
469.9144
469.9181
469.954
470.1707
470.179
470.182
470.1853
470.2994
470.3526
470.3923
470.7978
470.9207
471.1422
471.1716
471.5214
471.6143
471.7792
472.1072
472.1367
472.1452
472.2073
472.8634
473.1178
473.1258
473.1393
473.3516
473.3753
473.3804
473.6134
473.8894
473.9042
474.1246
474.1339
474.1423
474.3844
474.6116
474.6177
474.6229
474.8986
474.9129
475.1165
475.1411
475.241
475.2919
475.3113
475.3667
475.4034
475.418
475.5793
475.6528
475.8433
476.2201
476.5586
476.6818
476.8453
477.0757
477.1013
477.1092
477.1757
477.2013
477.5323
478.1826
478.4764
478.5194
478.7043
479.0158
479.307
479.4381
479.4577
479.708
479.9246
480.2547
480.2981
480.3043
480.343
481.3749
481.5002
481.957
482.0663
482.3459
482.5861
482.6002
482.8151
482.8325
483.0638
483.0781
483.1041
483.2822
483.3024
483.5302
483.586
483.8199
483.8273
484.0446
484.0594
484.0763
484.3012
484.533
484.546
484.5645
484.5745
484.809
484.8156
485.0238
485.0749
485.0874
485.21
485.286
485.3022
485.645
485.8534
486.2574
486.8489
486.9431
487.0958
487.1045
487.3135
487.3409
487.5844
487.5902
487.5963
487.8248
487.832
488.0725
488.0818
488.0978
488.315
488.3315
488.3414
488.5369
488.8003
488.8043
488.808
488.8179
488.8274
489.0422
489.0463
489.0576
489.2815
489.2985
489.3356
489.5337
489.5398
489.565
489.5841
489.5916
489.8002
489.8139
490.0443
490.1451
490.3445
490.6411
490.7525
490.8079
491.3093
491.3622
491.7156
491.9521
492.066
492.0896
492.5759
492.6135
492.7926
492.8159
492.8449
492.852
493.0973
493.3408
493.5371
493.5416
493.6214
493.8459
494.081
494.104
494.3028
494.3158
494.518
494.5567
494.6014
494.7739
494.8166
494.841
495.0016
495.0179
495.0303
495.1584
495.1691
495.2539
495.2713
495.9734
496.2126
496.2573
496.6664
497.0565
497.4848
497.9789
498.2838
498.6619
498.7359
499.2259
499.2418
499.4209
499.972
500.1371
500.1431
500.1549
500.2048
500.2327
500.4409
500.4785
500.5542
500.6074
501.5201
501.5471
501.8675
501.9059
501.9948
502.0188
502.4964
502.5107
502.6411
502.7456
502.7541
502.7728
502.7872
502.985
502.9891
503.0246
503.2136
503.269
503.4957
503.5505
503.727
503.734
503.7573
503.9629
503.9973
504.0055
504.0958
504.2026
504.2327
504.2367
504.2716
504.4914
504.5195
504.7106
504.9461
505.0337
505.0623
505.0762
505.1917
505.6124
505.7023
505.7581
505.9019
506.2108
506.7482
506.7824
506.8632
506.8819
506.8877
506.9047
506.946
506.9713
507.407
507.4129
507.4314
507.6335
507.6453
507.8819
507.8891
507.931
507.945
507.9621
508.1486
508.1563
508.2076
508.3928
508.4114
508.6139
508.7111
508.8671
508.9346
509.1323
509.1628
509.2033
509.3463
509.3501
509.3889
509.4181
509.4331
509.6268
509.9008
509.9086
509.9156
510.0106
510.0213
510.0881
510.1033
510.1442
510.3434
510.418
510.6214
510.9009
511.7478
511.8592
511.9433
511.9571
512.1195
512.3591
512.6113
512.8509
513.095
513.1087
513.6111
514.1195
514.2843
514.3206
514.3371
514.3406
514.5988
514.8579999999999
514.8637
514.9926
515.0352
515.0801
515.1401
515.4009
515.5621
515.7443000000001
516.0308
516.1837
516.2993
516.3403000000001
516.35
516.8153
516.9105999999999
516.9199
516.9255000000001
517.4416
517.5024
517.6875
517.9941
518.6738
518.9242
519.167
519.1842
519.2317
519.4282000000001
519.7114
519.8312
520.0151
520.0279
520.035
520.0583
520.5928
521.0146999999999
521.1853
521.3892
521.7324
521.7768
521.7841
521.7909999999999
521.8591
521.876
522.0436
522.323
522.5491
522.761
522.802
522.8877
523.0359
523.0408
523.0565
523.2917
523.7467
523.7679000000001
524.0267
524.0367
524.2707
524.7903
524.7951
524.8981
525.019
525.0312
525.181
525.2637999999999
525.5115000000001
525.5681
525.6518
526.3257
526.4016
526.8084
526.8280999999999
527.0317
527.287
527.3045
527.3241
527.3295000000001
527.5536
527.5644
527.5857
527.7882999999999
527.7914000000001
528.0288
528.0479
528.0553
528.2692
528.2828
528.5192
528.7556
528.7615000000001
528.7809
528.7976
529.0141
529.0429
529.0878
529.2479
529.292
529.3121
529.5024
529.5423000000001
529.7608
529.7654
529.8744
529.9245
530.1934
530.285
530.7608
530.8184
530.9154
531.6847
531.8108999999999
532.273
532.2998
532.5175
532.5373
532.5642
532.7562
533.0254
533.0735
533.2603
533.2761
533.5563
533.5641000000001
533.7414
533.7866
533.8042
533.8208999999999
534.0059
534.0132
534.2501
534.2835
534.3246
534.4991
534.5110999999999
534.5468
534.5563999999999
534.7163
534.7186
534.7221
534.729
534.8418
534.8537
534.8748000000001
534.9182000000001
535.1655000000001
535.2511
535.3054999999999
535.9003
536.4527
536.8094
536.8154
537.1323
537.6903
538.4250999999999
538.6366
538.7372
538.9139
538.9431
539.1531
539.1835
539.4304999999999
539.475
539.8041000000001
539.8415
539.8757000000001
539.8849
539.8936
539.928
540.7672
540.8072999999999
541.1772
541.2998
541.6085
541.7681
542.0554999999999
542.1395
542.2146
542.2884
542.3652
542.3991
542.4313
542.7744
542.8543
543.1408
543.6963000000001
543.7373
543.9642
544.0983
544.2076
544.23
544.4025
544.9806
545.216
545.6653
545.7782999999999
546.1482
546.3873
546.4132
546.4874
546.9543
547.5123
547.962
548.0328
548.3946
548.7646
