1.6289
5.5177
9.574400000000001
11.5162
12.1522
12.2845
12.3045
12.3118
12.319
12.3259
12.3272
12.3348
12.3477
12.3602
12.4012
12.462
12.4863
12.5021
12.5291
12.5505
12.56
12.6095
12.6135
12.6285
12.6636
12.7224
12.7567
12.9134
12.9508
13.0275
13.0316
13.1237
13.2551
13.2814
13.3229
13.3473
13.3594
13.3875
13.4007
13.406
13.4229
13.5166
13.5384
13.5493
13.5584
13.5841
13.6351
13.661
13.7203
13.7537
13.8116
13.852
13.8985
13.914
13.9274
14.1013
14.2079
14.2739
14.3043
14.3089
14.313
14.3595
14.41
14.4455
14.4904
14.5013
14.5037
14.5152
14.6398
14.7025
14.7095
14.7201
14.7216
14.9344
14.9488
14.9574
14.963
15.0115
15.0213
15.1572
15.1666
15.2468
15.3486
15.3986
15.4008
15.4086
15.4701
15.4906
15.4982
15.5341
15.559
15.688
15.7597
15.8375
15.8447
15.9021
15.9763
16.0885
16.1402
16.1781
16.1843
16.1862
16.2009
16.2084
16.2097
16.36
16.4035
16.4588
16.5015
16.5752
16.5861
16.5915
16.7081
16.7244
16.7946
16.8143
16.8904
16.9494
16.9609
17.0188
17.0347
17.202
17.2809
17.343
17.4272
17.4301
17.6749
17.6821
17.6917
17.828
17.8346
17.8889
17.9104
17.9474
17.9569
17.9891
18.1264
18.1523
18.1616
18.2079
18.2257
18.2279
18.2966
18.3285
18.3379
18.3944
18.6383
18.6988
18.7367
19.0078
19.026
22.6785
23.6727
23.686
23.694
23.7086
23.7109
23.7276
23.9072
23.926
23.9271
23.9289
23.9343
23.94
24.0821
24.0999
24.106
24.1187
24.2235
24.357
24.4797
24.7785
24.863
24.953
24.9822
25.1495
25.3539
25.3603
25.6045
25.6136
25.7006
25.7846
26.5402
26.6074
26.6093
26.6344
26.6574
26.6731
26.7085
26.7335
26.8288
26.8359
26.8648
26.9105
27.0437
27.0619
27.1349
27.177
27.201
27.3585
27.7893
28.1456
28.1661
28.3
28.4115
28.5782
28.6517
28.6878
28.8902
28.9787
29.0909
29.5988
29.884
30.0091
30.1214
30.1311
30.1922
30.2888
34.0668
35.0861
35.2777
35.293
35.3294
35.7861
35.9459
36.2783
36.3234
36.3949
36.4464
36.5176
36.6531
36.8017
36.8166
36.9181
37.63
37.9759
38.0363
38.158
38.3866
38.8135
39.7024
39.8286
41.3267
41.8224
41.8751
42.5814
45.8105
46.8347
46.8492
46.8631
46.8709
46.8757
46.8821
46.9035
46.9072
46.9241
46.9842
47.0638
47.4723
47.483
47.493
47.5721
47.577
47.6831
47.8665
47.9952
48.1827
48.2282
48.2344
48.3467
48.5521
48.5776
48.7307
49.2819
49.6369
50.0872
51.2647
51.5739
51.6572
51.8262
51.9813
52.4852
52.8626
52.9509
53.1746
53.2756
54.1011
57.6536
58.4444
58.4581
58.4731
58.4778
58.502
58.5591
58.6087
58.6513
58.6593
58.7043
58.7146
58.7659
58.9523
59.1362
59.14
59.1479
59.1702
59.2023
59.2184
59.232
59.2799
59.3364
59.3839
59.4029
59.4107
59.4186
59.5616
59.654
59.788
59.8026
60.0921
60.101
60.2639
60.507
60.5138
60.6465
60.6889
60.7447
60.8624
60.8775
60.8869
60.9812
61.0337
61.0602
61.1026
61.1863
61.1995
61.265
61.2748
61.7517
61.8635
62.1252
62.4244
62.5351
62.6675
62.6783
62.7428
62.7536
62.8654
62.9887
63.0839
63.738
64.1887
64.2217
64.2354
64.3408
64.4918
64.5093
66.49630000000001
70.0185
70.0288
70.03700000000001
70.0429
70.04430000000001
70.0604
70.07080000000001
70.2876
70.3077
70.3235
70.3824
70.6443
70.7878
70.8138
70.82810000000001
70.8338
70.8823
71.4331
71.4748
71.5543
71.5685
71.6251
71.68819999999999
71.6893
71.77200000000001
71.7949
71.8415
71.9883
72.02419999999999
72.0468
72.1174
72.1246
72.1831
72.20440000000001
72.2734
72.39830000000001
72.53959999999999
72.5457
73.155
73.2182
73.27209999999999
73.2869
73.3276
73.4055
73.4896
73.6267
73.64409999999999
73.72790000000001
73.8903
73.9169
73.9667
74.0701
74.23699999999999
74.87350000000001
74.8955
74.9036
74.9177
74.93640000000001
74.9533
74.9692
75.0658
75.0802
75.17749999999999
75.2131
75.23569999999999
75.45959999999999
75.54430000000001
75.5663
75.7381
75.74769999999999
76.0235
76.1075
76.51909999999999
76.56950000000001
76.58280000000001
76.5988
76.61060000000001
76.6328
76.6341
76.6379
76.8575
76.9256
77.7706
81.5813
81.5993
81.6254
81.6272
81.6331
81.6373
81.6425
81.6507
81.7771
81.7886
81.8511
81.9051
81.9247
81.9534
81.9821
82.02849999999999
82.0519
82.0558
82.10250000000001
82.105
82.12779999999999
82.15179999999999
82.1631
82.1895
82.38209999999999
82.3935
82.4084
82.4472
82.4509
82.4623
82.4743
82.53579999999999
82.70050000000001
82.79640000000001
82.8284
82.8545
82.92870000000001
82.9584
82.95950000000001
83.0637
83.1862
83.26349999999999
83.34439999999999
83.47320000000001
83.48650000000001
83.5147
83.5492
83.6374
83.6596
83.6846
83.7099
83.7307
83.7471
83.7989
83.84690000000001
83.8544
83.9958
84.0146
84.1444
84.1661
84.5123
84.5314
84.9187
84.9332
84.9798
85.30200000000001
85.31140000000001
85.4063
85.43129999999999
85.46250000000001
85.4674
85.4883
85.49379999999999
85.5437
85.5505
85.71469999999999
85.77670000000001
85.7788
85.7927
85.7946
85.80029999999999
85.9873
86.1979
86.39919999999999
86.42140000000001
86.4358
86.4777
86.8044
86.8111
86.84180000000001
86.8484
86.9064
86.9221
86.9345
86.9453
86.95480000000001
87.113
87.121
87.12390000000001
87.1306
87.1563
87.1751
87.2133
87.2343
87.2637
87.2683
87.2748
87.3207
87.3412
87.3814
87.3982
87.4325
87.5151
87.66759999999999
87.6686
87.71250000000001
87.79000000000001
87.86539999999999
87.895
87.9106
88.2013
88.21299999999999
88.2178
88.2242
88.242
88.3348
88.3646
88.3815
88.9665
89.545
93.2069
93.21680000000001
93.2222
93.2323
93.2457
93.2954
93.3031
93.3129
93.3215
93.32510000000001
93.32980000000001
93.3719
93.3977
93.4572
93.46210000000001
93.47280000000001
93.48690000000001
93.5089
93.58459999999999
93.6161
93.63500000000001
93.6523
93.6698
93.678
93.7491
93.76990000000001
93.7777
93.7961
93.80889999999999
93.9538
93.95869999999999
93.9629
94.0121
94.0581
94.1281
94.1292
94.13420000000001
94.146
94.1592
94.16840000000001
94.1956
94.20099999999999
94.2359
94.2469
94.2565
94.26009999999999
94.2662
94.2724
94.27719999999999
94.2796
94.3493
94.3587
94.4166
94.4212
94.4725
94.5497
94.5523
94.5701
94.57340000000001
94.6327
94.6528
94.6896
94.7487
94.80240000000001
94.8272
95.03570000000001
95.0437
95.0671
95.1044
95.1815
95.23439999999999
95.3027
95.3145
95.3293
95.3304
95.3476
95.41249999999999
95.43770000000001
95.45780000000001
95.5804
95.5937
95.6046
95.6082
95.6093
95.61150000000001
95.6216
95.6236
95.7059
95.7186
95.8163
95.8272
95.8287
95.85899999999999
95.86709999999999
95.8738
95.8763
95.8917
95.9556
95.9864
96.1165
96.41200000000001
96.4443
96.4967
96.6631
96.6833
96.7141
96.8874
96.89019999999999
96.9778
97.0682
97.1506
97.1866
97.2187
97.2461
97.3098
97.31310000000001
97.3201
97.38590000000001
97.3977
97.41419999999999
97.41840000000001
97.4325
97.4451
97.4802
97.4957
97.5431
97.5737
97.6216
97.6703
97.7266
97.7597
97.8882
97.89019999999999
97.9203
97.94119999999999
98.05110000000001
98.3265
98.3331
98.3593
98.5108
98.5273
98.5368
98.5393
98.59820000000001
98.6263
98.6679
98.69370000000001
98.7086
98.71250000000001
98.7159
98.72709999999999
98.8124
98.864
98.9175
98.9769
98.98699999999999
99.0557
99.0844
99.13679999999999
99.1691
99.1815
99.39109999999999
99.41679999999999
99.4332
99.4538
99.45869999999999
99.5561
99.5911
99.7041
99.7876
99.80159999999999
99.807
100.0528
104.8024
104.8113
104.8131
104.8223
105.0217
105.1507
105.168
105.1802
105.2243
105.2449
105.2488
105.2577
105.3617
105.4151
105.5896
105.5955
105.6046
105.6063
105.6212
105.6227
105.6248
105.6391
105.6635
105.6901
105.7933
105.8208
105.8502
105.95
105.9931
106.0662
106.0778
106.1192
106.1887
106.1913
106.219
106.2282
106.2894
106.3412
106.4883
106.5251
106.75
106.7631
106.7646
106.7978
106.8542
106.8802
106.9144
107.0247
107.1812
107.2037
107.229
107.2347
107.2554
107.35
107.377
107.5383
107.5628
107.5947
107.6096
107.6484
107.664
107.7783
107.7916
107.827
107.841
107.9085
108.1663
108.4302
108.4912
108.724
108.7386
108.7531
108.7747
108.7792
108.9345
109.0281
109.0374
109.0721
109.1427
109.1893
109.2095
109.2548
109.4084
109.5497
109.5778
109.6763
109.7245
109.772
110.1335
110.569
110.8487
110.8705
110.8724
111.1257
111.202
111.3766
111.3793
116.3557
116.3801
116.3835
116.3895
116.5681
116.5697
116.5735
116.5824
116.5914
117.1354
117.1553
117.2443
117.7931
117.8156
118.0039
118.0082
118.01
118.0156
118.0228
118.319
118.3361
119.5473
119.6528
120.0496
120.4519
120.5278
120.7793
120.827
120.9564
120.9848
121.0851
121.2567
121.2834
121.3713
122.4356
122.6077
122.6291
122.949
122.9644
126.8648
127.9481
127.9523
127.9534
127.9569
127.9598
127.9658
127.9745
128.5873
128.8228
128.9496
129.2117
129.2291
129.2433
129.3476
129.4385
129.496
129.5712
129.5787
129.7656
129.7699
129.7868
130.0864
130.5207
131.0559
131.062
131.2401
131.5778
132.0201
132.706
132.8404
133.8558
133.9357
134.2769
134.4211
134.4757
134.552
138.549
139.0691
139.5343
139.5408
139.5468
139.5541
139.5572
139.5892
139.6002
140.1633
140.1676
140.1761
140.1874
140.5686
140.6205
140.9988
141.0308
141.2621
141.2965
141.404
141.4195
141.704
141.7107
141.7181
141.735
141.7833
142.4464
142.5799
142.6667
142.7183
142.8613
143.0371
143.2909
143.5507
143.7318
143.7854
144.0504
144.0639
144.1318
144.3312
144.3701
144.7628
144.8741
144.9782
145.283
145.6623
145.834
146.0452
146.1216
151.1142
151.1226
151.1268
151.1356
151.1381
151.2435
151.2621
151.2894
151.4061
151.4402
151.4926
151.5375
151.6712
151.7395
151.784
151.7884
151.7974
151.8823
151.8919
151.8998
151.9038
152.0085
152.0543
152.0675
152.0782
152.0936
152.2472
152.4239
152.9131
153.0016
153.019
153.0459
153.1363
153.1934
153.3022
153.4196
153.456
153.4792
153.5451
153.5944
153.7932
153.8199
153.856
153.904
154.4196
154.5098
154.6818
154.6853
154.7054
154.7079
155.0702
155.0769
155.0995
155.1483
155.1904
155.196
155.3104
155.3492
155.359
155.3943
155.4072
155.4349
155.4717
155.4887
155.4904
155.722
155.738
156.0839
156.1665
156.4599
156.4841
156.626
156.7249
156.8087
156.9676
157.0212
157.0602
157.1998
157.3814
157.4609
158.0899
158.1117
162.6699
162.6764
162.6818
162.6921
162.6944
162.6958
162.6974
162.6991
162.7018
162.7068
162.7129
162.7185
162.892
162.897
162.9093
162.9215
162.9423
162.9437
162.9918
163.0366
163.0504
163.0822
163.1028
163.1425
163.2693
163.3746
163.4343
163.4449
163.4782
163.4796
163.5191
163.6045
163.6396
163.713
163.7834
163.7929
163.8399
164.2893
164.2991
164.3063
164.338
164.354
164.4228
164.6455
164.7627
164.8157
164.8445
164.8604
164.8727
165.1208
165.1504
165.1797
165.4041
165.4106
165.7966
165.8046
165.9189
165.9493
165.977
166.0078
166.0094
166.0974
166.1508
166.1734
166.2331
166.2535
166.2685
166.2973
166.4958
166.5376
166.5651
166.6468
166.8464
166.9125
166.9366
167.1925
167.2237
167.5104
167.5938
167.6194
167.6286
167.6836
167.7052
167.7322
167.8138
167.8268
167.8798
167.9263
167.9508
167.9738
167.9947
168.0157
168.0243
168.0364
168.0555
168.0718
168.0744
168.1199
168.2763
168.2862
168.333
168.6801
168.7279
168.7383
168.7477
169.0441
169.0529
169.1358
169.1878
169.2512
169.2714
169.2901
169.2941
169.307
169.3116
169.3177
170.0195
170.3071
174.2901
174.2934
174.295
174.3052
174.3083
174.3116
174.4283
174.4589
174.4874
174.5416
174.5426
174.6286
174.6596
174.6674
174.6993
174.7165
174.7195
174.7231
174.7433
174.7533
174.757
174.7767
174.801
174.8352
174.8688
174.9891
174.9968
175.0007
175.038
175.0679
175.1906
175.2887
175.3082
175.4224
175.4618
175.4704
175.4805
175.582
175.6461
175.6796
175.7141
175.7694
175.861
175.894
175.9608
175.9895
175.9987
176.1493
176.1653
176.1687
176.244
176.2568
176.2853
176.2991
176.314
176.3561
176.3858
176.411
176.4344
176.4944
176.5039
176.5275
176.5349
176.5511
176.5867
176.6484
176.7168
176.7753
176.8276
176.9376
176.9729
177.0137
177.0229
177.0444
177.0654
177.0911
177.1948
177.1959
177.2416
177.259
177.2688
177.3594
177.4353
177.5418
177.6165
177.6529
177.6732
177.8504
177.8602
177.8613
177.8816
177.9868
178.0426
178.0493
178.053
178.065
178.0869
178.1121
178.1238
178.1339
178.2411
178.2741
178.2797
178.2826
178.43
178.4369
178.4417
178.4878
178.7562
178.846
178.9318
178.9626
179.0436
179.0593
179.0607
179.2123
179.2419
179.2622
179.2978
179.5197
179.5746
179.5999
179.7315
179.7408
179.7497
179.7583
179.772
179.8182
179.8646
179.8678
179.9044
179.9601
180.0245
180.1342
180.2771
180.325
180.354
180.3845
180.5523
180.5646
180.662
180.7288
180.764
180.8238
180.887
180.8925
180.8977
181.0125
181.0281
185.8692
185.8806
185.8832
185.8872
185.8969
185.9167
185.9639
186.0014
186.0862
186.1075
186.1133
186.1812
186.2324
186.3962
186.4597
186.5146
186.5215
186.5397
186.5415
186.5493
186.5537
186.606
186.6083
186.6199
186.6339
186.6478
186.6817
186.7714
186.7839
186.9056
186.9737
187.0046
187.0178
187.1159
187.5024
187.7973
187.805
187.946
187.9544
188.0657
188.0715
188.0745
188.1478
188.1711
188.2508
188.3351
188.3932
188.4124
188.4236
188.473
188.4981
188.504
188.5486
188.5585
188.5931
188.619
188.6674
188.6686
188.6791
188.7289
188.7697
188.7794
188.8062
188.8513
189.0493
189.0634
189.0904
189.319
189.3345
189.3408
189.5507
189.6091
189.6943
189.712
189.7724
189.7946
189.83
189.8485
189.8884
189.9301
189.9697
189.9742
189.9843
190.0744
190.0821
190.0873
190.0895
190.1194
190.1237
190.1354
190.1452
190.1611
190.2154
190.4466
190.4963
190.5052
190.5704
190.7363
190.7493
190.7557
190.762
190.7784
191.0399
191.0835
191.1696
191.2601
191.2845
191.2908
191.2972
191.3038
191.3092
191.326
191.4265
191.4854
191.5646
191.5711
191.6013
191.6135
191.6286
191.645
191.7447
191.752
191.7564
191.782
191.8642
191.8725
191.8778
191.9373
191.9486
191.9802
192.0058
192.0564
192.0674
192.1193
192.1956
192.283
192.4803
192.4906
192.4999
192.6868
193.5274
194.7123
197.4942
197.6054
197.6233
197.6362
197.6717
197.6851
197.6979
197.7488
197.7512
197.7579
197.7594
197.7949
197.8095
197.886
197.9304
197.9464
198.0092
198.0991
198.1678
198.1819
198.199
198.2612
198.2807
198.3199
198.3542
198.3555
198.4753
198.5042
198.6622
198.6632
198.7448
198.7815
198.8193
198.8248
199.0829
199.103
199.8726
199.9076
199.924
200.1914
200.219
200.2566
200.3091
200.4562
200.4966
200.5358
200.6532
200.7924
200.8389
200.9701
200.979
200.993
201.0123
201.253
201.2636
201.2865
201.3207
201.4305
201.5112
201.6352
201.6465
201.6865
201.8115
201.8235
201.8402
201.917
201.9197
202.0049
202.145
202.1955
202.2576
202.2627
202.3296
202.4543
202.4931
202.6241
202.7274
202.7339
203.0061
203.0927
203.1206
203.2381
203.2639
203.462
203.4676
203.5361
203.5608
203.579
203.7469
204.0469
209.0312
209.0332
209.0485
209.0517
209.0555
209.0856
209.2266
209.2438
209.2495
209.2835
209.8564
210.0837
210.2569
210.3584
210.4525
210.5638
210.6309
210.6372
210.6476
210.7654
210.7711
210.7798
210.8422
211.5786
211.83
211.8686
211.9736
212.3691
212.4554
212.5374
212.5431
212.5539
213.1786
213.4879
213.9473
213.9883
214.0216
214.3169
214.3469
214.5178
214.9929
215.049
215.4266
215.6052
218.6518
220.6225
220.6243
220.6295
220.6368
221.4858
221.5427
221.7448
224.8828
224.9908
225.0425
225.1155
225.2264
225.2525
225.4664
225.5508
226.5082
226.5804
226.6816
226.9535
226.9713
227.1031
227.6543
232.1962
232.2112
232.2163
232.221
232.2312
232.2758
232.3626
232.6362
232.7544
232.8612
232.8665
232.8886
232.9168
232.9724
233.2135
233.624
233.7785
234.3193
234.6549
234.6774
234.7283
235.1932
235.2515
235.2627
235.341
235.5815
235.6668
235.679
235.9307
236.0922
236.9548
237.0132
237.1656
237.6557
237.6969
237.7067
237.8116
238.293
238.4716
238.483
238.5857
240.7635
242.3848
243.7824
243.791
243.8083
243.8168
243.8189
243.908
243.9809
244.223
244.2931
244.3729
244.5227
244.5367
244.5991
244.6152
244.7502
244.8409
244.9107
245.1191
245.1265
245.2425
245.5024
245.5083
245.5172
246.0406
246.0481
246.0539
246.1431
246.1734
246.383
246.4218
246.4849
246.5751
247.0637
247.1089
247.1792
247.3269
247.3881
247.3897
247.3953
247.4168
247.4402
247.7506
247.7885
247.8142
247.8371
247.8676
248.0375
248.0718
248.1317
248.2008
248.4121
249.1156
249.1341
249.2786
249.3791
249.4006
249.4576
249.4799
249.5534
249.82
249.8678
249.9172
250.3297
250.3434
251.0565
255.3441
255.3672
255.3751
255.3819
255.3873
255.3976
255.5149
255.6085
255.6379
255.6654
255.7348
255.7426
255.7531
255.7768
255.8428
255.8539
255.8986
256.1573
256.2431
256.2613
256.4786
256.7915
256.9591
257.0632
257.1837
257.3519
257.3619
257.4177
257.474
257.4947
257.5592
257.7229
257.821
258.1867
258.2047
258.2186
258.2464
258.4105
258.4339
258.4815
258.5158
258.6055
258.6393
258.7008
258.7962
258.8877
258.9142
258.9791
258.9858
258.9964
259.017
259.0926
259.294
259.3759
259.6113
259.9317
260.11
260.3197
260.3758
260.4079
260.4257
260.4815
260.5352
260.6188
260.6284
260.6593
260.7824
260.8162
260.8207
260.8769
260.9203
260.9445
260.9659
261.0878
261.0968
261.2254
261.2797
261.2939
261.3266
261.4674
261.618
261.7716
261.8884
261.8953
261.9023
266.938
266.9611
266.9683
266.9724
266.9849
266.9965
267.0896
267.1148
267.1219
267.3139
267.349
267.354
267.3676
267.3686
267.3845
267.4065
267.4196
267.4334
267.4625
267.4951
267.5016
267.5251
267.5369
267.6303
267.6373
267.663
267.666
267.6823
267.6944
267.7014
267.7093
267.7616
268.0835
268.1462
268.1627
268.179
268.1903
268.2132
268.4291
268.4663
268.6367
268.6889
268.88
268.909
268.9397
268.9712
269.0425
269.0617
269.099
269.1419
269.1636
269.2262
269.2279
269.3102
269.3316
269.3798
269.388
269.575
269.5891
269.6354
269.7864
269.8456
269.8691
269.895
269.9309
270.0061
270.0118
270.0249
270.06
270.2666
270.2829
270.2911
270.3001
270.5228
270.5239
270.5458
270.5523
270.6742
270.7108
270.7328
270.7839
270.7864
270.7919
270.7993
270.8868
270.8936
270.9165
271.0683
271.0878
271.4746
271.5484
271.6608
271.6805
271.8465
271.999
272.0132
272.0516
272.2236
272.283
272.3135
272.3634
272.4079
272.4321
272.4908
272.5403
272.569
272.5837
272.6426
272.8171
272.9553
272.9652
273.0278
273.1322
273.1572
273.2355
273.2432
273.2785
273.3604
273.3675
273.5343
273.5368
273.5431
273.5561
273.5638
273.5776
273.7077
273.7121
278.5148
278.5338
278.5351
278.5549
278.5693
278.5977
278.6117
278.6631
278.6685
278.6712
278.6895
278.755
278.7628
278.8494
278.8851
278.908
278.9942
279.1378
279.1418
279.1498
279.1731
279.1755
279.1905
279.211
279.2227
279.2455
279.2538
279.3296
279.3398
279.3602
279.437
279.456
279.5057
279.5267
279.6014
279.6361
279.6502
279.6563
279.6737
279.6835
279.8151
279.834
279.8455
279.9209
279.9327
280.0418
280.0866
280.1073
280.1767
280.3064
280.3455
280.4227
280.5021
280.6344
280.6501
280.6705
280.6809
280.7066
280.8325
280.8406
280.8923
280.9094
280.9284
280.9359
280.9403
280.9589
280.962
280.9721
280.9874
281.0701
281.0881
281.0899
281.0943
281.2135
281.2157
281.2305
281.3671
281.4113
281.5445
281.7127
281.7553
281.8296
281.9928
282.0011
282.2142
282.2409
282.2563
282.2713
282.3432
282.4138
282.435
282.4912
282.5326
282.563
282.5872
282.5998
282.6109
282.6278
282.6447
282.6856
282.7223
282.7497
282.7639
282.7768
282.8025
282.9347
282.9433
282.9626
282.9927
283.0191
283.2239
283.3279
283.3855
283.3921
283.6181
283.8809
284.1026
284.1758
284.18
284.1963
284.2081
284.2192
284.3328
284.3623
284.381
284.434
284.4419
284.4676
284.4892
284.5092
284.5196
284.5531
284.5684
284.5988
284.6085
284.6231
284.6375
284.6631
284.706
284.72
284.7372
284.7522
284.7584
284.7597
284.7663
284.7736
284.7938
284.9054
284.9137
284.9974
285.0257
285.1308
285.1471
285.1553
285.2858
285.299
289.8048
290.1264
290.1394
290.1598
290.2726
290.3129
290.3162
290.4116
290.4649
290.4676
290.4873
290.5047
290.5967
290.7607
290.7658
290.8677
290.8997
290.9116
290.9508
290.9971
291.0638
291.2604
291.2615
291.2628
291.3725
291.3747
291.4176
291.5327
291.5461
291.5823
291.7346
291.7479
291.7731
291.7809
292.0435
292.0976
292.3178
292.3697
292.3792
292.3875
292.4395
292.4924
292.5396
292.6709
292.7275
292.8396
292.8665
292.8733
292.8983
292.9505
292.9921
293.0055
293.0095
293.0729
293.2075
293.2317
293.384
293.42
293.5755
293.7227
293.73
293.7923
293.8837
293.9024
294.0278
294.0898
294.133
294.1387
294.1964
294.2683
294.4925
294.5322
294.5351
294.5508
294.5582
294.5643
294.5665
294.5748
294.5863
294.5946
294.6899
294.7442
294.7618
294.7846
294.8427
294.927
295.122
295.1325
295.3133
295.335
295.3556
295.5582
295.5599
295.5772
295.6398
295.8386
295.9731
295.9769
296.0019
296.0433
296.1515
296.2466
296.2891
296.2981
296.4421
296.4501
296.4598
296.4699
296.4773
296.6652
296.6949
296.7108
296.7216
299.0682
301.2023
301.7097
301.7139
301.7677
301.8807
301.9021
301.9125
302.0482
302.0537
302.6749
302.676
303.0446
303.2496
303.275
303.2787
303.2834
303.324
303.3763
303.5528
303.7238
304.4694
304.6169
304.7977
305.2122
305.2278
305.7982
306.4203
306.6373
306.647
306.6764
306.6814
306.6939
306.7276
307.081
307.3735
307.4434
307.9234
307.9436
308.1484
313.2812
313.2837
313.2851
313.2897
313.2913
313.2978
313.3036
313.3079
313.3122
313.32
313.4964
314.1877
314.317
314.3595
314.3628
314.662
314.9178
315.3471
315.639
315.647
315.9875
317.6804
317.7938
318.0264
318.1438
318.175
318.2573
318.5723
318.9567
319.7336
319.8465
324.8733
324.8797
324.8837
324.8928
324.9026
324.9058
324.9271
325.4511
325.4593
325.463
325.4688
325.4844
325.5167
326.0203
326.0465
326.2195
326.3282
326.3909
326.6307
327.2963
327.3936
328.2305
328.2938
328.6187
328.6297
328.6761
328.8362
328.9918
329.0161
329.3964
329.4782
329.5811
329.6253
329.6522
329.7727
330.3382
330.3434
330.353
330.7879
331.3017
331.3402
332.6455
334.0887
336.4637
336.4665
336.4694
336.4781
336.4899
336.6208
336.6387
336.6427
336.7378
336.9228
337.0706
337.0897
337.1467
337.1957
337.2153
337.2182
337.2281
337.2397
337.2658
337.2974
337.4082
337.513
337.5307
337.5731
337.7614
337.7841
338.1289
338.1564
338.2489
338.3425
338.6615
338.8222
338.8251
338.8943
339.0405
339.0732
339.1208
339.3341
339.3629
339.4295
339.6819
339.8393
340.0626
340.0889
340.2138
340.3891
340.4588
340.5039
340.8934
340.9347
341.4728
341.5445
341.7587
341.7666
341.7726
341.8119
341.8175
341.9208
342.1091
342.1682
342.2408
342.331
342.3517
342.4534
342.4831
342.4945
342.5056
344.0397
348.0368
348.0689
348.0733
348.2063
348.3117
348.3862
348.413
348.4658
348.5397
348.6503
348.7294
348.7344
348.785
348.7957
348.8724
348.9368
349.13
349.2356
349.436
349.456
349.4575
349.5065
349.5501
349.6352
349.7211
349.8114
349.8558
350.0103
350.0515
350.0535
350.0603
350.0802
350.1042
350.302
350.3953
350.805
351.052
351.0777
351.2046
351.2315
351.3143
351.3358
351.4813
351.4934
351.636
351.9434
352.0197
352.0329
352.215
352.382
352.5979
352.6695
352.7138
352.7239
352.8958
352.9092
352.9406
352.9539
352.9832
353.0292
353.0756
353.1139
353.2527
353.2675
353.2965
353.3516
353.5657
353.5715
353.5851
353.6642
353.6805
353.7182
353.8695
354.3064
354.3529
354.4322
354.6369
354.6409
354.6449
354.6496
354.7879
354.8058
355.4999
358.0907
359.6002
359.6157
359.623
359.6305
359.6339
359.6365
359.6394
359.6408
359.645
359.6514
359.7564
359.7892
359.7957
359.817
359.8388
359.9025
360.0211
360.0479
360.0648
360.086
360.1102
360.1156
360.118
360.1369
360.1521
360.1643
360.1804
360.2123
360.2977
360.3493
360.3591
360.3696
360.3778
360.4149
360.4933
360.5789
360.6083
360.7097
361.0744
361.1108
361.2578
361.3121
361.3516
361.4007
361.4103
361.5631
361.5647
361.5721
361.6189
361.7075
361.7505
361.7878
361.8013
361.8127
361.833
362.0008
362.0206
362.2879
362.6971
362.8653
362.8673
363
363.1049
363.182
363.189
363.2692
363.3063
363.3331
363.43
363.4314
363.5064
363.5795
363.6031
363.6337
363.6505
363.6834
363.702
363.9016
363.9774
364.102
364.2022
364.6432
364.652
364.7273
364.8925
364.9715
364.9853
365.0235
365.0563
365.1252
365.1311
365.1497
365.159
365.1867
365.3235
365.3817
365.4419
365.7979
366.2207
366.4426
368.8214
368.9688
371.2115
371.224
371.2643
371.2972
371.3744
371.4159
371.4682
371.5456
371.6142
371.6412
371.7104
371.8279
371.8657
371.8881
371.9297
371.9454
371.9876
372.0136
372.069
372.1444
372.2678
372.2694
372.3578
372.3636
372.4181
372.4641
372.4805
372.4855
372.578
372.6031
372.7453
372.7467
373.2289
373.2932
373.3059
373.3624
373.4355
373.5271
373.5347
373.5368
373.5545
373.5939
373.694
373.7351
373.7511
373.7558
373.7583
373.765
373.8232
373.8692
373.8905
373.9471
373.9595
373.9759
373.983
374.0376
374.0627
374.2738
374.3421
374.3793
374.4407
374.4897
374.6843
374.6964
374.711
374.7188
374.9491
374.9869
375.0023
375.0056
375.0765
375.2196
375.3357
375.3861
375.4096
375.425
375.4514
375.4705
375.4827
375.5007
375.533
375.6098
375.6158
375.6513
375.6936
375.8003
376.0572
376.1014
376.2071
376.2323
376.3831
376.3969
376.4187
376.4368
376.4466
376.6884
376.6986
376.7849
376.805
376.8173
376.8262
376.8392
376.8556
376.9043
376.9473
376.9527
377.0324
377.1
377.1151
377.1414
377.238
377.3894
377.4882
377.8077
377.8161
377.9595
382.7867
382.7899
382.8095
382.8109
382.8269
382.8557
382.8801
382.9495
383.0366
383.1969
383.3617
383.5058
383.6819
383.6936
384.032
384.0678
384.2284
384.2493
384.2662
384.2807
384.2937
384.3432
384.3784
384.7425
385.0339
385.0888
387.7463
387.7545
387.7592
387.7602
387.7652
387.9265
387.9618
388.9925
389.2179
390.5247
390.5979
392.7233
392.7345
392.7371
394.5505
394.6478
395.1204
395.618
397.6833
397.6943
397.6977
397.6996
397.7015
397.7055
397.7189
397.7402
397.7468
397.7606
397.7928
398.3232
398.6195
399.0891
399.2601
399.4157
399.5785
399.7795
402.6509
402.6705
402.6729
402.686
402.7053
402.7161
402.7992
402.842
402.9321
402.9919
403.1637
403.1729
403.2454
403.2597
403.3599
403.372
403.5374
403.778
403.9849
404.2383
404.545
404.6039
404.738
404.9423
404.979
405.0121
405.1189
405.2147
407.6686
407.67
407.6737
407.6867
407.6954
407.7077
407.7214
407.7446
407.7788
407.8133
407.9328
407.9722
408.1767
408.214
408.2205
408.3539
408.483
408.7544
408.8654
408.8941
409.1117
409.1236
409.1377
409.1674
409.3876
409.5736
409.5806
409.6165
409.6747
409.8408
409.869
409.8859
410.1045
410.1123
410.1193
410.151
410.1975
410.3305
410.3435
410.3548
410.377
410.4123
412.5806
412.5897
412.5931
412.6189
412.6325
412.6638
412.6995
412.71
412.7124
412.7465
412.7614
412.8928
412.9723
412.9874
413.1592
413.2293
413.2318
413.2399
413.374
413.3956
413.4085
413.7246
413.7298
413.89
413.9423
414.1886
414.417
414.454
414.4782
414.6679
414.7299
414.7616
414.773
414.855
414.8957
414.9649
414.9777
415.4965
417.543
417.5473
417.5533
417.5547
417.5557
417.5629
417.5694
417.5707
417.5737
417.5867
417.5949
417.6023
417.6181
417.6227
417.6583
417.6608
417.6766
417.7123
417.7138
417.7744
417.7819
417.7924
417.8541
417.9385
417.9552
418.245
418.3944
418.5916
418.6534
418.6652
418.6865
418.7006
418.7201
418.8447
418.9468
418.9594
419.122
419.3341
419.3881
419.4985
419.6022
419.844
419.8717
419.8729
419.902
420.1432
420.2457
420.2651
420.3983
420.4065
420.4214
420.7886
422.5217
422.54
422.543
422.5544
422.593
422.5944
422.6356
422.7799
422.8293
423.009
423.0411
423.2384
423.2811
423.363
423.4654
423.53
423.7254
423.7326
423.9897
424.0157
424.099
424.2638
424.2824
424.7517
424.9921
424.9988
425.0035
425.0055
425.0183
425.3045
427.4694
427.474
427.4808
427.4827
427.4985
427.6691
427.6979
427.7265
427.8853
427.9469
428.4081
428.4992
428.5465
428.9962
429.4608
429.4729
429.9892
430.2512
430.4037
432.4386
432.4601
432.5223
432.5771
432.6487
432.8133
433.2566
433.375
433.6039
434.1068
434.6259
434.8766
435.1109
435.1502
435.2941
436.7117
437.4097
437.4137
437.4209
437.4307
437.4608
437.6033
437.6716
437.9208
438.0288
439.0311
439.8859
439.991
440.0262
440.2683
440.5738
442.3727
442.3812
442.3828
442.5782
442.7741
443.1156
443.2182
443.3806
443.4751
443.7196
443.8992
444.1545
444.1981
444.2428
444.4121
444.4494
444.6126
444.6202
444.7036
444.909
444.9314
444.9869
445.1308
445.2078
445.2417
445.7699
446.1317
447.3807
447.3845
447.3926
447.4011
447.4109
447.4159
447.4171
447.4291
447.432
447.445
447.4487
447.4506
447.4575
447.4862
447.6473
447.6849
447.8537
447.9324
448.3333
448.348
448.6645
448.8442
449.0783
449.0915
449.1011
449.3287
449.3431
449.3956
449.5736
449.5868
449.6036
449.8498
449.8645
450.045
450.0703
450.1974
452.2983
452.3033
452.3078
452.3089
452.312
452.3279
452.3312
452.3424
452.3491
452.3539
452.3804
452.3823
452.436
452.4542
452.4707
452.4758
452.5951
452.63
452.6499
452.6602
452.6702
452.6981
452.7045
452.7071
452.918
452.9305
452.9319
452.9484
453.1453
453.1868
453.197
453.2048
453.4042
453.4546
453.6362
453.6731
453.8203
454.0794
454.1992
454.2137
454.2332
454.3707
454.4361
454.4512
454.6557
454.6915
454.8162
454.9122
454.9264
455.1266
455.1618
456.6012
457.2486
457.2661
457.2685
457.2719
457.2776
457.2816
457.2896
457.2991
457.337
457.3438
457.3528
457.3574
457.362
457.3787
457.438
457.5075
457.5574
457.5623
457.7951
457.8141
457.835
457.8672
457.9328
458.0785
458.156
458.1626
458.1731
458.1777
458.1815
458.3784
458.4077
458.4421
458.5986
458.8123
458.8586
458.8893
458.9205
458.9606
459.0055
459.0657
459.0905
459.1035
459.1645
459.2468
459.3215
459.3934
459.4099
459.4344
459.4759
459.482
459.5702
459.6111
459.6586
459.7003
459.8103
459.8692
459.8795
459.8956
459.9221
459.9871
460.0853
460.0989
460.1156
460.1883
460.2031
461.5365
462.2222
462.233
462.2471
462.2525
462.2593
462.2822
462.3075
462.3292
462.3322
462.3639
462.3659
462.5122
462.8726
463.0481
463.4473
463.4738
463.5308
463.5467
463.7001
464.0169
464.1175
464.4679
464.524
464.6097
464.73
464.7935
464.9776
464.9953
466.4799
466.6846
467.1891
467.1906
467.1919
467.195
467.1976
467.2035
467.2065
467.2175
467.3669
467.3708
467.4578
467.5402
467.9136
468.4608
468.8715
468.9655
469.2107
469.2305
469.4097
469.6362
469.6786
469.838
472.1651
472.178
472.1802
472.1861
472.2061
472.2583
474.0768
475.0722
477.1172
477.1392
477.1663
477.1749
477.2194
477.223
479.2106
479.2738
479.532
479.6024
482.1184
482.1559
482.1674
482.2059
482.2331
482.3131
482.3364
482.3499
482.3654
482.507
482.806
482.9438
483.0691
483.1869
483.5457
483.625
483.6589
483.7966
483.9638
484.0544
484.1546
484.5319
484.5698
484.6675
484.8296
485.2533
485.2735
487.0384
487.0526
487.0643
487.0662
487.0755
487.0976
487.1188
487.1296
487.1354
487.1549
487.1561
487.1822
487.1936
487.2164
487.8734
488.0966
488.3489
488.4055
488.5479
488.8069
488.9655
489.0396
489.0504
489.2885
489.3587
489.5284
489.531
489.8091
489.8983
489.9048
492.0184
492.0239
492.0397
492.0446
492.0667
492.0712
492.1141
492.1324
492.2068
492.2129
492.2707
492.4088
492.6204
492.6289
492.6561
492.7205
492.8243
492.8911
493.0645
493.1712
493.3582
493.4327
493.6721
493.8978
493.9417
494.1111
494.1252
494.1414
494.1538
494.2174
494.3173
494.404
494.4053
494.4471
494.4783
494.4875
494.6
494.6552
494.6924
494.8091
494.8998
494.9182
496.9818
496.9868
496.9889
496.9923
496.996
496.9971
496.9999
497.0036
497.0051
497.0108
497.0399
497.0518
497.0531
497.0716
497.1107
497.1263
497.1363
497.1467
497.17
497.1741
497.191
497.2455
497.2733
497.3272
497.3998
497.4107
497.4885
497.5601
497.585
497.5969
497.624
497.7802
497.8119
497.8347
497.8727
497.9336
498.0155
498.1007
498.2653
498.2733
498.4651
498.6652
498.7235
498.9724
499.0435
499.0687
499.0938
499.1375
499.2974
499.3309
499.4258
499.4957
499.5632
499.6413
499.8093
499.8337
499.8679
499.8876
501.9614
501.9672
501.9684
501.9903
501.9918
502.0448
502.0832
502.4364
502.9377
503.0743
503.1819
503.6318
503.6755
503.727
503.9656
504.2263
504.305
504.3849
504.4563
504.623
504.6647
504.6835
504.6986
506.9059
506.9148
506.932
506.9425
506.9482
507.0027
507.1173
507.7366
508.2073
508.5765
509.3742
509.6642
509.8223
511.2026
511.7875
511.907
511.9468
512.2471
512.763
512.7652
513.1075
513.2821
514.046
514.7513
516.2433
516.4780000000001
516.8507
517.16
517.4744000000001
517.705
517.9943000000001
518.0898
519.1037
519.2517
519.4772
519.7754
521.8069
521.8157
521.8341
521.8398
521.8412
521.8597
521.9247
521.9775999999999
521.9879
521.9956
522.1558
522.2415
522.2606000000001
522.4437
522.6537
522.7209
522.9159999999999
523.1385
523.1616
523.3864
523.6511
523.8126
523.9826
524.2661000000001
524.3832
524.7084
524.7263
526.7954
526.8174
526.8341
526.8486
526.8554
526.9189
526.9273000000001
527.0521
527.0967000000001
527.1969
527.235
527.3751
527.3942
527.5334
527.6614
527.6964
527.7732
528.2704
528.2825
528.3018
528.3855
528.5206000000001
528.5384
528.6965
528.7788
528.7942
529.0072
529.0858000000001
529.5044
531.7209
531.7263
531.7309
531.732
531.7526
531.7628999999999
531.7767
531.7809999999999
531.7898
531.846
531.8556
531.8901
531.9176
531.9452
531.9742
532.0375
532.0946
532.0971999999999
532.1130000000001
532.1349
532.1589
532.2074
532.2779
532.332
532.3875
532.5734
532.6073
532.6224999999999
532.6329000000001
532.8492
532.9117
533.0909
533.1161999999999
533.2879
533.361
533.3656
533.3751999999999
533.3771
533.3964
533.5409999999999
533.638
533.8239
534.1364
534.1473
534.3602
534.3705
534.4267
534.6341
535.7882999999999
536.6887
536.6938
536.7035
536.7052
536.7248999999999
536.7578
536.7651
536.7721
536.7814
536.7854
536.7903
536.7959
536.9571
536.976
537.0246999999999
537.0261
537.0492
537.0663
537.0721
537.1003000000001
537.1159
537.1562
537.2296
537.289
537.4027
537.4174
537.5969
537.6748
537.7221999999999
537.8238
537.98
538.0762
538.0951
538.1888
538.2351
538.2538999999999
538.3332
538.3347
538.3751999999999
538.3977
538.4077
538.6937
538.7496
538.756
538.7712
538.8199999999999
538.8211
538.9857
539.0123
539.0489
539.1119
539.4872
539.5882
540.2067999999999
542.9635000000001
