0.1165
7.8701
11.7408
12.1405
12.1659
12.2223
12.2661
12.5903
12.8149
12.8442
13.0377
13.2196
13.2291
13.2423
13.2561
13.2752
13.5668
14.1622
14.1854
14.4187
14.5178
14.8379
14.8517
14.8791
14.9529
14.9795
15.0032
15.7201
15.9009
15.9242
16.0708
16.4271
16.457
16.4667
16.4803
16.8069
17.3296
17.4766
17.6237
17.6614
17.7123
18.0527
18.1149
18.1692
18.2453
18.8327
18.8913
19.4354
20.9365
23.6976
23.717
23.7426
23.8932
23.9031
23.9661
24.0824
24.1416
24.1962
24.237
24.6342
25.4559
26.8729
27.4292
27.4621
28.2926
32.3437
35.3019
35.9969
36.0163
39.869
46.9273
47.0983
47.1805
47.812
48.0069
48.0729
48.4265
48.6911
49.3733
58.4596
58.4674
58.4814
58.611
58.6216
58.6298
58.6485
58.6635
58.6845
58.7233
58.7462
58.7995
58.821
58.861
59.0622
59.7098
59.9382
59.9523
59.995
60.0743
60.1531
60.1775
60.253
60.2912
60.3149
60.3531
60.3732
60.4511
61.3204
61.4106
61.4336
61.6001
61.7334
61.7581
61.8704
61.8835
61.8989
61.9232
63.6489
63.6926
65.0504
70.0411
70.0526
70.0765
70.10290000000001
70.2915
70.36969999999999
70.477
70.5539
70.6335
70.758
70.7728
70.77679999999999
70.783
70.79089999999999
70.8047
70.81440000000001
70.828
70.8421
70.8832
70.9101
70.9555
70.9862
71.00109999999999
71.0239
71.0526
71.14490000000001
72.1473
72.1617
72.19070000000001
72.2075
72.2281
72.23869999999999
72.2552
72.2818
72.32210000000001
72.3395
72.38420000000001
72.39109999999999
72.3991
72.40940000000001
72.4331
72.4485
72.5106
72.5548
72.6451
72.6935
73.6183
73.8293
73.8383
73.8526
73.8629
73.89960000000001
73.91370000000001
73.9337
73.9473
73.9742
74.0288
74.0523
74.068
74.1159
74.1272
74.16370000000001
74.1944
74.2223
74.25790000000001
74.2727
74.28489999999999
74.32729999999999
74.73739999999999
74.9499
75.2238
75.36539999999999
75.3871
75.3995
75.5093
75.5646
75.5806
75.5971
75.61709999999999
75.6331
75.64700000000001
75.6819
75.69370000000001
75.7171
75.7247
75.7351
75.77070000000001
75.79949999999999
75.8104
75.8295
75.8656
75.908
75.9395
76.0415
76.9152
76.97839999999999
81.6319
81.6474
81.6729
81.70950000000001
81.7406
81.82729999999999
81.8424
81.8977
81.96420000000001
81.9898
82.1129
82.1258
82.1422
82.1581
82.1694
82.18429999999999
82.1942
82.2072
82.2454
82.37390000000001
82.4881
82.49809999999999
82.50960000000001
82.5166
82.5256
82.5701
82.6493
82.6615
82.6808
83.43600000000001
83.4532
83.4933
83.5149
83.5545
83.5667
83.5797
83.7221
83.7499
83.7731
83.8408
83.8687
83.9038
83.9746
84.0908
84.1392
84.1996
85.2089
85.24630000000001
85.26179999999999
85.2664
85.27849999999999
85.29519999999999
85.426
85.4414
85.4659
85.5466
85.5611
85.5882
85.60339999999999
85.7182
85.7508
85.7655
85.8357
85.8488
85.85890000000001
86.7064
86.7745
86.7864
86.8597
86.8916
87.008
87.03919999999999
87.10809999999999
87.1302
87.1824
87.2008
87.22580000000001
87.23869999999999
87.3361
87.371
87.3891
87.40300000000001
87.4127
87.48699999999999
88.23820000000001
88.3447
88.35209999999999
93.2148
93.2209
93.3438
93.3587
93.3802
93.4058
93.4974
93.6413
93.6567
93.6814
93.77419999999999
93.93810000000001
94.1657
94.2046
94.2474
94.44329999999999
94.4885
94.5133
94.56
94.5977
94.6455
94.6656
94.68380000000001
94.7761
94.7906
94.82089999999999
95.1208
95.2923
95.6645
95.8537
95.9153
96.1007
96.11109999999999
96.1255
96.1378
96.16030000000001
96.1746
96.20399999999999
96.2741
96.30410000000001
96.31740000000001
96.38639999999999
96.41
96.5551
96.59229999999999
96.9045
96.9208
96.92529999999999
97.0359
97.05329999999999
97.23950000000001
97.4053
97.5646
97.62869999999999
97.7619
97.7756
97.7891
97.8272
97.9104
97.9234
98.0223
98.0568
98.0916
98.3917
98.4224
98.4943
98.6181
98.6491
98.6537
98.6759
99.1185
99.1844
99.3896
99.40260000000001
99.404
99.4104
99.42149999999999
99.43259999999999
99.4641
99.486
99.5018
99.5538
99.61360000000001
99.6755
99.7098
99.7696
99.79340000000001
104.8287
105.0066
105.1337
105.1685
105.3785
105.532
105.5825
105.6195
105.8036
105.8215
105.8872
106.1912
106.7259
106.7454
106.7986
107.0813
107.2924
107.417
107.51
107.5333
108.3525
108.3867
108.5622
108.67
108.6894
108.7256
108.8871
109.0096
109.0687
109.1539
109.2163
110.0484
110.1774
110.1983
110.3413
110.5132
110.6678
116.3714
116.3848
116.5289
116.5714
116.5974
116.6453
116.7344
116.7639
116.8392
117.3495
118.0687
118.1877
118.9585
120.988
121.8414
127.9878
128.6957
128.875
129.3656
129.4097
131.0489
133.7485
139.3822
139.565
139.7188
139.9607
139.9811
140.2374
141.035
142.002
142.3921
142.7178
143.4807
144.214
144.3991
145.0299
145.247
146.0761
146.1056
151.1443
151.2641
151.2746
151.2833
151.2958
151.3482
151.3687
151.4119
151.4667
151.4756
151.4852
151.5096
151.5938
152.3241
152.3385
152.3666
152.3841
152.5825
152.6163
152.8147
152.8462
152.8664
152.8791
152.9432
152.9981
153.0254
153.0423
153.0651
153.1284
153.8772
153.9375
153.9841
154.0113
154.263
154.3102
154.3478
154.4883
154.5432
154.5855
154.6138
154.6501
154.6774
154.7486
155.6601
155.6801
155.8502
155.9807
156.1281
156.1485
156.1987
156.2257
156.284
156.3051
156.3492
156.3769
156.3992
157.203
157.2266
157.247
157.2773
157.4281
157.5911
157.6564
157.7287
162.7196
162.7299
162.7434
162.7692
163.1556
163.1731
163.1857
163.1929
163.2109
163.2649
163.3555
163.4325
163.4398
163.4508
163.4622
163.5104
163.5283
163.5519
163.5834
163.6417
163.6754
163.7406
163.7792
164.3297
164.7263
164.7412
164.7602
164.8344
164.895
164.9029
164.9145
164.9383
164.9596
165.0397
165.0513
165.0794
165.0936
165.1303
165.1426
165.165
165.2584
165.2993
165.3976
165.4111
165.4531
166.4766
166.4895
166.4964
166.5019
166.5084
166.5198
166.5418
166.5789
166.593
166.6145
166.6626
166.694
166.7099
166.7307
166.7521
166.789
166.8097
166.8228
166.8431
166.8604
166.9023
166.9192
166.9644
166.9816
167.0074
167.0623
167.9413
168.0527
168.1848
168.1956
168.2213
168.2296
168.2378
168.2528
168.2773
168.3263
168.3327
168.3433
168.3705
168.3931
168.4091
168.4288
168.4694
168.4961
168.5419
168.5631
168.6299
168.6537
168.7961
169.4888
174.2822
174.3007
174.3214
174.3712
174.4177
174.486
174.5113
174.5747
174.6357
174.6565
174.6889
174.7817
174.7938
174.8118
174.8367
174.8584
174.8687
174.8949
174.9439
175.0479
175.0735
175.0959
175.1524
175.1629
175.1739
175.1821
175.2063
175.2557
175.2654
175.2862
175.3031
175.4837
176.1032
176.1205
176.2665
176.2851
176.357
176.3917
176.472
176.4948
176.5156
176.5406
176.6037
176.6305
176.647
176.6904
176.693
176.7075
176.753
176.8065
176.8177
176.9784
176.99
177.0132
177.7515
177.7712
177.805
177.8966
177.9408
178.0112
178.0466
178.0574
178.0728
178.1295
178.2224
178.237
178.2867
178.3382
178.3628
178.4939
178.5034
178.5157
178.5724
179.405
179.473
179.5195
179.5478
179.5985
179.6267
179.6466
179.7602
179.7861
179.7951
179.8044
179.8375
179.8764
179.9003
179.9808
180.0155
180.1208
180.1317
180.1459
180.1896
180.3312
180.568
180.8937
181.0531
181.2126
185.88
185.8887
185.897
185.9889
185.9996
186.0121
186.0398
186.0547
186.0928
186.1188
186.1349
186.3224
186.3765
186.5133
186.5301
186.624
186.818
186.8494
186.9273
187.0745
187.1235
187.1424
187.1988
187.2261
187.2966
187.3189
187.332
187.357
187.4528
187.4569
187.4654
187.4818
187.5293
187.6421
187.9682
187.9802
187.9999
188.1124
188.1269
188.5319
188.7313
188.7641
188.7997
188.8349
188.8489
188.9079
188.9531
188.9676
188.9695
189.0406
189.0489
189.1722
189.1946
189.2936
189.5898
190.1314
190.3823
190.3964
190.4135
190.4599
190.4736
190.5073
190.5343
190.5721
190.6051
190.6863
190.7018
190.7677
191.0921
191.3194
191.3504
191.9063
191.9976
192.0143
192.0242
192.0501
192.0747
192.0858
192.1346
192.1805
192.1901
192.2955
192.3263
192.4142
192.4558
192.4627
197.5375
197.7584
197.8198
197.9419
198.0875
198.1072
198.1324
198.3383
198.527
198.5476
198.6091
199.5118
199.7105
199.8781
200.0516
200.1759
200.1971
200.222
200.2431
201.157
201.3501
201.7733
201.7936
201.93
202.6625
202.8206
202.8654
203.0042
203.1514
203.475
204.1844
209.0373
209.0545
209.212
209.2649
209.4226
209.4856
209.506
209.5327
209.875
209.9292
210.9614
211.1849
211.2282
211.5785
212.5936
212.8097
213.2158
214.4892
214.9035
220.6374
220.6496
220.6508
220.6984
221.3882
223.6888
224.8488
225.3601
226.9721
228.0821
228.5711
228.5797
228.5877
228.6058
232.226
232.238
232.7215
232.7854
233.359
233.7882
234.4466
236.0572
236.1394
236.908
237.7259
237.8955
238.6669
238.7574
240.5958
243.8042
243.8243
243.8828
243.9094
243.9212
243.9289
243.9387
244.0599
244.1657
244.9119
244.9818
245.0586
245.3226
245.521
245.5852
245.6434
245.6631
245.6867
245.7797
246.5929
246.6347
246.7194
246.9132
246.9815
247.1313
247.1401
247.1487
247.179
247.3611
247.404
247.4656
248.5312
248.6552
248.7638
248.8064
248.8258
248.859
248.9621
248.9804
249.0372
249.1143
249.9309
249.9583
249.9805
250.0038
250.2064
250.2393
250.3848
250.3955
251.8572
253.1909
253.9232
254.6454
255.3525
255.3742
255.3851
255.3938
255.4025
255.4182
255.4582
255.8316
255.8711
255.9142
255.9355
255.9938
256.0608
256.0841
256.1015
256.1269
256.1558
256.1661
256.1809
256.2004
256.2105
256.2205
256.2475
256.3125
256.3421
256.4126
256.4906
257.4411
257.4897
257.5027
257.5181
257.5416
257.5601
257.6216
257.6384
257.659
257.6963
257.7237
257.7762
257.7836
257.799
257.8091
257.8368
257.8532
257.8846
257.92
257.937
257.9614
258.0424
258.2123
259.1111
259.125
259.1448
259.1796
259.2774
259.2935
259.3137
259.3225
259.3415
259.3526
259.3822
259.4056
259.4485
259.4651
259.4881
259.5023
259.5277
259.5476
259.5877
259.6363
259.6906
259.7093
259.7193
259.7452
260.7185
260.77
260.786
260.7967
260.8048
260.8136
260.8604
260.9025
260.9243
260.947
260.9675
261.0037
261.0573
261.0956
261.1161
261.2477
261.3136
261.3384
261.373
265.3265
266.9484
266.9643
266.985
267.0067
267.0406
267.0692
267.1658
267.1993
267.2332
267.2882
267.3572
267.4322
267.4462
267.4805
267.4991
267.5782
267.6013
267.6258
267.6413
267.7841
267.8487
267.9012
267.9218
267.9884
268.0267
268.6587
268.791
268.845
268.8858
268.9497
268.9779
269.0007
269.022
269.0816
269.1187
269.1688
269.197
269.2561
269.2748
269.3218
269.3511
269.4318
269.5048
269.5215
269.5487
269.6407
269.6594
270.4363
270.4551
270.47
270.518
270.6495
270.6696
270.7365
270.7575
270.7934
270.8794
270.9055
270.9198
270.9495
271.1171
271.1312
271.1431
272.0241
272.1939
272.2151
272.2445
272.273
272.3059
272.3342
272.3532
272.4118
272.4734
272.4845
272.4942
272.5368
272.5541
272.6003
272.6447
272.6743
272.762
272.7782
272.8228
272.8541
273.0598
273.5546
273.5658
273.7131
273.7893
273.7997
273.8133
276.3631
278.5413
278.547
278.5541
278.5615
278.5877
278.6792
278.684
278.6963
278.7084
278.7277
278.7591
278.7757
278.9096
278.9939
279.0127
279.0427
279.0614
279.0844
279.1085
279.1233
279.2357
279.2742
279.499
279.5384
279.7351
279.7473
279.7893
279.8054
279.8339
279.8555
279.889
279.9132
280.0146
280.0322
280.0514
280.1268
280.1777
280.2059
280.6563
280.755
281.2451
281.2638
281.3659
281.393
281.4092
281.4494
281.4713
281.5544
281.5698
281.6006
281.6749
281.7337
281.7527
281.7799
281.8437
282.2621
282.2807
282.3113
282.3379
282.4676
282.8471
283.0284
283.0351
283.0513
283.0868
283.1151
283.142
283.1665
283.1773
283.2984
283.321
283.3729
283.9961
284.0372
284.5577
284.6337
284.6615
284.6805
284.693
284.7295
284.7502
284.7789
284.8243
284.8488
284.8827
284.9929
285.0311
285.1218
290.1343
290.305
290.4281
290.4591
290.6283
290.7433
290.809
290.8982
291.1489
291.1996
291.2394
291.2662
292.4208
292.5163
292.7815
292.8175
293.7452
293.8254
294.038
294.0531
294.2759
294.4681
294.9076
295.6578
295.6947
295.7983
296.4693
296.4824
301.7023
301.7219
301.857
301.9629
301.9753
302.1498
302.2156
302.7375
303.0762
303.6131
304.2525
304.263
307.5719
307.6456
313.283
313.3133
313.3282
313.4011
314.0183
314.2459
314.5268
318.6096
324.8972
324.9426
325.3215
325.4589
325.62
326.4679
327.7846
328.7511
329.425
329.7246
330.4364
330.5629
331.3362
336.4897
336.5788
336.6121
336.6195
336.6274
336.6345
336.6453
336.7138
336.8086
336.8649
336.8909
337.616
338.0483
338.124
338.1414
338.1594
338.1846
338.247
338.2677
338.3024
338.3646
338.4238
339.3178
339.3413
339.5973
339.6476
339.7969
339.8514
339.8809
339.9908
340.0053
340.048
340.0808
340.1154
340.8431
341.0462
341.2983
341.4261
341.4369
341.4525
341.5029
341.5539
341.6167
341.6541
341.7479
341.7671
341.8059
342.5817
342.6082
342.6317
342.869
342.9305
343.0603
343.2859
344.7311
344.7582
348.0553
348.0649
348.078
348.2028
348.3164
348.5443
348.5738
348.6032
348.6262
348.742
348.7655
348.7685
348.7794
348.7933
348.8163
348.861
348.9002
348.9142
348.9517
349.0432
349.1108
349.5858
350.1275
350.1512
350.1637
350.1742
350.1919
350.2082
350.2512
350.2758
350.405
350.4274
350.4362
350.4506
350.5244
350.5659
350.6161
350.6279
350.6726
350.6986
350.7401
350.8684
351.6002
351.8357
351.8524
351.8744
351.8845
351.9045
351.9992
352.0107
352.0427
352.079
352.0973
352.1178
352.1411
352.164
352.1774
352.2007
352.3099
352.3686
352.3819
352.839
353.1698
353.4209
353.4369
353.5454
353.5585
353.573
353.5835
353.5946
353.6045
353.6258
353.6767
353.7004
353.7314
353.7557
353.7728
353.794
353.8119
353.831
353.8747
353.8914
353.9577
353.9749
354.0798
354.1485
354.5636
354.7995
354.8447
358.4328
359.6053
359.6087
359.6128
359.8641
359.8785
359.9346
360.0795
360.1171
360.1613
360.1824
360.2193
360.2956
360.3069
360.3366
360.3985
360.4966
360.5782
360.6253
360.6852
360.7163
361.4609
361.4984
361.5293
361.578
361.6218
361.7254
361.7836
361.8185
361.8832
361.9247
361.9441
361.9738
362.085
362.0998
362.1375
362.2314
362.2677
362.3067
362.369
363.1328
363.1395
363.1599
363.1862
363.2394
363.3393
363.3882
363.434
363.4487
363.511
363.5438
363.5647
363.5809
363.6755
363.756
363.8797
363.8872
364.2588
364.6983
364.8473
364.8737
364.8859
364.9033
364.9165
364.9464
364.9638
365.0754
365.1181
365.1844
365.199
365.2298
365.2405
365.3341
365.3417
365.3501
365.3986
365.4478
365.4798
365.4948
365.6315
365.778
365.9247
366.2375
366.2479
366.4331
369.0856
369.5163
371.042
371.2217
371.2303
371.2447
371.2568
371.329
371.3474
371.3755
371.3906
371.4255
371.4601
371.5027
371.5297
371.5755
371.6061
371.6303
371.6452
371.6783
371.7197
371.7391
371.9288
372.2376
372.264
372.5125
372.546
372.5704
372.6009
372.7171
372.7994
372.87
372.9551
373.2887
373.4136
373.4396
373.7171
373.9653
374.0636
374.0751
374.0899
374.14
374.1571
374.1775
374.226
374.2797
374.3152
374.3579
374.4509
374.4809
374.7731
374.9717
375.009
375.1173
375.5671
375.6741
375.703
375.7335
375.7469
375.7747
375.8197
375.8434
375.9017
375.9838
376.0141
376.0342
376.0728
376.5825
376.6131
376.7567
376.857
377.2065
377.3547
377.3833
377.4249
377.4804
377.5031
377.5312
377.5466
377.5623
377.6574
377.7431
377.7653
377.7851
377.7996
377.8064
382.8199
382.8623
382.8708
382.8781
382.8924
383.0786
383.105
383.1131
383.1271
383.1356
383.2221
383.3485
383.3588
383.3709
383.5962
383.605
383.849
383.8627
383.8862
384.1003
384.1167
384.3443
384.3658
384.5882
384.5967
384.7149
384.8461
384.8611
385.0835
385.1039
385.1704
385.3447
385.3659
385.4163
385.5903
385.6068
387.7744
388.0199
388.2495
388.7585
388.9522
389.0046
389.3063
389.4702
389.7646
389.9822
390.001
390.4794
390.5016
392.2118
397.6699
397.6766
397.6848
397.7086
397.7145
397.7284
397.8792
399.105
399.8467
401.6551
402.0845
402.6619
402.6718
402.6817
402.6989
402.7159
402.8911
403.0961
403.1973
403.3625
403.3996
403.6139
403.8711
403.9062
404.1621
404.3303
404.4027
404.6073
404.6415
404.6721
404.8237
404.8663
405.0865
405.1331
405.1357
405.335
405.4066
405.5952
407.612
407.6192
407.6262
407.6405
407.6639
407.7195
407.7303
407.7338
407.7488
407.7699
407.8358
407.9645
407.9906
408.2269
408.4701
408.7021
408.7193
408.947
409.002
409.2159
409.2635
409.4819
409.5648
409.7075
409.7205
409.7324
409.9464
409.9785
410.1944
410.2156
410.4121
410.4311
410.5052
411.798
412.4762
412.4882
412.4992
412.5794
412.5896
412.6114
412.6228
412.6857
412.6901
412.7025
412.724
412.7343
412.7741
412.8429
412.9598
412.9827
413.1029
413.221
413.4774
413.5862
413.7252
413.7523
413.8272
413.8517
413.9634
413.9898
414.0036
414.0912
414.2221
414.319
414.3631
414.4673
414.5714
414.6754
414.7253
414.7875
414.8521
414.9364
414.964
415.0636
415.1847
415.2109
415.243
415.2685
415.3136
415.3266
415.3472
415.4274
415.4417
415.4477
415.4962
417.5371
417.5514
417.5736
417.5818
417.5883
417.6019
417.6081
417.6261
417.6467
417.7152
417.7465
417.8212
417.8411
417.8636
417.9709
418.1099
418.2443
418.3451
418.3565
418.3691
418.4628
418.4841
418.496
418.5824
418.7172
418.7374
418.8444
418.8612
418.96
418.9731
419.0586
419.1052
419.2053
419.2296
419.3377
419.3657
419.4835
419.5021
419.6988
419.7182
419.7449
419.7541
419.832
419.8424
419.9397
419.9718
419.9929
420.1001
420.183
420.2073
420.2381
420.3363
420.4334
420.4461
420.4655
422.3267
422.5288
422.5424
422.5754
422.6069
422.8381
423.0797
423.3195
423.5698
423.8274
424.0638
424.0846
424.3152
424.5815
424.6378
424.8292
425.0664
425.3335
427.4811
427.4857
427.495
428.228
429.9416
432.1241
432.5954
435.898
437.4079
437.43
437.4387
437.4577
437.8316
442.3886
442.4307
442.5254
442.5953
442.6389
442.8756
443.1187
443.3152
443.3493
443.5453
443.6384
443.8803
444.0955
444.1424
444.3388
444.3645
444.5529
444.5627
444.6
444.855
444.8795
445.0498
445.1073
445.3059
447.3215
447.3305
447.3413
447.375
447.3909
447.4439
447.4594
447.4803
447.5503
447.6939
447.7212
447.9505
448.416
448.4305
448.6635
448.6765
448.9297
449.1665
449.18
449.2013
449.4264
449.4433
449.6626
449.6896
449.901
449.9378
449.9733
450.1094
450.1645
450.2069
452.311
452.3184
452.3412
452.3627
452.3903
452.4008
452.41
452.4178
452.4258
452.4328
452.4488
452.4822
452.5206
452.648
452.6598
452.6766
452.6907
452.7506
452.8035
452.9313
452.9447
453.1912
453.2098
453.235
453.3232
453.4496
453.5368
453.551
453.6844
453.705
453.7574
453.8228
453.9172
453.9317
453.9458
454.041
454.0566
454.1987
454.4308
454.4605
454.5013
454.5377
454.6614
454.7075
454.7191
454.7784
454.9068
454.9192
455.0168
455.0353
455.0667
455.1658
455.1782
455.1983
457.2626
457.2694
457.2776
457.2846
457.2997
457.3083
457.316
457.3583
457.3863
457.444
457.4813
457.5634
457.6651
457.8332
457.9349
457.9552
458.0617
458.078
458.1879
458.2086
458.3148
458.3463
458.4773
458.5597
458.5702
458.6961
458.7192
458.8099
458.8337
458.9688
459.0363
459.0477
459.0662
459.2969
459.3163
459.401
459.4305
459.5257
459.5672
459.6614
459.78
459.7981
459.8192
459.9145
460.0392
460.1252
460.154
462.2232
462.3319
463.2886
463.5517
464.2816
464.5361
464.7709
465.0288
467.2037
467.2102
467.2224
467.2557
467.278
467.2907
467.6877
468.6861
469.2053
471.5368
471.5675
477.1288
477.1542
477.1748
478.5533
481.5714
481.6059
482
482.0939
482.105
482.3235
482.3873
482.5552
482.5826
482.7961
483.0679
483.0878
483.2956
483.3255
483.5423
483.5787
483.8114
483.835
484.0437
484.3462
484.5176
484.5778
484.8163
484.8364
486.2849
486.3381
486.5671
487.0343
487.0522
487.0578
487.068
487.1085
487.1441
487.1581
487.1941
487.2078
487.2201
487.2695
487.3999
487.6509
487.8251
487.9201
488.3849
488.3978
488.6477
488.8907
489.1368
489.149
489.1657
489.3685
489.3924
489.4285
489.5844
489.6303
489.6692
489.8237
489.8718
489.8862
489.9277
491.5498
491.9967
492.0069
492.013
492.0193
492.0236
492.0258
492.1158
492.1266
492.1344
492.1468
492.1546
492.187
492.2186
492.2995
492.379
492.3991
492.4449
492.6583
492.6837
492.7976
492.9089
492.9328
493.1544
493.1709
493.2118
493.4007
493.4126
493.5125
493.5267
493.6567
493.6829
493.7639
493.7848
493.9001
493.9487
494.0147
494.0356
494.1452
494.1807
494.2133
494.2481
494.2577
494.3965
494.4011
494.4108
494.4932
494.5035
494.5147
494.6056
494.6169
494.6342
494.673
494.7477
494.7568
494.7768
494.8761
494.8866
494.9003
496.9686
496.9807
497.0107
497.018
497.0429
497.1573
497.1885
497.2439
497.2616
497.2916
497.3204
497.4137
497.5288
497.5627
497.6578
497.674
497.7047
497.7578
497.7795
497.8039
497.9475
498.0175
498.0394
498.1659
498.2608
498.2777
498.5173
498.6261
498.6713
498.7498
498.7804
498.8717
498.9951
499.0137
499.0493
499.1215
499.2591
499.2817
499.3727
499.401
499.4185
499.4905
499.4937
499.5374
499.6105
499.8067
499.8699
501.9623
501.9659
502.0694
503.1393
503.2747
504.0202
504.3525
504.7378
504.8641
508.9326
509.38
511.9488
516.8423
516.8518
516.8657000000001
517.2959
517.4999
518.7653
521.8015
521.8154
521.826
521.8396
522.0587
522.0771
522.2900999999999
522.3071
522.3389999999999
522.516
522.5526
522.7961
522.8205
523.0784
523.2532
523.5364
523.5574
523.7814
524.0215000000001
524.2649
524.2846
524.3108999999999
524.468
524.5496000000001
524.7426
526.168
526.8152
526.8311
526.8546
526.8747
526.885
526.8968
526.9202
526.9421
526.9564
527.011
527.1185
527.1384
527.2030999999999
527.3778
527.6078
527.6224
527.6863
527.8673
527.9084
528.1063
528.1301
528.3359
528.3537
528.5979
528.6188
528.7976
528.857
528.8898
529.0795000000001
529.0869
529.0989
529.112
529.1349
529.33
529.3396
529.3547
529.3779999999999
529.4755
529.557
529.5842
529.6131
530.6088
531.7348
531.7722
531.7812
531.8069
531.8188
531.8344999999999
531.8404
531.8505
531.8594000000001
531.8659
531.9156
531.9538
531.9848
532.0018
532.1351
532.1513
532.1817
532.3699
532.3821
532.4207
532.4871000000001
532.6163
532.6246
532.6373
532.7315
532.8604
532.8759
532.9209
532.9672
532.9838
533.1134999999999
533.1238
533.2175999999999
533.2277
533.3669
533.4146000000001
533.5003
533.6112000000001
533.6196
533.6365000000001
533.6735
533.7347
533.8476000000001
533.8607
533.8767
533.8960999999999
533.9665
533.9805
534.1659
534.2363
534.2962
534.3344999999999
534.3493
534.4113
534.4502
534.4692
534.5708999999999
534.6032
534.616
536.7049
536.7255
536.7551
536.7633
536.7839
536.8458000000001
536.8916
536.9022
536.9732
536.9817
536.9985
537.1546
537.2582
537.376
537.413
537.4778
537.4988
537.5162
537.6215
537.6697
537.7462
537.7607
537.8691
537.9983
538.0324000000001
538.1299
538.222
538.2393
538.2694
538.3741
538.466
538.4697
538.5035
538.5925
538.6353
538.7427
538.7686
538.8683
538.884
539.0916
539.2028
539.2117000000001
539.2478
539.289
539.4553
539.4938999999999
539.5848
541.0759
541.106
543.4635000000001
544.6477
544.8264
544.8448
546.5056
546.5219999999999
547.2646999999999
548.6564
