0.0292
0.4888
2.3299
2.5814
3.1719
3.4727
3.4833
6.4833
7.6443
9.1213
10.4388
11.1956
12.1343
12.1504
12.1635
12.2048
12.2211
12.2414
12.2499
12.2635
12.2724
12.2982
12.3154
12.3573
12.3767
12.3905
12.4071
12.4249
12.4366
12.4566
12.4933
12.5023
12.5123
12.5371
12.5599
12.5745
12.6026
12.6217
12.646
12.6539
12.6648
12.6825
12.7218
12.749
12.767
12.819
12.8932
12.9654
13.279
13.4113
13.4319
13.4876
13.4996
13.5102
13.5331
13.5574
13.6489
13.6664
13.6748
13.6966
13.7061
13.7283
13.7418
13.7499
13.7589
13.7652
13.7719
13.7928
13.841
13.8614
13.8767
13.9032
13.9139
13.9494
14.0244
14.0344
14.0488
14.0596
14.0775
14.1035
14.114
14.1243
14.1299
14.1435
14.1585
14.1712
14.2068
14.2601
14.2756
14.2967
14.3364
14.4565
14.5442
14.5701
15.0072
15.0286
15.1546
15.1721
15.1988
15.2069
15.2343
15.2507
15.3034
15.3118
15.3206
15.3306
15.3412
15.3505
15.358
15.3702
15.3807
15.4461
15.4692
15.4774
15.5212
15.5606
15.5678
15.6065
15.6142
15.6209
15.7039
15.7129
15.7234
15.7299
15.7373
15.746
15.7663
15.7731
15.8894
15.9016
15.9085
15.9173
15.929
15.9636
15.9755
15.995
16.7787
16.7878
16.7985
16.8029
16.8084
16.8145
16.8221
16.8958
16.9086
16.9222
16.9733
16.9783
16.9838
16.9905
17.0126
17.0305
17.0425
17.0568
17.0705
17.0892
17.0972
17.1345
17.146
17.1674
17.193
17.2088
17.2342
17.2417
17.2477
17.2557
17.2637
17.2732
17.292
17.303
17.3229
17.3399
17.4524
17.4672
17.4768
17.4865
17.4944
17.5033
17.51
17.5202
17.5396
17.5724
17.6205
17.6382
17.6569
17.7022
17.7237
17.7411
18.3743
18.3992
18.408
18.4213
18.4541
18.4697
18.4842
18.5132
18.5381
18.6014
18.6183
18.6412
18.6485
18.6548
18.666
18.6751
18.687
18.6957
18.7035
18.7173
18.8156
18.8225
19.2355
19.2564
19.2702
21.0223
21.9729
22.5142
22.8267
23.7054
23.7094
23.7138
23.7192
23.7299
23.7603
23.8236
23.8375
23.8542
23.8662
23.8771
23.8845
23.8906
23.9053
23.9253
23.9565
24.0355
24.0719
24.0855
24.1545
24.169
24.1796
24.2018
24.2177
24.2438
24.2845
24.4081
24.7022
24.7466
24.7695
24.8803
24.9404
24.9741
25.0396
25.0476
25.0602
25.1119
25.1452
25.1704
25.2604
25.2763
25.2967
25.319
25.3657
25.3819
25.3967
25.423
25.4572
25.481
25.5105
25.6122
25.6766
25.6916
25.803
25.8407
25.8695
26
26.5091
26.6133
26.6258
26.6467
26.6613
26.6849
26.7132
26.7339
26.773
26.7896
26.8594
26.8766
26.8997
26.9087
26.9295
27.0079
27.0434
27.0533
27.0935
27.144
27.1921
27.3979
27.41
27.4183
27.4352
27.4713
27.9621
28.1636
28.2519
28.2646
28.2874
28.2988
28.3428
28.3567
28.4852
28.5002
28.5108
28.5632
28.6351
28.664
28.6803
28.7127
28.7297
28.8295
28.851
28.9441
29.0059
29.1424
29.2934
29.5611
29.8106
29.8518
29.8866
29.9814
29.9921
30.0015
30.0132
30.0222
30.1565
30.1785
30.2064
30.2809
30.2907
32.3846
32.396
32.4208
32.4323
32.4408
32.4479
32.455
32.4678
32.72
32.7487
33.5332
34.1101
35.2925
35.3035
35.311
35.3247
35.7453
35.8026
36.0297
36.1076
36.1921
36.2182
36.2484
36.3065
37.3033
37.3199
37.3463
37.721
37.8007
39.5098
40.5749
40.5908
40.674
40.7964
41.048
41.0758
41.1345
41.1594
41.5303
41.9982
42.0393
45.5462
46.9219
46.9414
47.8503
47.8915
47.9539
48.0195
48.0869
48.2338
48.8301
48.92
49.6104
51.2701
52.8959
53.1564
53.8965
55.2445
56.1004
56.109
56.1251
56.5111
56.6067
57.5341
58.0373
58.2661
58.3766
58.473
59.2593
59.2738
59.3601
59.4127
59.4668
59.4822
59.6208
59.6698
59.6816
59.7111
59.8106
59.8666
60.3063
60.8908
61.0268
61.0545
61.1168
61.1463
61.2794
61.3207
61.3382
61.4055
61.5302
61.6075
61.6355
62.5443
62.7209
63.0901
63.1334
63.3207
64.4213
64.6831
64.71939999999999
64.9312
66.14019999999999
66.1935
67.1631
67.7265
68.0603
68.6885
68.9288
69.27200000000001
69.5052
70.2474
70.2876
70.3134
70.33620000000001
70.3506
70.40860000000001
70.62730000000001
70.6374
70.6705
70.7226
70.7384
70.765
70.77979999999999
70.8147
70.8349
70.854
70.8742
70.89570000000001
70.9087
70.922
70.9563
70.96720000000001
71.03
71.0561
71.1061
71.17919999999999
71.19459999999999
71.38420000000001
71.4862
71.90689999999999
71.9357
71.95189999999999
72.09529999999999
72.26139999999999
72.34699999999999
72.36320000000001
72.3974
72.4289
72.4408
72.4586
72.55
72.5658
72.5859
72.6075
72.62179999999999
72.6913
72.7037
72.71729999999999
72.7398
72.8507
72.9674
73.5378
73.74460000000001
73.7821
73.9195
73.9996
74.0384
74.1075
74.1375
74.154
74.17359999999999
74.2296
74.25230000000001
74.2876
74.31319999999999
74.3331
74.3977
74.4299
74.595
74.82470000000001
75.1519
75.1682
75.3844
75.4119
75.5245
75.5795
75.61150000000001
75.66370000000001
75.68729999999999
75.7272
75.7373
75.7734
75.79000000000001
75.8438
75.85639999999999
75.89709999999999
75.91970000000001
75.94110000000001
75.9573
75.98309999999999
76.1717
76.1846
76.2366
76.6636
76.74769999999999
76.8197
76.8528
76.8976
76.9106
76.9237
76.9348
76.9439
81.5395
81.62730000000001
81.6386
81.6485
81.6669
81.6806
81.7046
81.7252
81.7423
81.7645
81.7937
81.82510000000001
81.88079999999999
81.89530000000001
82.0013
82.0245
82.0514
82.13890000000001
82.17
82.20140000000001
82.218
82.2504
82.2732
82.3544
82.3878
82.5333
82.5775
82.5878
82.6116
82.6245
82.64230000000001
82.6623
82.6707
82.6867
82.7141
82.74939999999999
82.81229999999999
82.8227
82.84050000000001
82.8546
82.8762
82.9122
82.9251
82.94110000000001
82.9645
82.9956
83.0044
83.0234
83.0318
83.0376
83.0506
83.0611
83.0789
83.0992
83.11020000000001
83.1254
83.33199999999999
83.3556
83.5735
83.7702
83.78189999999999
83.80540000000001
83.93989999999999
83.9671
84.2133
84.2303
84.245
84.2548
84.2698
84.32599999999999
84.3336
84.34869999999999
84.3614
84.438
84.44589999999999
84.4704
84.4837
84.50109999999999
84.5462
84.56189999999999
84.5715
84.58150000000001
84.6109
84.6163
84.6294
84.6591
84.6885
84.7073
84.7308
84.7621
84.77889999999999
84.8567
85.15819999999999
85.24379999999999
85.2704
85.42610000000001
85.4397
85.4576
85.4725
85.4913
85.5962
85.87569999999999
85.8845
85.90349999999999
85.9217
85.93819999999999
85.96599999999999
86.0274
86.0454
86.06659999999999
86.0913
86.1003
86.1181
86.14279999999999
86.1545
86.2349
86.26309999999999
86.2705
86.2852
86.2948
86.3035
86.3107
86.3194
86.32769999999999
86.3445
86.4006
86.4174
86.4742
86.4987
86.5467
86.69540000000001
87.0277
87.0397
87.08580000000001
87.20740000000001
87.233
87.5472
87.5573
87.5659
87.58
87.613
87.6294
87.6417
87.6536
87.676
87.7119
87.7242
87.7465
87.82380000000001
87.8356
87.8434
87.8567
87.8947
87.9057
87.9212
87.9345
87.9521
87.9586
87.97799999999999
87.988
88.0569
88.06570000000001
88.0819
88.09529999999999
88.1056
88.14790000000001
88.15900000000001
88.20999999999999
88.5211
93.244
93.2762
93.2869
93.2967
93.30800000000001
93.3194
93.3263
93.3319
93.3374
93.3432
93.3496
93.3647
93.3751
93.3861
93.40730000000001
93.4178
93.4324
93.43859999999999
93.4452
93.45229999999999
93.462
93.46899999999999
93.477
93.48569999999999
93.4999
93.5286
93.5448
93.5513
93.5564
93.56310000000001
93.5698
93.5962
93.6217
93.70399999999999
93.715
93.72020000000001
93.73009999999999
93.7406
93.76049999999999
93.76909999999999
93.78879999999999
93.8338
93.8484
93.8721
93.90900000000001
93.9251
93.953
93.9627
93.9752
93.9862
93.9992
94.2071
94.22029999999999
94.46259999999999
94.755
94.7675
94.77679999999999
94.7837
94.7902
94.7993
94.80759999999999
94.813
94.8182
94.82429999999999
94.83
94.83620000000001
94.84350000000001
94.851
94.85850000000001
94.8673
94.87690000000001
94.8866
94.8929
94.9023
94.9098
94.916
94.9379
94.9494
94.99079999999999
95.0035
95.02200000000001
95.0378
95.0449
95.0582
95.0776
95.083
95.08710000000001
95.0924
95.09999999999999
95.17529999999999
95.1814
95.188
95.20569999999999
95.2132
95.2227
95.2938
95.29940000000001
95.33710000000001
95.3511
95.358
95.3669
95.4537
95.46429999999999
95.47880000000001
95.5394
95.55370000000001
95.6088
96.3703
96.3762
96.3824
96.38760000000001
96.3948
96.4019
96.4149
96.4288
96.4408
96.44670000000001
96.4525
96.4585
96.4637
96.4744
96.48999999999999
96.50449999999999
96.5198
96.5324
96.54519999999999
96.5527
96.57389999999999
96.592
96.60120000000001
96.629
96.6597
96.6726
96.6909
96.70310000000001
96.70829999999999
96.7141
96.7182
96.72450000000001
96.7393
96.7453
96.753
96.79940000000001
96.89279999999999
96.94289999999999
96.955
97.0759
97.0945
97.1129
97.1203
97.12949999999999
97.1454
97.1622
97.2122
97.2486
97.264
97.9851
97.9926
97.998
98.0061
98.0123
98.0217
98.0275
98.0553
98.06270000000001
98.0745
98.08280000000001
98.1001
98.1127
98.1283
98.1502
98.16889999999999
98.1764
98.1878
98.1994
98.20910000000001
98.22790000000001
98.25
98.2619
98.271
98.2796
98.29040000000001
98.3013
98.316
98.3382
98.3501
98.3566
98.36360000000001
98.37130000000001
98.39830000000001
98.4177
98.4276
98.48569999999999
98.4984
98.5089
98.5866
98.5943
98.6407
98.6481
98.6617
98.6746
98.73309999999999
98.7415
98.7593
98.7816
98.7997
98.825
98.8373
98.97320000000001
98.9863
99.00620000000001
99.6992
99.7109
99.7204
99.7264
99.7312
99.73569999999999
99.7426
99.75620000000001
99.76909999999999
99.7741
99.7782
99.782
99.7869
99.79810000000001
99.81059999999999
99.9588
100.11
100.1185
100.1325
104.7963
104.8026
104.8344
104.8696
104.8779
104.8872
104.8937
104.9047
104.91
104.917
104.9347
104.9419
104.9477
104.9557
104.9644
104.9748
105.0511
105.057
105.0667
105.0882
105.0948
105.1012
105.1099
105.1185
105.1546
105.1787
105.1955
105.2055
105.2122
105.2211
105.2292
105.3005
105.3084
105.3153
105.33
105.3424
105.3611
105.3726
105.4266
105.6027
106.032
106.0479
106.0731
106.0918
106.1919
106.2037
106.2183
106.2349
106.2573
106.272
106.2782
106.2891
106.2999
106.3223
106.3318
106.4006
106.4051
106.414
106.4349
106.4824
106.4951
106.5042
106.5173
106.5718
106.5852
106.6121
106.6256
106.6333
106.6734
106.696
106.7101
106.7201
106.7271
106.7331
106.7429
106.7493
106.8255
106.8346
106.8433
106.8754
106.8817
106.8888
106.9241
107.0553
107.1419
107.1704
107.7095
107.7213
107.7299
107.734
107.7446
107.7601
107.7826
107.9005
107.9115
107.9306
107.9364
107.9475
107.9794
108.0221
108.0339
108.0392
108.0457
108.0543
108.0674
108.0822
108.1004
108.1205
108.1892
108.2113
108.2204
108.2289
108.2347
108.2569
108.3027
108.3112
108.3384
108.3806
108.4526
108.4814
108.4879
108.494
108.5028
108.5102
108.53
108.5456
108.5631
108.6247
108.6359
108.652
108.8795
108.8961
109.4261
109.4351
109.4426
109.4484
109.4587
109.4777
109.5259
109.5672
109.5807
109.5912
109.6161
109.6413
109.6594
109.667
109.7278
109.7356
109.7418
109.7499
109.7569
109.7673
109.8535
109.8663
109.8897
109.8957
109.9016
109.9107
109.9314
109.9431
110.0184
110.0317
110.0848
110.1204
110.1302
110.1422
110.151
110.1603
110.1726
110.179
110.1939
110.2029
110.2233
110.2833
110.3304
110.8964
111.0144
111.0824
111.0966
111.1007
111.1059
111.111
111.1186
111.1657
111.1775
111.1877
111.2265
111.2422
111.257
111.2723
111.2811
111.2971
111.3441
111.3615
111.3668
111.3724
111.3779
111.3825
111.39
111.4748
111.4812
111.4889
111.594
111.5982
111.6049
116.3338
116.3401
116.3615
116.3702
116.3825
116.4025
116.462
116.5149
116.526
116.5389
116.5594
116.6228
116.657
116.7171
116.7764
116.7902
116.8014
116.8081
116.8159
116.8273
116.848
116.8554
116.8976
116.994
117.2547
117.5344
117.5682
117.5904
117.6925
117.7343
117.7776
117.7957
117.859
117.8713
117.8878
117.9317
117.9581
117.9893
118.0569
118.0711
118.0858
118.1137
118.2294
118.2512
118.2597
118.2774
118.4204
118.4367
118.4635
118.5847
119.187
119.2081
119.3132
119.3273
119.3503
119.4565
119.4697
119.5174
119.6313
119.6477
119.6811
119.6933
119.7421
119.7681
119.8189
119.8888
119.946
119.9685
120.2667
120.8464
121.0272
121.039
121.0975
121.1242
121.1378
121.1719
121.2127
121.3326
121.3416
121.3538
121.3842
121.3991
121.4147
121.4522
121.6494
121.7042
121.7164
121.7327
121.9151
121.926
122.5601
122.6464
122.6616
122.699
122.7215
122.7372
122.7463
122.7668
122.861
122.8903
122.9017
122.9585
122.9777
123.0391
123.0743
127.9742
127.9987
128.0103
128.4381
128.5916
128.713
128.8282
128.8636
128.8805
129.3327
130.0092
130.0215
130.3745
130.5102
130.5459
130.578
130.6046
131.6747
132.0566
133.3434
133.3621
133.7652
133.8118
133.8467
134.6952
134.837
134.8463
135.1057
135.1148
135.123
139.5703
142.2307
145.5354
146.4031
147.1802
147.9415
151.1393
151.9925
152.0183
152.0679
152.1055
152.6275
153.7811
153.812
154.0882
154.2572
154.278
154.3463
155.3973
155.4149
155.6915
155.9352
155.9724
156.9614
157.133
157.483
157.535
157.6013
158.4809
158.4975
158.6728
158.694
158.9047
159.1047
160.1201
162.6969
162.7043
162.7117
162.7207
162.7309
162.7446
162.9476
163.1306
163.2356
163.2881
163.3003
163.3891
163.4029
163.4142
163.4399
163.4533
163.4905
163.5359
163.5553
163.5861
163.6331
163.6913
163.7135
163.7302
163.7529
164.0766
164.8627
164.9909
165.0253
165.0563
165.1027
165.1463
165.1783
165.2081
165.2809
165.2998
165.3209
165.3366
165.4235
165.4547
165.4727
166.6512
166.7001
166.7692
166.8701
166.8793
166.8954
166.9099
166.9353
166.9596
167.0287
167.0494
167.2028
167.228
167.8428
167.9498
168.3232
168.3579
168.3923
168.4846
168.5285
168.5454
168.6293
168.641
168.6686
168.7046
168.8352
168.8554
169.3802
169.424
169.431
169.6284
169.8032
169.8136
169.8195
169.828
170.0239
170.3806
170.3905
170.7023
173.5807
173.6013
174.1559
174.2883
174.3099
174.3244
174.3334
174.3448
174.3633
174.3899
174.3978
174.4059
174.4232
174.4359
174.5114
174.6344
174.6448
174.6641
174.7264
174.7576
174.8094
174.8236
174.8397
174.8564
174.9732
174.9837
175.0182
175.0538
175.2233
175.2619
175.2807
175.3164
175.3756
175.4186
175.4267
175.472
175.4826
175.5004
175.5132
175.5885
175.6182
175.6343
175.6506
175.6574
175.668
175.6786
175.6901
175.7082
175.7929
175.8334
176.2714
176.2816
176.4712
176.4866
176.5041
176.8256
176.8981
176.9592
176.9898
177.0158
177.0532
177.0688
177.1147
177.1369
177.1771
177.1977
177.2041
177.2126
177.2802
177.2932
177.3128
177.3207
177.3466
177.3619
177.3867
177.4047
177.4673
177.4851
177.7961
177.9685
177.9888
178.1183
178.1391
178.1634
178.3787
178.5068
178.5385
178.6034
178.6151
178.6503
178.6887
178.7667
178.7819
178.7908
178.8044
178.8462
178.8583
178.9054
178.9134
178.922
178.9334
178.9569
178.986
178.9983
179.0073
179.018
179.0293
179.0608
179.2392
179.4626
179.4753
179.6208
179.7755
179.9272
179.9539
180.2133
180.2318
180.2554
180.3037
180.3204
180.3596
180.3799
180.4071
180.4289
180.4505
180.4636
180.5367
180.5466
180.5749
180.5807
180.5919
180.5986
180.6034
180.6226
180.6302
180.6914
180.7059
180.7269
180.7594
180.7885
181.1814
184.6594
185.9148
185.9256
185.9346
185.9514
185.9604
185.9677
185.9773
185.9854
185.9925
186.0071
186.0145
186.0281
186.0365
186.0445
186.0534
186.0679
186.0743
186.0979
186.1038
186.1097
186.1151
186.1214
186.1282
186.1382
186.1503
186.1756
186.1901
186.1986
186.2062
186.2139
186.2542
186.2627
186.3434
186.3548
186.3655
186.3743
186.3856
186.3962
186.4071
186.4162
186.4278
186.436
186.4484
186.4612
186.4997
186.5324
186.5475
186.63
186.6395
186.647
186.6556
186.6693
186.9619
187.3974
187.4076
187.4131
187.4183
187.4248
187.4319
187.4444
187.4572
187.467
187.4773
187.4908
187.4969
187.5062
187.5146
187.5213
187.5287
187.5336
187.54
187.5534
187.5626
187.5694
187.5778
187.592
187.6016
187.6247
187.6416
187.6552
187.6708
187.6888
187.707
187.7131
187.7188
187.8207
187.8263
187.8315
187.8455
187.8582
187.9256
187.935
187.9535
188.0292
188.0402
188.0744
188.0987
188.1245
188.1875
188.1961
188.2085
188.2194
188.2311
188.2895
189.0453
189.0524
189.0825
189.0883
189.1003
189.1097
189.1154
189.1201
189.1241
189.1294
189.1403
189.1512
189.158
189.1676
189.1771
189.1872
189.1938
189.2031
189.2163
189.2316
189.2447
189.255
189.2604
189.3147
189.3295
189.343
189.353
189.4126
189.435
189.4445
189.4502
189.4573
189.4694
189.5197
189.5263
189.6175
189.6254
189.6777
189.6956
189.7026
189.7707
189.7845
189.8019
189.8129
189.8418
189.902
189.911
190.6817
190.6917
190.701
190.7133
190.7257
190.7446
190.7736
190.7782
190.7853
190.7977
190.8038
190.8093
190.8155
190.8228
190.8287
190.8365
190.8454
190.8522
190.8599
190.8765
190.8841
190.8943
190.9265
190.9444
190.9569
191.1091
191.1206
191.1296
191.1379
191.1438
191.1527
191.162
191.2215
191.2268
191.2319
191.2406
191.251
191.3185
191.3248
191.336
191.3582
191.3682
191.3777
191.538
191.5483
191.561
191.5804
191.652
192.3521
192.3614
192.3714
192.386
192.3943
192.4002
192.4055
192.4179
192.4318
192.4385
192.4451
192.4514
192.4547
192.458
192.4652
192.4681
192.4722
192.4783
192.4849
192.6494
192.6631
192.7821
192.9604
194.6584
197.4748
197.5371
197.5558
197.58
197.5856
197.5936
197.5978
197.61
197.6186
197.6257
197.6416
197.6511
197.6584
197.6709
197.6781
197.6852
197.765
197.7727
197.7868
197.7994
197.8283
197.8334
197.8379
197.8436
197.8482
197.854
197.8616
197.87
197.8809
197.8959
197.9273
197.9385
197.9899
198.0524
198.0652
198.0736
198.0914
198.6755
198.6852
198.6976
198.7198
198.7947
198.804
198.8187
198.8374
198.8573
198.877
198.8859
198.8962
198.958
198.9687
198.978
198.996
199.053
199.0818
199.0881
199.1011
199.1076
199.1142
199.1348
199.1778
199.2311
199.2899
199.3249
199.3413
199.3692
199.3774
199.3875
199.4
199.417
199.5066
199.5144
199.526
199.5377
199.5919
199.6055
199.6479
199.6617
200.3431
200.3521
200.362
200.3848
200.4797
200.5327
200.5418
200.5564
200.5722
200.5793
200.5961
200.6047
200.6167
200.628
200.6581
200.6896
200.6973
200.7034
200.7331
200.7486
200.7547
200.7605
200.8072
200.91
200.9452
200.9542
200.9662
200.9755
200.9973
201.0599
201.0645
201.0703
201.1637
201.1887
201.1987
201.2246
201.2351
201.2454
201.2719
201.3181
201.3303
201.3515
201.5397
201.7861
201.8096
202.0015
202.1219
202.1311
202.2249
202.235
202.2474
202.2615
202.2662
202.2757
202.3479
202.3553
202.3612
202.3715
202.3849
202.4155
202.4236
202.4341
202.4431
202.4522
202.4704
202.5291
202.5366
202.5546
202.5642
202.5836
202.6476
202.713
202.7213
202.7395
202.7466
202.7643
202.7734
202.7873
202.8481
202.8586
202.875
202.8853
202.8932
202.9063
202.9223
203.0119
203.032
203.1561
203.1741
203.5658
203.6917
203.7029
203.8115
203.8179
203.8269
203.8361
203.8418
203.8475
203.8712
203.8846
203.954
203.9678
203.9846
203.9968
204.0124
204.0185
204.0255
204.0352
204.0427
204.0493
204.0537
204.0614
204.2328
204.6601
205.029
205.8374
209.0143
209.0227
209.0372
209.0582
209.0804
209.1804
209.1966
209.2051
209.218
209.2292
209.3413
209.413
209.4236
209.4509
209.4573
209.4784
209.4889
209.5119
209.5989
209.6239
209.6416
210.0267
210.2433
210.257
210.292
210.3301
210.4205
210.4521
210.5043
210.6042
210.6143
210.6231
210.6328
210.6428
210.6542
210.6661
210.6809
210.7423
210.7853
210.8241
210.8584
210.9878
211.0078
211.0482
211.0927
211.2168
211.7843
211.9541
211.9836
212.0742
212.091
212.1121
212.2215
212.2297
212.2375
212.247
212.2704
212.3099
212.3162
212.4147
212.437
212.4605
212.4831
212.7017
212.7107
212.7617
212.7765
212.7842
212.8382
213.6128
213.7174
213.7597
213.7803
213.8096
213.8374
213.9304
213.9463
213.9548
213.9622
213.9935
214.0044
214.0524
214.1027
214.3073
214.3165
214.4524
214.5119
215.279
215.3256
215.353
215.386
215.437
215.4479
215.4926
215.5714
215.5972
215.6201
215.637
215.6779
215.8802
215.9
215.9233
215.9338
216.0731
216.0859
216.3651
220.971
221.108
221.1376
221.2448
221.3005
221.4358
221.4793
221.5107
221.5441
221.7528
221.8929
222.539
222.8709
222.9104
223.043
223.0889
223.1281
224.2856
224.543
224.6688
224.7971
224.8152
225.9408
226.0576
226.0835
226.2223
226.3332
226.3595
226.4321
226.5315
226.5555
227.3434
227.3743
227.5274
227.5461
227.6708
227.6899
227.8035
227.8151
227.8481
228.4914
228.6397
229.0339
232.1527
232.1778
233.2606
233.3595
233.5461
234.9139
235.1704
235.4691
236.6616
236.8603
236.8749
238.2477
238.26
239.0624
239.0806
239.1504
239.5198
239.5381
239.5537
239.5886
239.7844
240.0785
240.096
240.2923
240.7782
241.3148
241.9802
242.3997
243.6507
244.6006
244.6282
244.6626
244.7737
244.7904
244.9624
244.9934
245.066
245.101
245.2817
245.4419
245.4989
246.4612
246.6104
246.8425
246.8863
247.0439
247.1177
248.2545
248.599
248.6465
248.6599
248.6836
248.8512
249.5846
249.98
249.9962
250.191
250.223
250.238
250.2691
250.8178
250.8302
250.8526
250.8733
251.3093
251.4914
251.5255
251.6872
251.7222
251.9589
251.9807
252.0112
252.454
252.5869
252.835
252.934
252.973
253.3609
253.6688
253.6798
253.7022
253.7168
253.7294
254.0273
254.0484
254.2881
254.3127
254.5796
254.7785
254.8512
255.2186
255.2755
255.3714
255.3878
255.5372
255.7818
255.7933
256.0371
256.0516
256.1105
256.1296
256.1407
256.1567
256.1771
256.1918
256.2223
256.2516
256.276
256.3131
256.3272
256.3494
256.3867
256.4008
256.4338
256.5387
256.7976
257.342
257.6888
257.7512
257.7836
257.8017
257.8687
257.8918
257.904
257.9243
257.9668
258.0146
258.0524
258.0777
258.0924
258.2707
258.7899
259.0299
259.3274
259.3461
259.3616
259.4531
259.4672
259.4814
259.4905
259.5059
259.5327
259.5608
259.5999
259.6524
259.7157
259.8295
259.8518
260.6252
261.0605
261.0868
261.1666
261.1754
261.2031
261.2167
261.2401
261.2498
261.2723
261.2934
261.3071
261.3281
261.4035
261.4282
261.4647
261.5306
261.9726
262.036
262.267
262.2961
262.4424
262.4806
262.6202
262.673
262.69
262.964
262.9982
263.3128
263.4158
263.4308
263.6735
264.0435
264.065
264.1528
264.1767
264.198
264.669
264.7226
264.9928
265.184
265.3364
265.3486
265.3964
265.7697
265.828
266.1097
266.5119
266.5222
266.5381
266.5766
266.7264
266.7408
266.9523
266.9717
267.0457
267.0575
267.0657
267.0789
267.0952
267.1216
267.2413
267.3209
267.3696
267.4941
267.5044
267.5201
267.5455
267.6168
267.6633
267.6813
267.7726
267.8613
267.8833
267.8988
267.9586
267.9849
268.0362
268.053
268.0968
268.1123
268.1352
268.1491
268.2048
268.2223
268.2317
268.2442
268.2646
268.276
268.2897
268.3143
268.3258
268.3702
268.3942
268.4169
268.495
268.5273
268.5489
268.7594
268.8908
269.0045
269.0709
269.2159
269.2362
269.2997
269.5552
269.6108
269.6311
269.6936
269.7326
269.7588
269.7692
269.7863
269.799
269.8291
269.9509
269.9635
269.9704
269.9796
269.986
269.9971
270.0156
270.0736
270.1049
270.113
270.166
270.6357
270.6705
270.7595
270.79
270.9133
271.08
271.2127
271.2211
271.2258
271.233
271.2976
271.3061
271.3179
271.3396
271.3587
271.3749
271.4439
271.4631
271.4831
271.4943
271.5068
271.5251
271.5598
271.6046
271.6181
271.6328
271.6913
271.7093
271.8174
271.8381
271.9281
272.0771
272.1739
272.1947
272.2727
272.3066
272.3965
272.4161
272.4662
272.5963
272.6474
272.6873
272.8417
272.8635
272.8814
272.9388
273.0145
273.0251
273.0314
273.0557
273.0636
273.0738
273.0862
273.1217
273.1346
273.2176
273.2231
273.2285
273.24
273.2506
273.2646
273.2766
273.2887
273.3015
273.3337
273.3859
273.5601
273.9383
274.5071
274.5367
274.5478
275.0553
275.5408
275.5672
275.6686
276.1868
276.1921
276.1965
276.2061
277.2748
277.2976
277.316
278.5142
278.5222
278.5768
278.5909
278.6088
278.6483
278.6586
278.6675
278.6773
278.6845
278.69
278.6959
278.7022
278.7104
278.719
278.7271
278.7353
278.7681
278.7768
278.7891
278.8135
278.8286
278.85
278.86
278.8683
278.875
278.8805
278.8861
278.8965
278.9077
278.915
278.925
278.9462
278.9926
279.0036
279.0114
279.0215
279.0393
279.0526
279.0668
279.0908
279.1482
279.1661
279.1783
279.2064
279.2188
279.2347
279.2469
279.2554
279.2672
279.2833
279.3939
279.6006
279.6158
279.6483
280.0553
280.0718
280.0974
280.104
280.1116
280.118
280.1267
280.1377
280.1451
280.1542
280.1625
280.1703
280.1779
280.1917
280.1995
280.2131
280.2392
280.2484
280.2663
280.277
280.2839
280.292
280.2998
280.3115
280.3206
280.3324
280.3595
280.3808
280.3897
280.3954
280.4131
280.4423
280.4942
280.5218
280.5393
280.555
280.5761
280.5812
280.5882
280.5934
280.7181
280.8261
280.8473
280.8667
280.8766
280.8858
281.6904
281.7007
281.7118
281.7224
281.7322
281.7403
281.7517
281.8003
281.8068
281.8115
281.8276
281.8369
281.846
281.8624
281.8703
281.8754
281.8813
281.8892
281.9863
281.9984
282.0098
282.0175
282.0272
282.0372
282.0578
282.0655
282.0814
282.0953
282.1275
282.1323
282.1385
282.2196
282.2305
282.2428
282.2606
282.2684
282.2822
282.3797
282.4028
282.4231
282.436
282.4835
282.4941
282.508
282.5176
282.5645
282.6453
283.3584
283.3679
283.3776
283.3841
283.4005
283.4066
283.4195
283.4281
283.4365
283.4577
283.4718
283.4855
283.5028
283.5223
283.5315
283.5414
283.5487
283.5545
283.5596
283.5743
283.5806
283.5887
283.6032
283.6314
283.6703
283.6769
283.6927
283.712
283.7759
283.7884
283.7958
283.8037
283.8357
283.8462
283.9485
283.9546
283.96
283.9676
284.0514
284.0692
284.1194
284.1277
284.1353
284.1523
284.1948
284.2159
284.2546
284.2718
284.2785
284.2883
284.3046
285.0238
285.0342
285.0403
285.0663
285.0736
285.0842
285.1007
285.1093
285.1161
285.1202
285.1247
285.1288
285.1327
285.1368
285.1453
285.4275
285.6308
286.7901
287.1937
287.2051
287.5715
287.9756
289.9339
290.2287
290.2403
290.2481
290.2561
290.2675
290.2766
290.2889
290.2985
290.3097
290.3287
290.3865
290.3966
290.4086
290.4243
290.4336
290.4497
290.4615
290.4763
290.5027
290.5115
290.5185
290.5242
290.546
290.5525
290.5576
290.5628
290.5745
290.5843
290.6187
290.6364
290.6541
290.6655
290.6765
290.6932
290.7026
290.7308
290.8199
290.9063
290.9207
291.3752
291.4435
291.5065
291.5192
291.5361
291.5416
291.5619
291.5751
291.5827
291.5977
291.6512
291.6866
291.6992
291.7098
291.7383
291.7441
291.7506
291.7684
291.7941
291.814
291.8288
291.9284
291.9366
291.9426
291.9519
291.9661
291.9882
292.052
292.073
292.0798
292.1241
292.1356
292.1433
292.2098
292.2172
292.2345
292.251
292.2597
292.2879
292.3315
292.511
292.5291
293.1164
293.1237
293.1858
293.2019
293.2414
293.2481
293.2768
293.3096
293.315
293.35
293.3652
293.3756
293.3854
293.393
293.4106
293.4229
293.4498
293.4835
293.5015
293.5889
293.6075
293.6177
293.6349
293.6886
293.6944
293.7012
293.7133
293.7242
293.736
293.7441
293.8089
293.8148
293.8223
293.83
293.8421
293.8534
293.8633
293.8733
293.882
293.9408
293.964
293.9719
293.9819
293.9948
294.0925
294.3106
294.8028
294.8127
294.8274
294.8375
294.8632
294.8697
294.8815
294.8917
294.907
294.9216
294.9467
294.9607
295.0113
295.032
295.0787
295.0901
295.0974
295.1273
295.136
295.1521
295.2119
295.2386
295.2466
295.2568
295.2722
295.2829
295.2887
295.3181
295.3287
295.3378
295.3566
295.3688
295.4555
295.4736
295.4798
295.5098
295.5153
295.5227
295.5325
295.5386
295.5485
295.5576
295.5653
295.5851
295.6117
295.6211
295.6334
295.6496
295.6594
295.6694
295.8103
295.8289
296.3807
296.3905
296.4115
296.4239
296.5154
296.5263
296.5668
296.5805
296.591
296.6007
296.6101
296.6243
296.6657
296.6737
296.6931
296.7005
296.7073
296.7153
296.7245
296.7372
296.9837
296.9947
299.0347
299.0462
299.0537
299.0702
301.4057
301.6189
301.7262
301.7396
301.7929
301.8132
301.8331
301.8452
301.9324
302.0416
302.0989
302.1262
302.1489
302.1566
302.1657
302.1959
302.2103
302.3226
302.3344
302.3496
302.6651
302.681
302.8245
302.8976
302.938
303.0485
303.0723
303.1053
303.1847
303.2044
303.2395
303.274
303.3409
303.3662
303.386
303.4162
303.4301
303.4474
303.5304
303.6899
303.739
303.7585
303.923
304.02
304.5729
304.6793
304.6994
304.7213
304.7537
304.7644
304.9201
304.9358
304.9549
305.0183
305.0655
305.1306
305.191
305.3031
305.3234
305.3661
305.5568
306.2179
306.3017
306.349
306.3938
306.4342
306.5152
306.5424
306.6307
306.6533
306.669
306.6957
306.7235
306.8087
307.0187
307.0458
307.0983
307.1082
307.1172
307.1351
307.2635
307.7624
307.9032
307.9333
307.952
308.0477
308.107
308.1251
308.1624
308.1878
308.2664
308.2789
308.3016
308.452
312.1419
312.8982
312.9891
313.3007
313.3192
313.4832
313.5012
313.661
313.7156
313.9878
314.1257
314.1489
314.1787
314.2114
314.5642
315.2562
315.412
315.468
315.7728
315.8002
315.8575
315.8742
317.0396
317.4646
317.5255
318.7206
318.9923
319.0163
319.0475
319.1212
319.1499
319.2271
319.8805
319.8903
320.1647
320.178
320.1981
320.2054
323.1312
324.011
324.0219
324.5208
324.9211
326.2426
326.2969
327.6513
327.9834
329.549
329.5958
330.9596
330.9977
331.1216
332.8636
335.9762
336.3501
336.5033
337.259
337.2893
337.3775
337.4659
337.4887
337.6789
337.7113
337.752
337.7998
337.9149
337.9468
338.9147
338.9502
339.0911
339.2912
339.3119
339.4912
339.5039
339.5233
339.6713
339.6892
340.4136
340.6527
340.8008
341.0902
341.2137
341.274
341.2871
341.4102
341.4311
342.3179
342.3654
342.7905
342.823
342.859
342.8821
342.9621
343.3405
343.3499
343.3582
343.3751
343.4085
343.6449
344.3852
347.3469
347.5799
347.7651
348.0593
348.0792
348.1039
348.1536
348.1786
348.5209
348.6316
348.6521
348.7049
348.7416
348.765
348.8034
348.8184
348.8372
348.8858
348.9258
348.9421
348.9578
348.9799
349.0238
349.0596
349.0795
349.1273
349.2329
349.2896
349.9338
350.2842
350.3379
350.4048
350.4292
350.4763
350.5412
350.5675
350.5799
350.6067
350.646
350.6747
350.7096
350.8308
350.8713
350.9005
351.5196
351.9744
352.0116
352.103
352.1196
352.1491
352.1679
352.1863
352.2311
352.2472
352.2897
352.3069
352.3632
352.3838
352.4127
352.4919
352.5615
353.2154
353.4256
353.5531
353.646
353.7229
353.7325
353.7642
353.7978
353.8184
353.8528
353.9082
353.9241
353.9501
353.974
354.033
354.0576
354.1052
354.872
355.1169
355.1718
355.1961
355.24
355.3009
355.9107
359.2502
359.6489
359.659
359.6695
359.6965
359.7148
359.7237
359.7553
359.7671
359.8363
359.86
359.9051
359.9263
359.9559
360.046
360.0661
360.1008
360.1193
360.1359
360.1554
360.1774
360.2253
360.2539
360.3522
360.3799
360.5359
360.574
360.6052
360.6386
360.651
360.7095
360.7744
360.7897
360.7975
360.8197
360.843
360.8634
360.884
360.9001
360.9175
360.9518
360.9597
360.9786
361.0406
361.0516
361.0586
361.0832
361.127
361.1559
361.4128
361.4258
361.4437
361.4788
361.6096
361.6201
361.6528
361.7309
361.8379
361.8841
362.236
362.2723
362.3425
362.3569
362.3819
362.4583
362.4724
362.4868
362.5071
362.5331
362.5524
362.5612
362.5946
362.6037
362.6091
362.6163
362.6452
362.6585
362.6775
362.7084
362.7253
362.7498
362.8133
363.146
363.1877
363.2868
363.2983
363.3308
363.4438
363.4562
363.4725
363.6075
363.662
363.841
363.8561
363.8783
363.8987
363.977
363.9917
364.012
364.0308
364.1089
364.1296
364.1388
364.1608
364.1781
364.1847
364.2272
364.2346
364.2582
364.3164
364.3354
364.3441
364.3569
364.3679
364.4603
364.4785
364.4961
364.5125
364.8479
364.8697
364.8929
364.912
364.9486
364.9717
365.0936
365.1183
365.2447
365.2609
365.2783
365.31
365.5119
365.5224
365.5735
365.5779
365.5821
365.5867
365.5917
365.6221
365.6346
365.6495
365.7026
365.7561
365.7711
365.7975
365.808
365.8496
365.8672
365.8796
365.8937
365.9058
365.9245
365.9426
365.952
365.9638
365.9784
366.0678
366.0815
366.1939
368.0478
368.0575
368.0938
368.5891
369.1727
369.7602
371.2562
371.2695
371.2836
371.2939
371.3027
371.3148
371.3243
371.3321
371.34
371.3478
371.3543
371.3662
371.3724
371.3782
371.3858
371.3917
371.3984
371.4044
371.4109
371.4202
371.4352
371.4476
371.4705
371.5218
371.5342
371.5428
371.5535
371.5821
371.6074
371.6123
371.6196
371.628
371.6337
371.6389
371.6488
371.6566
371.7206
371.7383
371.7483
371.7693
371.7916
371.8039
371.8188
371.8549
371.8651
371.8722
371.8804
371.9102
371.9372
371.947
371.9669
371.9754
371.9858
372.0265
372.0484
372.3199
372.7161
372.7381
372.7456
372.7586
372.7723
372.7853
372.7936
372.8047
372.8144
372.8235
372.8312
372.8376
372.846
372.862
372.8702
372.9021
372.9127
372.9301
372.9451
372.9621
372.9709
372.9994
373.007
373.0156
373.1085
373.1521
373.1587
373.1665
373.1731
373.1782
373.1838
373.203
373.236
373.2468
373.2606
373.2741
373.3657
373.4091
373.4191
373.4296
373.5308
373.5591
373.5825
373.604
373.7689
374.3646
374.3866
374.3964
374.4023
374.4147
374.4232
374.4432
374.4532
374.4624
374.4842
374.495
374.5031
374.5105
374.5167
374.5227
374.5305
374.5408
374.5476
374.5557
374.5632
374.5776
374.633
374.6572
374.667
374.6749
374.6884
374.72
374.7252
374.747
374.7599
374.7746
374.7824
374.798
374.8171
374.8843
374.9287
374.9364
374.9554
374.9699
374.9823
375.1017
375.1121
375.1274
375.145
375.1543
375.166
375.1928
375.2451
375.3241
375.3373
375.5328
375.5497
376.0412
376.0507
376.0576
376.066
376.0755
376.0901
376.0981
376.1082
376.1173
376.123
376.1302
376.1383
376.1454
376.1528
376.1596
376.1779
376.1948
376.2165
376.2247
376.268
376.2771
376.2885
376.2987
376.3209
376.3271
376.3332
376.3417
376.3519
376.3688
376.4519
376.5094
376.516
376.5533
376.568
376.5804
376.5877
376.5977
376.6348
376.7411
376.7484
376.7588
376.7757
376.8094
376.8176
376.8742
376.8853
376.8951
376.9083
376.9791
376.9937
377.5836
377.7026
377.7217
377.7277
377.7368
377.7465
377.7556
377.7622
377.7709
377.776
377.7823
377.7882
377.7942
377.7991
377.8041
377.8119
377.8169
377.8237
379.5246
379.5398
379.7919
379.8006
379.8051
379.8253
379.8471
380.0486
380.0588
380.0894
380.4268
380.4575
380.4724
381.6427
382.4363
382.47
382.6805
382.7112
382.7947
382.8021
382.8068
382.8102
382.8439
382.8494
382.8542
382.8599
382.8658
382.8702
382.8755
382.8813
382.8975
382.9537
382.9607
382.9692
382.9936
383.001
383.01
383.017
383.0463
383.0517
383.0712
383.0803
383.2145
383.2235
383.2329
383.2375
383.2419
383.2535
383.2722
383.3086
383.3187
383.361
383.4545
383.4624
383.4682
383.4781
383.4829
383.4914
383.4985
383.5107
383.5285
383.6031
383.6159
383.7038
383.7139
383.7198
383.7288
383.7361
383.7447
383.7701
383.7882
383.8087
383.829
383.8558
383.9572
383.9643
383.9714
383.9888
384.0003
384.011
384.0227
384.0786
384.1005
384.1159
384.2016
384.2103
384.2181
384.2287
384.2371
384.2481
384.266
384.3191
384.3324
384.3548
384.4703
384.477
384.4846
384.4894
384.4965
384.5072
384.5301
384.5505
384.5678
384.5945
384.6087
384.6977
384.7064
384.7143
384.721
384.7286
384.7353
384.7445
384.7582
384.7649
384.7939
384.8005
384.8168
384.8366
384.8493
384.9506
384.959
384.9658
384.9731
384.983
384.9908
385.0011
385.0683
385.0888
385.0953
385.1079
385.114
385.1914
385.2021
385.2204
385.2288
385.2377
385.2501
385.2627
385.2809
385.3061
385.3325
385.3426
385.3688
385.4544
385.4612
385.4659
385.4732
385.4797
385.4856
385.4967
385.5251
385.5476
385.5566
385.5899
385.6054
385.6181
385.7006
385.7067
385.718
385.7267
385.7323
385.822
386.2287
386.2425
387.024
387.7472
387.7719
387.7891
387.851
387.8646
387.9071
387.9292
387.9414
387.9854
388.002
388.032
388.0474
388.1699
388.193
388.2156
388.2311
388.2386
388.2468
388.4465
388.4712
388.4798
388.5389
388.5631
388.6947
388.7057
388.7184
388.7304
388.9295
388.9403
388.9716
389.0193
389.0317
389.1663
389.1804
389.1999
389.2154
389.2244
389.265
389.4307
389.4544
389.4677
389.5018
389.6785
389.6975
389.7092
389.7222
389.7413
389.7559
389.9174
389.9275
389.9539
389.971
389.9888
390.0129
390.1699
390.1836
390.2099
390.2204
390.2334
390.2718
390.2849
390.4207
390.4429
390.4604
390.4692
390.4855
390.4993
390.54
390.6518
390.6678
392.0796
392.8784
393.0791
393.1383
393.3171
393.3564
393.5648
393.5883
393.6149
393.8046
393.851
394.0475
394.0736
394.0997
394.251
394.3258
394.3656
394.5602
394.5743
394.8298
395.233
395.3073
395.5502
395.566
395.5791
397.6649
397.6734
397.6878
397.6937
397.702
400.8989
401.3059
401.7274
401.9038
401.9269
401.9735
402.1377
402.6278
402.6348
402.6498
406.2793
407.5526
407.7376
407.7508
407.9899
408.0111
408.1777
408.2393
408.2599
408.4296
408.5026
408.6772
408.7051
408.7452
408.901
408.9457
409.1565
409.1794
409.2139
409.2312
409.3917
409.4054
409.4522
409.6962
409.7406
409.9879
410.1803
410.2267
410.2503
410.4023
410.4865
412.0168
412.4763
412.5663
412.5794
412.5863
412.5979
412.6031
412.6083
412.6151
412.623
412.6447
412.6594
412.677
412.7139
412.7242
412.7295
412.7342
412.7425
412.8552
412.9677
412.9759
412.9801
412.9866
412.9966
413.0162
413.217
413.2274
413.2367
413.2724
413.3432
413.4695
413.476
413.4842
413.4972
413.5159
413.7065
413.7181
413.7268
413.7366
413.7481
413.7664
413.9602
413.9702
413.9801
413.9943
414.0934
414.2063
414.2184
414.2291
414.2402
414.4559
414.4635
414.472
414.4879
414.5023
414.575
414.598
414.7151
414.7234
414.7355
414.7494
414.81
414.8293
414.8531
414.9509
414.9704
414.99
415.0801
415.1893
415.1992
415.2071
415.2153
415.2332
415.256
415.3155
415.3256
415.3366
415.4498
415.4581
415.4738
417.5245
417.5747
417.5819
417.5873
417.5919
417.5955
417.6052
417.6093
417.6172
417.6268
417.6364
417.642
417.6552
417.7197
417.7291
417.7338
417.7387
417.7474
417.7543
417.7611
417.7665
417.8438
417.857
417.8776
417.8845
417.8939
417.9798
417.9842
417.9912
417.997
418.0088
418.092
418.1252
418.1344
418.2256
418.2315
418.2372
418.2539
418.3634
418.3679
418.3765
418.4696
418.4757
418.4815
418.4894
418.496
418.5093
418.5261
418.6019
418.6253
418.6373
418.7254
418.7325
418.7387
418.7503
418.7598
418.8318
418.8763
418.9775
418.9843
418.9912
418.998
419.0052
419.0148
419.0798
419.1007
419.1196
419.1286
419.2252
419.2296
419.2362
419.2662
419.3418
419.3533
419.3672
419.4697
419.4837
419.4904
419.4963
419.5085
419.5223
419.5344
419.585
419.5976
419.6246
419.7179
419.7279
419.734
419.7421
419.7555
419.7621
419.7874
419.8355
419.8579
419.9656
419.9735
419.98
419.9895
419.9979
420.009
420.0227
420.0872
420.0945
420.1025
420.1131
420.2107
420.2194
420.2253
420.2337
420.2409
420.2476
420.2632
420.3132
420.3221
420.3345
420.3458
420.3554
420.4625
420.4696
420.4797
420.4855
421.2185
422.5087
422.5296
422.5373
422.5425
422.5563
422.5628
422.5672
422.5721
422.5761
422.5809
422.5919
422.6023
422.6076
422.612
422.6691
422.6929
422.7338
422.7768
422.8245
422.8362
422.9456
422.9594
422.9647
422.978
422.9993
423.0144
423.0293
423.0856
423.1068
423.2015
423.2075
423.2132
423.2201
423.2356
423.2557
423.3245
423.3419
423.4519
423.4598
423.4666
423.4755
423.4872
423.5636
423.5703
423.5778
423.5953
423.7005
423.7136
423.7254
423.7516
423.8239
423.8409
423.8506
423.942
423.9514
423.9566
423.962
423.9825
424.0158
424.0634
424.0697
424.0952
424.1975
424.2036
424.2084
424.2144
424.2274
424.3117
424.3187
424.3461
424.4415
424.4486
424.4566
424.4677
424.478
424.5063
424.5156
424.5655
424.5761
424.6174
424.6878
424.6973
424.7057
424.7112
424.7183
424.7311
424.7819
424.8091
424.8195
424.8346
424.842
424.9227
424.9325
424.9424
424.9482
424.9552
424.9639
425.048
425.0572
425.0715
425.0818
425.1814
425.1895
425.1954
425.2027
425.2226
425.2402
425.3051
425.3126
425.3272
425.3362
425.3583
425.4234
427.476
427.4849
427.4938
427.5009
427.5078
427.5167
427.5342
427.6134
427.6233
427.6323
427.6413
427.6513
427.6583
427.7675
427.9414
427.9515
428.1557
428.1988
428.2139
428.4468
428.4636
428.5096
428.68
428.6902
428.7046
428.9306
428.9423
428.9886
429.1564
429.1781
429.1913
429.2144
429.2491
429.4026
429.4179
429.4346
429.457
429.4827
429.6467
429.6761
429.6868
429.7351
429.8947
429.903
429.9105
429.9225
429.9659
429.9807
430.1506
430.1646
430.1759
430.1996
430.2191
430.4119
430.4286
432.4205
432.4274
432.5649
432.7944
433.041
433.2389
433.3011
433.5357
433.5557
433.7869
434.0415
434.255
434.2845
434.3149
434.5283
434.7878
434.8114
435.026
435.0448
435.3001
437.3934
437.4084
440.579
441.3327
442.3702
442.3804
443.3457
443.7475
445.7937
447.051
447.453
447.4697
447.7052
447.7177
447.9567
447.9733
448.1516
448.2036
448.3993
448.6717
448.905
448.9607
449.1666
449.2001
449.3912
449.4045
449.4662
449.6272
449.6898
449.8855
449.9471
450.1392
450.1858
450.2093
452.296
452.3004
452.3247
452.3352
452.3483
452.3709
452.3911
452.3986
452.4293
452.4353
452.4418
452.4512
452.4578
452.4636
452.561
452.6907
452.7015
452.714
452.8029
452.8216
452.9393
452.9469
452.9552
452.9699
453.0659
453.1719
453.1876
453.1964
453.2075
453.2177
453.3123
453.3306
453.4359
453.4506
453.473
453.5564
453.5838
453.6833
453.7016
453.7086
453.7203
453.799
453.8132
453.9303
453.9449
453.9638
454.0444
454.0631
454.1662
454.1827
454.1951
454.2109
454.4251
454.4348
454.4436
454.4553
454.5298
454.5409
454.5589
454.6698
454.6792
454.6855
454.6977
454.727
454.7824
454.7974
454.914
454.9205
454.9356
454.9474
454.9562
455.024
455.0342
455.0474
455.1574
455.1693
455.1756
455.1817
455.1912
455.1969
457.2609
457.2774
457.2917
457.2985
457.3049
457.3089
457.3131
457.318
457.3229
457.3268
457.3308
457.3345
457.3383
457.3467
457.3519
457.3596
457.3667
457.3873
457.3995
457.4392
457.447
457.4563
457.4799
457.5614
457.5712
457.5848
457.5937
457.6018
457.6195
457.638
457.6453
457.7078
457.7138
457.7205
457.7245
457.7319
457.8251
457.8436
457.9426
457.95
457.9567
457.9641
457.9718
457.9996
458.0545
458.077
458.0895
458.1981
458.206
458.2134
458.238
458.2598
458.3096
458.3252
458.3322
458.3482
458.4454
458.4542
458.4611
458.4702
458.4797
458.487
458.4967
458.5371
458.5527
458.5898
458.6125
458.6913
458.6996
458.7069
458.7179
458.7263
458.8061
458.822
458.8304
458.9422
458.9488
458.9546
458.9609
458.9708
458.9781
458.9914
459.0105
459.0616
459.0756
459.0813
459.1013
459.1946
459.2024
459.2118
459.22
459.236
459.2534
459.2783
459.2924
459.3296
459.3402
459.4402
459.4479
459.4614
459.4736
459.4898
459.5253
459.5362
459.5621
459.5705
459.5767
459.5863
459.5999
459.6845
459.691
459.6998
459.7091
459.7327
459.7925
459.7992
459.8204
459.8288
459.8492
459.9376
459.9435
459.9524
459.958
459.9661
459.9793
460.0277
460.0409
460.0529
460.0631
460.0748
460.0841
460.1016
460.1786
460.1861
460.1967
460.2047
460.2137
462.2325
462.2465
462.2536
462.2589
462.2639
462.2684
462.2729
462.2776
462.283
462.2875
462.2923
462.2971
462.3016
462.3089
462.3155
462.3261
462.336
462.3436
462.3908
462.4033
462.4288
462.4475
462.4679
462.5166
462.5378
462.6704
462.6769
462.6844
462.6978
462.7284
462.7508
462.7942
462.8181
462.9266
462.9331
462.9429
462.9725
462.9933
463.0045
463.0443
463.1735
463.1811
463.1873
463.197
463.2083
463.2252
463.2545
463.2937
463.313
463.4084
463.4191
463.4273
463.44
463.4533
463.5454
463.5574
463.6614
463.6689
463.6758
463.684
463.6926
463.7001
463.7307
463.746
463.7689
463.7756
463.9087
463.9171
463.9221
463.9371
463.9459
463.9617
464.0315
464.0459
464.1657
464.1721
464.184
464.1956
464.2035
464.2328
464.2795
464.2977
464.4092
464.4163
464.4232
464.4288
464.4373
464.4433
464.4506
464.468
464.5099
464.543
464.5762
464.6575
464.6655
464.6731
464.6852
464.6965
464.7078
464.7267
464.7531
464.7625
464.7842
464.7977
464.8131
464.8377
464.9063
464.9215
464.9379
464.9452
464.9591
464.9674
465.0159
465.0255
465.037
465.0435
465.054
465.063
467.2151
467.2305
467.2401
467.2496
467.3444
467.3727
467.4058
467.4163
467.4488
467.6652
467.6854
467.7119
467.7217
467.9132
467.9247
467.9328
467.9625
468.1493
468.1663
468.1932
468.3607
468.3871
468.4175
468.4338
468.4424
468.4584
468.6281
468.6526
468.6632
468.6724
468.7357
468.8865
468.9019
468.9146
468.9343
468.9612
469.1178
469.1514
469.1651
469.1973
469.3552
469.3735
469.3973
469.4088
469.4273
469.453
469.6309
469.6488
469.6582
469.6955
469.7144
469.876
469.8877
469.9107
469.9387
469.9734
470.1138
472.5306
472.7427
472.757
472.8167
473.0379
473.0532
473.2614
473.2835
473.4948
473.728
473.7491
473.9937
474.0089
474.2461
474.2667
474.5037
474.7601
474.7924
475.0007
475.06
477.106
477.1148
477.123
477.1316
477.1374
480.2998
480.3067
480.3192
482.0978
487.0147
487.0335
487.1923
487.3837
487.4378
487.6492
487.6728
487.6994
487.8981
487.9253
488.1422
488.1684
488.3952
488.4195
488.6032
488.6282
488.6883
488.8879
488.91
488.9265
489.1564
489.1745
489.3608
489.3851
489.4264
489.6371
489.6755
489.8968
490.2482
492.0074
492.0226
492.0263
492.0327
492.0389
492.0452
492.0515
492.0581
492.0787
492.105
492.1501
492.1561
492.1597
492.1636
492.1703
492.1936
492.2831
492.3011
492.4133
492.4205
492.4292
492.4442
492.5584
492.6547
492.6634
492.6895
492.7842
492.9061
492.9131
492.922
493.0141
493.0272
493.1455
493.1612
493.1696
493.1924
493.2065
493.3963
493.4086
493.4187
493.4344
493.445
493.5271
493.6483
493.6577
493.6651
493.6774
493.7003
493.7643
493.7765
493.893
493.8996
493.9083
493.9223
493.942
494.0238
494.0387
494.1353
494.144
494.1557
494.1655
494.2555
494.2631
494.2789
494.3867
494.3957
494.4081
494.4162
494.4832
494.4992
494.5086
494.5938
494.633
494.6398
494.6666
494.6834
494.7471
494.8756
494.8832
494.9015
494.9101
494.9326
497.011
497.017
497.0219
497.0261
497.0296
497.0328
497.0366
497.0408
497.0499
497.0538
497.0577
497.062
497.0669
497.0717
497.0794
497.0875
497.0946
497.1058
497.1158
497.1523
497.1699
497.1777
497.1868
497.1955
497.2599
497.2752
497.2829
497.3046
497.3162
497.3614
497.417
497.4237
497.4342
497.4527
497.4628
497.4706
497.5381
497.5529
497.5632
497.661
497.6699
497.6776
497.6886
497.6986
497.713
497.7686
497.7811
497.8014
497.8252
497.914
497.9196
497.9244
497.9298
497.9378
497.9519
498.0311
498.0465
498.0561
498.1604
498.1671
498.1739
498.18
498.1873
498.1939
498.2001
498.2066
498.2951
498.4064
498.4139
498.4202
498.4268
498.4334
498.4442
498.473
498.5157
498.5292
498.5429
498.5622
498.6609
498.669
498.6759
498.684
498.6946
498.7018
498.7115
498.7381
498.7503
498.7658
498.8038
498.9089
498.9143
498.9198
498.9261
498.934
498.942
498.9488
498.954
498.9729
499.0344
499.0418
499.0523
499.0695
499.158
499.1646
499.1775
499.1832
499.1997
499.2094
499.2199
499.2392
499.2629
499.2714
499.2803
499.4001
499.4066
499.4202
499.4348
499.4446
499.4531
499.5256
499.5332
499.5396
499.5512
499.654
499.6594
499.6652
499.6717
499.6772
499.6844
499.6944
499.7236
499.7372
499.7457
499.7551
499.764
499.7704
499.8981
499.9074
499.916
499.9249
501.2942
501.9291
501.961
501.9693
501.9753
501.9846
501.9915
501.9957
502.0007
502.0053
502.0145
502.0185
502.024
502.0284
502.0341
502.0478
502.055
502.1014
502.1377
502.1621
502.2478
502.2602
502.288
502.3097
502.3913
502.4004
502.4203
502.4326
502.4496
502.4575
502.4642
502.4817
502.5221
502.6431
502.6489
502.6593
502.681
502.7173
502.7493
502.7604
502.7754
502.8766
502.8879
502.8954
502.9056
502.9238
502.949
502.9576
503.0012
503.0126
503.0258
503.0375
503.1243
503.1485
503.1545
503.1992
503.2098
503.2313
503.2504
503.2717
503.3686
503.3824
503.3903
503.413
503.4365
503.4903
503.5026
503.5118
503.5242
503.6238
503.6329
503.6425
503.654
503.6694
503.7003
503.7354
503.7485
503.7778
503.8707
503.8821
503.8884
503.8947
503.9099
503.9623
503.9757
503.9877
504.008
504.0198
504.0402
504.125
504.1349
504.1425
504.1508
504.1675
504.2069
504.2511
504.2634
504.2793
504.3074
504.3836
504.3951
504.4054
504.4166
504.4738
504.4829
504.4895
504.4965
504.5019
504.5095
504.5557
504.6021
504.6303
504.6373
504.6873
504.6935
504.73
504.7399
504.75
504.764
504.7712
504.7792
504.8025
504.8719
504.8825
506.9245
506.9338
506.9382
506.9623
506.9969
507.0139
507.0434
507.0932
507.1121
507.3623
507.3731
507.383
507.3892
507.4001
507.6131
507.6334
507.6664
507.8511
507.8624
507.8774
507.8949
507.9605
508.1187
508.1275
508.1469
508.1624
508.1833
508.351
508.3754
508.3932
508.5921
508.6054
508.6123
508.6207
508.6298
508.65
508.688
508.8398
508.8565
508.8675
508.8779
509.0839
509.0926
509.1107
509.1246
509.1387
509.1836
509.1952
509.3295
509.348
509.3714
509.5799
509.5894
509.6076
509.6174
509.645
509.6674
509.83
509.8634
512.4799
512.49
512.744
512.9590000000001
513.2130999999999
513.4982
513.7361
513.9817
513.9911
514.1946
514.4493
514.4678
514.715
514.7498000000001
516.8304000000001
516.8534999999999
520.9863
521.3042
521.7797
521.7852
521.7907
524.2797
526.8764
526.8826
526.8885
526.8963
527.1496
527.3721
527.3887999999999
527.6182
527.6324999999999
527.6464
527.8802000000001
527.9014999999999
528.127
528.1364
528.3820000000001
528.5958000000001
528.6432
528.658
528.8347
528.8648000000001
528.8945
529.1052999999999
529.1313
529.3627
529.3865000000001
529.5931
529.6122
529.6226
531.6985
531.7166
531.7323
531.7419
531.7464
531.751
531.7604
531.7742000000001
531.7876
531.8004
531.8489
531.8681
531.8731
531.8776
531.8860999999999
531.9001000000001
531.9861
531.9958
532.0126
532.1277
532.1419
532.1638
532.2361
532.2536
532.3478
532.3787
532.3977
532.5857
532.6249
532.6405
532.7328
532.7531
532.8627
532.8705
532.8832
532.9037
532.9985
533.1098
533.1284000000001
533.1376
533.1469999999999
533.2215
533.2317
533.3672
533.3797999999999
533.3929000000001
533.4165
533.4799
533.4934000000001
533.5866
533.616
533.6291
533.6374000000001
533.6555
533.7286
533.7354
533.7489
533.8491
533.8584
533.8697
533.8768
533.891
533.9718
533.9795
533.9898000000001
534.1011
534.1102
534.1193000000001
534.1312
534.2190000000001
534.2293999999999
534.3416
534.3493
534.3588
534.3741
534.4764
534.4851
534.5603
534.5817
534.6268
534.6393
536.7237
536.7302
536.7347
536.7396
536.7446
536.749
536.7532
536.7571
536.7619999999999
536.7657
536.7701
536.7739
536.7782999999999
536.7846
536.7903
536.7954999999999
536.8009999999999
536.8239
536.8731
536.8851999999999
536.8953
536.9059999999999
536.9369
536.9507
537.0174
537.0234
537.0334
537.0418999999999
537.0732
537.0918
537.1372
537.1482
537.1593
537.1827000000001
537.2358
537.2570000000001
537.2713
537.2836
537.3731
537.3805
537.3862
537.4039
537.4165
537.4242
537.4348
537.4944
537.516
537.6301
537.6378
537.6441
537.6514
537.6612
537.6825
537.7544
537.7628999999999
537.771
537.783
537.7932000000001
537.8792
537.8842
537.8913
537.8999
537.9071
537.919
537.9798000000001
538.0017
538.0201
538.0271
538.1161999999999
538.123
538.1288999999999
538.1351999999999
538.1539
538.1644
538.1849999999999
538.2126000000001
538.2255
538.2617
538.3779999999999
538.3831
538.3876
538.3924
538.41
538.418
538.4357
538.4759
538.4880000000001
538.6134999999999
538.6219
538.6285
538.6333
538.6402
538.6622
538.6922999999999
538.7035
538.7296
538.74
538.7545
538.7661000000001
538.8645
538.8712
538.8791
538.8896
538.8987999999999
538.9096
538.9728
538.9819
538.9902
539.0047
539.0131
539.0373
539.1179999999999
539.124
539.13
539.1405999999999
539.1468
539.1574000000001
539.1671
539.1994999999999
539.2155
539.2275
539.2535
539.2669
539.3601
539.3665
539.3721
539.3795
539.3889
539.4001000000001
539.4179
539.4635000000001
539.4765
539.4880000000001
539.4965999999999
539.5063
539.6138
539.6221
541.8126999999999
544.8349000000001
545.5001
546.2373
546.5227
547.4145
548.3672
