12.1245
12.1527
12.1582
12.3276
12.3408
12.3513
12.3558
12.5101
12.6294
12.7818
12.7854
12.8224
12.885
12.952
12.9661
13.0131
13.0501
13.0921
13.1983
13.2379
13.2451
13.2729
13.3013
13.3131
13.3382
13.4171
13.4503
13.4925
13.5771
13.6593
13.8139
13.8267
13.9387
14.0618
14.1128
14.1641
14.5094
14.5528
14.5755
14.6932
14.7899
14.8176
14.9065
14.9113
14.921
15.0293
15.0533
15.121
15.1725
15.2283
15.4061
15.4884
15.5177
15.6652
15.7458
15.7738
15.8802
15.9849
16.0999
16.2202
16.3008
16.436
16.4898
16.5197
16.5928
16.6323
16.6371
16.6886
16.7315
16.7953
16.8088
16.9793
17.0054
17.0333
17.0605
17.1696
17.259
17.3208
17.369
17.665
17.815
17.8977
18.0999
18.124
18.1878
18.2422
18.3337
18.4384
18.4821
18.5222
18.5286
18.6024
18.6596
18.7166
18.7294
18.819
18.8984
18.9046
18.9124
19.1105
19.2979
19.4116
19.6369
19.7111
19.8031
19.8771
20
20.2844
20.6349
23.7067
23.717
23.9363
23.9834
24.3281
24.367
24.4274
24.4349
24.5116
24.5169
24.6136
24.6555
24.7162
24.7747
24.7934
24.8357
24.9573
24.9789
25.0185
25.0538
25.109
25.1555
26.0533
26.266
26.3582
26.3925
26.4548
26.4867
26.4932
26.5146
26.5208
26.5589
26.5833
26.5985
26.6057
26.6181
26.642
26.7425
26.8605
26.9546
27.0946
27.2221
27.3714
27.4689
27.4778
27.5482
27.681
27.718
27.7942
27.8541
27.9021
27.9571
28.0008
28.0342
28.0842
28.1095
28.1318
28.1699
28.2109
28.2377
28.2551
28.2859
28.3486
28.395
28.4059
28.5225
28.587
28.6675
29.0533
29.377
29.4596
29.5944
29.656
29.7265
29.8157
29.9328
29.9587
29.9883
29.9914
30.0447
30.1198
30.1734
30.2954
30.3087
32.3406
32.5595
32.6482
32.8239
33.0061
33.4944
33.7066
33.7223
33.8902
35.2915
35.3043
35.4847
35.5781
35.611
35.632
35.6974
35.7324
35.8046
36.0251
36.0584
36.1026
36.2321
36.3912
36.506
36.5743
36.6422
36.6905
36.7128
36.7833
36.7979
36.9516
36.9665
37.0249
37.0471
37.0545
37.382
37.791
38.095
38.145
38.1818
38.28
38.2847
38.3186
38.3321
38.375
38.4042
38.4477
38.4612
38.5127
38.5534
38.5621
38.5943
38.6307
38.655
38.7027
38.8187
38.9298
39.0461
39.0718
39.2767
39.3851
39.5584
39.6501
39.6715
39.6931
39.7688
39.832
39.8576
39.9044
39.9561
39.9722
40.0009
40.0614
40.0722
40.0975
40.1797
40.1888
40.2447
40.3208
40.3832
40.406
40.4657
40.6323
40.6889
40.8725
41.1137
41.304
41.3406
41.3869
41.4479
41.4991
41.5194
41.5459
41.6024
41.6165
41.652
41.6875
41.7212
41.8015
41.8212
41.877
41.8824
41.9627
41.967
42.0136
46.8725
47.0671
47.0806
47.0914
47.1002
47.1259
47.1512
47.1888
47.2088
47.2866
47.3496
47.3971
47.4997
47.5263
47.5516
47.6011
47.6142
47.6521
47.6777
47.7049
47.7549
47.7808
47.7941
47.822
47.8631
47.8919
47.9182
47.9371
47.9645
47.9887
48.0623
48.0831
48.1526
48.195
48.3221
48.385
48.4862
48.5941
48.6318
48.7046
48.7295
48.9443
48.9858
48.9926
49.1379
49.1561
49.2375
49.2598
49.31
49.3445
49.3687
49.4182
49.4466
49.4748
49.5009
49.5144
49.5495
49.5754
49.6171
49.6389
49.6664
49.748
49.7845
50.4087
50.4783
50.5971
50.8224
50.8721
50.9112
50.9994
51.0565
51.1722
51.1983
51.262
51.3041
51.3314
51.3509
51.4344
51.4568
51.6384
51.979
52.0684
52.1483
52.422
52.4553
52.5196
52.5509
52.6076
52.7467
52.7604
52.792
52.8151
52.8456
52.8699
52.8944
52.9442
52.9499
52.9967
53.0464
53.1098
53.185
53.3243
53.3481
53.4578
53.4605
53.4643
53.6656
53.6691
53.6889
58.4541
58.4951
58.4988
58.5538
58.5808
58.613
58.6406
58.6652
58.6841
58.7384
58.8884
58.9388
58.9968
59.0721
59.1535
59.3005
59.4335
59.4717
59.5067
59.5704
59.6059
59.6459
59.7155
59.7484
59.7657
59.8016
59.8318
59.856
59.9214
59.9567
59.997
60.0331
60.0696
60.073
60.1251
60.1859
60.2067
60.2508
60.3152
60.3846
60.4677
60.5479
60.6277
60.8139
60.9632
61.0008
61.0699
61.1947
61.212
61.277
61.3056
61.3713
61.4688
61.6287
61.6486
61.6665
61.7648
61.7888
61.8064
62.0352
62.0677
62.6404
62.7396
62.7849
62.8544
62.8772
63.0244
63.0881
63.1242
63.1676
63.1905
63.3459
63.3975
63.4211
63.4645
63.4903
63.601
63.7009
64.30589999999999
64.31699999999999
64.4055
64.44410000000001
64.54730000000001
64.60429999999999
64.6095
64.6658
64.6725
64.7114
64.7406
64.7748
64.8201
64.8283
64.872
64.9593
65.0042
65.0382
65.06359999999999
65.1812
65.24039999999999
65.2467
65.2666
70.0339
70.0397
70.05110000000001
70.0643
70.0787
70.1053
70.1555
70.1721
70.2127
70.23520000000001
70.2535
70.2983
70.3326
70.4396
70.497
70.50230000000001
70.614
70.68559999999999
70.76560000000001
70.81959999999999
71.05540000000001
71.0792
71.09059999999999
71.1709
71.20959999999999
71.29179999999999
71.3139
71.3497
71.3798
71.40519999999999
71.4251
71.4388
71.4653
71.4785
71.4978
71.5605
71.64749999999999
71.7102
71.7436
71.785
71.8087
71.8695
71.92829999999999
71.9541
71.9662
72.0104
72.1037
72.2949
72.3261
72.48560000000001
72.55110000000001
72.6658
72.7705
72.77809999999999
72.801
72.83499999999999
72.8736
72.9284
72.9498
73.0142
73.0393
73.05759999999999
73.1203
73.1414
73.1651
73.2158
73.2353
73.2593
73.29179999999999
73.3771
73.4556
73.5077
73.5847
73.6027
73.6905
73.70269999999999
73.7272
73.75149999999999
73.80889999999999
74.0248
74.13079999999999
74.2473
74.33799999999999
74.37390000000001
74.4858
74.4995
74.56180000000001
74.5939
74.6087
74.6254
74.7141
74.76739999999999
74.7865
74.8826
74.88849999999999
74.9083
74.96429999999999
74.9953
75.0316
75.0956
75.10590000000001
75.19029999999999
75.2702
75.3582
75.3981
75.49039999999999
75.5239
75.5454
75.5515
75.6405
75.8062
75.92910000000001
75.9735
76.04510000000001
76.09529999999999
76.1249
76.1485
76.2274
76.2486
76.3322
76.3925
76.4301
76.5448
76.5771
76.60080000000001
76.6152
76.62430000000001
76.6399
76.651
76.706
76.827
81.61109999999999
81.6165
81.6233
81.6275
81.7148
81.7427
81.7641
81.79049999999999
81.8272
82.0564
82.0899
82.1011
82.1279
82.17910000000001
82.2227
82.33629999999999
82.3917
82.42529999999999
82.4408
82.5333
82.5416
82.66160000000001
82.7032
82.7504
82.786
82.8177
82.87139999999999
82.90649999999999
82.92059999999999
82.98690000000001
83.01690000000001
83.0513
83.1285
83.1486
83.18040000000001
83.2501
83.2788
83.3344
83.4281
83.4761
83.7848
83.8098
83.8563
83.9084
83.9577
84.00620000000001
84.026
84.1056
84.17440000000001
84.22150000000001
84.2594
84.30410000000001
84.3253
84.34610000000001
84.36409999999999
84.38200000000001
84.4646
84.53230000000001
84.6078
84.6317
84.7109
84.7313
84.7756
84.7902
84.8295
84.8827
84.9378
84.9769
85.2658
85.3387
85.40949999999999
85.4819
85.5124
85.5431
85.7544
85.7659
85.78879999999999
85.8194
85.9055
85.932
85.9606
85.9817
85.9862
86.0934
86.1678
86.1875
86.22750000000001
86.25279999999999
86.2653
86.2928
86.30970000000001
86.3231
86.41079999999999
86.4866
86.6435
86.91540000000001
86.9541
86.97969999999999
87.1592
87.1956
87.2651
87.42010000000001
87.48609999999999
87.5534
87.60980000000001
87.669
87.685
87.7332
87.7496
87.7564
87.78619999999999
87.85720000000001
87.9051
87.9238
87.99769999999999
88.02370000000001
88.0454
88.1194
88.1567
88.2071
88.2174
88.2393
88.2749
88.30370000000001
88.3331
88.4207
88.4821
88.5412
88.5727
88.6733
88.6923
88.70610000000001
88.7784
88.82810000000001
88.8536
88.87690000000001
88.89660000000001
88.94
88.9735
89.0155
89.0457
89.1463
89.15009999999999
89.1816
89.2805
89.34
89.4145
89.5013
89.5642
89.611
93.2002
93.2093
93.2276
93.3524
93.38420000000001
93.4204
93.4365
93.4666
93.4894
93.51049999999999
93.5472
93.59399999999999
93.9302
93.9819
94.0432
94.1382
94.20910000000001
94.24169999999999
94.3381
94.4541
94.4883
94.56789999999999
94.6294
94.7599
94.8537
94.9521
95.00409999999999
95.04770000000001
95.06699999999999
95.0779
95.1134
95.1176
95.1974
95.28360000000001
95.35590000000001
95.38720000000001
95.50749999999999
95.57680000000001
95.6645
95.7077
95.881
95.92749999999999
96.0562
96.098
96.1352
96.2355
96.2607
96.2753
96.2971
96.3099
96.3509
96.37820000000001
96.4736
96.5474
96.5907
96.62439999999999
96.7047
96.75320000000001
96.8083
96.8567
97.023
97.1718
97.1833
97.20829999999999
97.2308
97.4242
97.63939999999999
97.6653
97.7264
97.7615
97.846
97.9061
97.9353
98.0172
98.1037
98.1563
98.18300000000001
98.211
98.2525
98.3254
98.4196
98.4678
98.5159
98.63930000000001
98.6682
98.6878
98.83110000000001
98.89879999999999
99.0213
99.2149
99.2702
99.3449
99.3995
99.4083
99.4479
99.54730000000001
99.55370000000001
99.583
99.6726
99.7628
99.7795
99.82989999999999
99.864
99.88890000000001
99.9019
99.9654
100.0424
100.0475
100.0796
100.1241
100.1866
100.2363
100.3
100.3296
100.3618
100.3883
100.4307
100.4482
100.4706
100.4827
100.5359
100.5816
100.6235
100.649
100.7576
100.7808
100.8953
100.9319
100.9854
101.0027
101.0385
101.0944
101.1862
101.2242
101.2441
101.2787
101.327
101.3585
101.419
101.5095
101.5554
101.6371
101.6808
101.7196
101.869
104.7899
104.7933
104.8064
104.9121
104.9385
105.0072
105.014
105.072
105.0837
105.1048
105.2163
105.3157
105.3924
105.4763
105.5371
105.6139
105.6693
105.6917
105.7352
105.8372
105.8599
105.881
105.9198
106.0135
106.0325
106.0542
106.109
106.1947
106.3341
106.3747
106.3896
106.4947
106.5252
106.6469
106.7149
106.7222
106.9942
107.0228
107.1335
107.1814
107.2076
107.2618
107.402
107.4717
107.4792
107.5157
107.5431
107.5595
107.5915
107.6233
107.653
107.7331
107.7488
107.8238
107.8528
107.9584
107.9949
108.0513
108.1101
108.1368
108.2584
108.2883
108.3416
108.4071
108.5762
108.5949
108.6946
108.7242
108.826
108.8634
108.9112
108.998
109.0725
109.1419
109.1569
109.2074
109.2301
109.2589
109.3089
109.3178
109.3706
109.4106
109.4311
109.5671
109.6284
109.6732
109.7188
109.7579
109.7771
109.8154
109.8452
109.8828
109.9066
110.0001
110.006
110.0495
110.2062
110.2739
110.3894
110.4668
110.5639
110.6389
110.7505
110.7674
110.7927
110.828
110.8616
110.9115
110.9358
111.0281
111.0466
111.0941
111.1331
111.2408
111.322
111.3385
111.367
111.3783
111.4128
111.4452
111.4615
111.4712
111.5457
111.5604
111.576
111.712
116.3648
116.3672
116.3737
116.399
116.4958
116.5146
116.5631
116.5798
116.6206
116.8018
116.9091
116.9482
116.9722
117.0117
117.0308
117.0618
117.0846
117.1421
117.1839
117.2326
117.2547
117.2753
117.3041
117.3612
117.3794
117.3983
117.4331
117.4733
117.4908
117.5005
117.5536
117.5579
117.6087
117.6181
117.6349
117.6622
117.6795
117.7037
117.7329
117.7801
117.827
117.8317
117.9148
117.9914
118.0611
118.4949
118.6345
118.7276
118.8555
118.8613
118.8816
118.9524
118.9679
119.0177
119.0562
119.088
119.0908
119.1483
119.2019
119.2243
119.2303
119.2487
119.2968
119.3257
119.3797
119.466
119.5095
119.5844
119.6892
119.7603
119.8272
120.1259
120.292
120.3213
120.5718
120.6269
120.6417
120.6693
120.7105
120.8314
120.9316
120.9384
120.9764
121.0689
121.099
121.1734
121.2239
121.295
121.4249
121.7434
121.9064
121.941
122.0375
122.1354
122.1793
122.2022
122.2237
122.3063
122.3259
122.3903
122.4313
122.4713
122.4815
122.4976
122.5462
122.5663
122.5891
122.6139
122.6929
122.708
122.7709
122.8004
122.8199
122.8468
122.9469
122.9561
123.0458
123.113
123.1293
123.2439
127.8931
127.9353
127.9377
127.9418
127.9451
128.0246
128.03
128.0472
128.0717
128.1323
128.138
128.1521
128.217
128.275
128.3168
128.3531
128.4538
128.5214
128.613
128.6461
128.7398
128.7875
128.8912
129.0146
129.0578
129.1571
129.2016
129.2094
129.2929
129.3418
129.3658
129.3963
129.4628
129.4901
129.5051
129.5398
129.6068
129.6156
129.6323
129.6974
129.765
129.7802
129.8026
129.8314
129.8932
129.9209
129.9594
130.0354
130.0489
130.165
130.1902
130.2598
130.2965
130.4665
130.5356
130.6703
130.7048
130.7333
130.7572
130.8458
130.8551
130.9253
130.9394
130.9934
131.0123
131.0405
131.062
131.0794
131.1099
131.1255
131.1555
131.2232
131.2701
131.3038
131.3715
131.4748
131.6458
131.6959
131.9362
132.017
132.0256
132.3137
132.354
132.3815
132.4505
132.5036
132.5267
132.5802
132.5928
132.6019
132.6218
132.6979
132.7209
132.8232
132.8898
132.8939
132.9214
132.9698
132.9812
133.0133
133.0224
133.0534
133.0693
133.103
133.1417
133.1905
133.2374
133.286
133.3814
133.5066
133.7293
134.0027
134.0435
134.076
134.1192
134.1554
134.1792
134.2755
134.3158
134.4006
134.4164
134.4847
134.535
134.538
134.5652
134.5937
134.6045
134.6454
134.6548
134.7176
134.7255
134.7414
134.7634
134.8574
134.909
134.9282
134.9519
135.0358
135.1122
135.1676
135.2675
135.3801
135.4945
135.511
135.5518
135.5849
135.601
135.6454
135.7128
135.7433
135.7893
135.8407
135.8841
135.9066
135.9861
136.0031
136.0851
139.5352
139.6742
139.7292
139.7501
139.7889
139.8025
139.8203
139.8648
139.939
140.1277
140.1607
140.1814
140.2134
140.2481
140.2715
140.286
140.3156
140.3687
140.3798
140.4527
140.4853
140.5706
140.5997
140.6411
140.6712
140.7099
140.8018
140.9371
140.984
141.0132
141.0288
141.1011
141.1712
141.3471
141.3976
141.4655
141.6161
141.6787
141.6852
141.7544
141.8897
141.9562
142.029
142.0403
142.0621
142.0872
142.1186
142.1846
142.2238
142.2432
142.2563
142.3295
142.4003
142.4555
142.4628
142.5033
142.5314
142.6905
142.7235
142.7477
142.9871
143.0096
143.0445
143.0998
143.2015
143.2772
143.4802
143.6245
143.6958
143.7296
143.7448
143.7761
143.7838
143.8446
143.8515
143.8819
143.8914
143.9583
143.971
143.9897
144.0162
144.1337
144.1692
144.2677
144.3858
144.583
144.6809
144.8317
144.8792
144.9
145.0726
145.114
145.2199
145.2268
145.2503
145.3035
145.3248
145.3554
145.3925
145.4478
145.4892
145.5079
145.5436
145.5795
145.6068
145.6606
145.7182
145.7352
145.8598
145.9435
146.0275
146.1148
146.125
146.1295
146.1984
146.2856
146.3475
146.3989
146.4051
146.4341
146.5082
146.5241
146.575
146.6647
146.7103
146.7599
146.7991
146.8025
146.8498
146.9754
147.004
147.0915
147.144
147.2184
147.3058
147.3283
147.3352
147.454
147.5076
147.5205
147.5268
147.6004
147.637
147.6576
147.7529
147.793
147.8906
147.9499
147.9855
148.0125
148.1955
148.2517
148.3208
148.3399
148.3789
148.4163
148.5255
148.5869
148.6318
148.6962
148.7258
148.7617
148.8046
148.8679
148.8873
148.9901
149.0015
149.043
149.1834
149.281
149.3198
149.3768
149.4782
149.5147
149.567
149.5906
149.6051
149.8331
149.8749
149.9436
150.0185
150.0616
150.0797
150.0976
150.1642
150.279
150.2851
150.3264
150.4297
150.5604
150.6217
150.8574
150.8931
151.0197
151.0497
151.1024
151.2745
151.2765
151.2891
151.3132
151.359
151.4078
151.5479
151.7673
151.8957
151.9806
152.0632
152.1285
152.1646
152.2958
152.3577
152.3791
152.4143
152.4625
152.5136
152.5432
152.5762
152.622
152.7092
152.715
152.7468
152.7726
152.7924
152.8491
152.903
152.9597
153.0103
153.1406
153.2341
153.4304
153.5081
153.5881
153.6568
153.6736
153.7619
153.7811
153.7897
153.8419
153.8644
153.9993
154.0662
154.0856
154.1097
154.1471
154.2111
154.2676
154.3035
154.3085
154.3448
154.3538
154.4047
154.4566
154.5092
154.5328
154.6101
154.6441
154.6699
154.7239
154.7612
154.8801
154.9309
155.0216
155.1707
155.364
155.3879
155.4184
155.4436
155.567
155.5858
155.608
155.7127
155.8796
156.0366
156.0627
156.0812
156.164
156.1737
156.3599
156.4481
156.4842
156.5088
157.0806
157.134
157.1635
157.2092
157.215
157.2766
157.3334
157.3517
157.3571
157.3847
157.457
157.5115
157.5619
157.6196
157.6707
157.6819
157.7093
157.7167
157.8191
157.8983
157.9336
157.943
158.0084
158.1926
158.2667
158.335
158.3484
158.3718
158.424
158.4296
158.5121
158.5434
158.6507
158.7848
158.8746
158.9386
158.976
159.0512
159.1856
159.2302
159.2417
159.2977
159.4638
159.5061
159.549
159.5641
159.7147
159.7364
159.8255
159.828
159.8365
159.9477
159.9719
159.9954
160.0869
160.2831
160.3764
160.482
160.6188
160.6464
160.7188
160.7511
160.7779
160.8564
160.9977
161.0425
161.2542
161.3325
161.5197
161.5349
161.5536
161.7392
161.7692
161.8408
161.876
161.9496
162.1175
162.2412
162.275
162.3498
162.4667
162.5408
162.6933
162.8243
162.8486
162.8555
162.8683
163.2398
163.3845
163.4156
163.4811
163.6592
163.7994
163.9266
163.9964
164.015
164.0575
164.0766
164.1468
164.1838
164.2106
164.2239
164.3786
164.4019
164.4224
164.5372
164.5659
164.6696
164.7736
164.816
165.022
165.1069
165.2936
165.3695
165.4921
165.5232
165.5759
165.6372
165.6423
165.7019
165.713
165.7506
165.7615
165.7964
165.8463
165.871
165.9171
165.9533
165.9833
166.0337
166.0873
166.0916
166.4286
166.4908
166.7278
166.799
166.9077
166.9758
167.0608
167.1905
167.2439
167.2897
167.3034
167.3472
167.4825
167.4869
167.5578
167.5651
167.7611
167.8443
167.9233
167.9714
168.1469
168.1554
168.2425
168.2796
168.3678
168.4116
168.5667
168.7554
168.8175
168.8869
168.9148
168.9454
168.973
169.0441
169.0651
169.1066
169.153
169.1847
169.2061
169.2356
169.2696
169.2865
169.2911
169.3502
169.3972
169.4569
169.4853
169.6461
169.665
169.7247
169.8197
169.8304
169.908
169.917
169.9962
170.0354
170.0517
170.1695
170.1916
170.2376
170.3413
170.5657
170.6116
170.6933
170.8119
171.3529
171.4825
171.8816
171.944
171.9765
172.0855
172.1149
172.2206
172.2794
172.3223
172.3613
172.4232
172.4577
172.4836
172.5084
172.5738
172.6019
172.6444
172.7112
172.7314
172.7449
172.7799
172.8002
172.9312
173.036
173.0677
173.242
173.3847
173.4672
173.4989
173.5503
173.6295
173.7229
173.8039
173.8708
173.9046
173.9726
174.0014
174.1032
174.1754
174.2058
174.2727
174.2803
174.2935
174.4094
174.7055
174.7856
174.8322
174.9449
174.9733
175.0208
175.0531
175.1017
175.139
175.1945
175.2286
175.2421
175.3271
175.3467
175.3706
175.4224
175.4602
175.4757
175.4998
175.5384
175.5597
175.6494
175.6985
175.7746
175.8035
175.8415
175.9266
175.9703
176.0189
176.3292
176.3785
176.4079
176.4618
176.5475
176.6341
176.687
176.7242
176.7613
176.8174
176.8842
176.9254
176.9651
177.0446
177.0722
177.0815
177.1366
177.2254
177.3796
177.4065
177.416
177.4658
177.6641
177.969
177.9946
178.0399
178.0744
178.16
178.1898
178.2501
178.3522
178.4252
178.4764
178.5996
178.6642
178.6802
178.7023
178.743
178.7996
178.8063
178.8499
178.8692
178.8761
178.9146
179.055
179.0775
179.1271
179.1518
179.2882
179.5241
179.5929
179.7314
179.7397
179.8401
179.859
179.9228
180.0317
180.1604
180.2146
180.299
180.352
180.366
180.3763
180.3949
180.4282
180.4504
180.4556
180.5113
180.5881
180.6201
180.695
180.745
180.7992
180.8241
180.846
181.0383
181.1819
184.2996
184.672
185.2874
185.8669
185.8724
185.8811
185.8893
186.0178
186.0569
186.0754
186.1161
186.1373
186.1568
186.2237
186.3447
186.4256
186.4415
186.5064
186.5363
186.5765
186.6358
186.7219
186.8242
186.9296
186.9665
187.1706
187.1849
187.204
187.2139
187.2463
187.2496
187.3566
187.4277
187.5132
187.5908
187.6898
187.7193
187.7237
187.7487
187.8072
187.8247
188.0034
188.0834
188.2086
188.4921
188.5235
188.6021
188.7081
188.8323
188.883
188.9686
189.0336
189.0773
189.0915
189.1849
189.2581
189.2866
189.3413
189.3733
189.3912
189.448
189.5601
189.5831
189.7024
189.731
189.764
189.8117
189.8962
189.9456
190.0319
190.2851
190.3116
190.3355
190.3677
190.391
190.444
190.5296
190.5841
190.6026
190.71
190.743
190.7871
190.8511
190.8693
190.956
190.9929
191.0182
191.0401
191.0636
191.1213
191.184
191.2571
191.2886
191.3443
191.4189
191.4721
191.4975
191.5296
191.6727
191.6882
191.868
191.9793
192.0114
192.1209
192.1402
192.2509
192.26
192.3616
192.4018
192.4175
192.4432
192.4557
192.4584
192.4694
192.4732
192.5007
192.5145
192.5656
192.5745
192.6469
192.6797
192.7404
192.8309
197.4518
197.4712
197.5007
197.5766
197.6039
197.6419
197.6759
197.7035
197.7081
197.7361
197.7925
197.8107
197.8788
197.9725
198.0704
198.086
198.1115
198.1529
198.2175
198.2952
198.4126
198.5125
198.5495
198.5704
198.6298
198.6569
198.7874
198.8263
198.86
198.9267
198.9484
198.9812
198.9951
199.0358
199.0747
199.1063
199.1575
199.2757
199.2945
199.3393
199.5336
199.6142
199.6658
199.6808
199.8929
199.9795
200.0671
200.0875
200.1388
200.1604
200.1829
200.2224
200.2531
200.3016
200.3274
200.3717
200.4083
200.4521
200.4774
200.5735
200.6357
200.6848
200.6924
200.7725
200.7925
200.8701
200.9528
201.0114
201.0872
201.1635
201.2792
201.3484
201.429
201.49
201.6285
201.8048
201.8315
201.9448
201.958
201.983
202.0123
202.0312
202.0779
202.0812
202.1361
202.1656
202.2312
202.344
202.3658
202.4067
202.4384
202.4865
202.5068
202.5499
202.6255
202.7056
202.8252
202.8895
202.9925
203.0689
203.0991
203.1681
203.4206
203.5648
203.6602
203.6817
203.6866
203.7352
203.8957
203.9112
203.9349
203.9442
204.0346
204.0798
204.1408
204.1501
204.1896
204.2194
204.2437
204.3297
204.3621
204.4287
204.4965
204.5727
204.5889
204.6032
204.6527
204.8552
208.2542
209.0324
209.0416
209.0471
209.06
209.2218
209.2294
209.2396
209.2722
209.2953
209.4774
209.5956
209.6287
209.6538
209.7181
209.744
209.7973
209.8758
209.9114
209.9368
209.9445
209.9838
210.0485
210.0601
210.0752
210.1155
210.1876
210.1995
210.3199
210.3808
210.436
210.5088
210.5241
210.5712
210.5901
210.632
210.7064
210.7474
210.8137
210.8474
211.1149
211.3222
211.3992
211.4267
211.4996
211.5643
211.6575
211.6645
211.6976
211.7236
211.7676
211.7797
211.8118
211.8789
211.8931
211.9148
211.9809
211.9979
212.0609
212.071
212.1023
212.1203
212.2626
212.2993
212.3874
212.624
212.7375
212.778
212.9969
213.0696
213.1368
213.2105
213.2841
213.3158
213.3252
213.3437
213.3713
213.3883
213.3987
213.4206
213.4432
213.5421
213.5794
213.6366
213.6818
213.7339
213.7543
213.7893
213.8149
213.8284
213.8511
214.0002
214.1233
214.1602
214.1851
214.189
214.3898
214.4373
214.4476
214.5447
214.5689
214.6064
214.6581
214.777
214.8451
214.8676
214.896
214.9197
214.9445
214.9781
215.0161
215.0243
215.0807
215.0949
215.1244
215.1397
215.1644
215.1863
215.238
215.2477
215.289
215.3513
215.3837
215.4288
215.555
215.6158
215.6248
215.6507
215.785
215.8198
215.8649
215.8944
215.9134
215.9712
215.9823
216.0363
216.1153
216.1607
216.2632
216.2863
216.4739
216.5117
216.6
220.0944
220.4387
220.6067
220.6129
220.6161
220.6189
220.707
220.7199
220.745
220.7837
220.8057
220.8367
220.8622
220.8775
220.9145
220.963
221.0433
221.2133
221.2554
221.2795
221.2947
221.6757
221.7518
221.7898
221.8126
221.8353
221.8537
221.8879
221.8994
221.9721
222.0139
222.0473
222.1362
222.1549
222.1622
222.1992
222.2442
222.2956
222.3005
222.3143
222.4093
222.469
222.5778
222.5889
222.6238
222.6366
222.6973
222.7754
222.8369
222.9023
222.9205
223.2754
223.299
223.3594
223.4071
223.4433
223.5078
223.5522
223.5698
223.5899
223.6271
223.6366
223.6576
223.6805
223.7196
223.7408
223.8023
223.8247
223.9548
223.9804
223.9976
224.0218
224.0438
224.2312
224.2595
224.3192
224.4215
224.5041
224.5694
224.8283
225.1048
225.1312
225.1463
225.2099
225.2525
225.2818
225.2988
225.3025
225.3842
225.4052
225.4592
225.5213
225.5373
225.5713
225.5841
225.6193
225.6707
225.6889
225.781
225.9024
225.9302
226.0311
226.3512
226.5511
226.6963
226.7384
226.8299
226.8517
226.8824
226.9022
226.9651
226.9926
227.0303
227.0697
227.0899
227.1566
227.2071
227.2105
227.2182
227.2573
227.3009
227.3293
227.37
227.3773
227.4031
227.5069
227.5107
227.5551
227.5937
227.63
227.6884
227.6916
227.717
227.7536
227.8089
227.9107
228.013
228.0351
228.0605
228.1853
228.1983
228.291
228.3592
228.4337
228.4475
228.4868
228.4924
228.5764
228.6409
228.6576
228.7048
228.7756
228.7807
228.8364
228.9149
228.9196
228.9611
228.9776
229.023
229.0296
229.0944
229.1333
229.1416
229.4099
229.5166
229.7339
229.7468
229.7859
229.8561
229.8847
229.9472
229.9712
230.0948
230.1104
230.1272
230.1702
230.2681
230.3465
230.3688
230.4708
230.4986
230.5779
230.613
230.7444
230.8985
230.9269
230.9427
231.0206
231.0754
231.2342
231.3374
231.4111
231.4485
231.5027
231.5276
231.5557
231.6416
231.7861
231.9702
231.998
232.0417
232.0906
232.1558
232.2038
232.2213
232.2241
232.4432
232.6638
232.6959
232.8282
232.8584
232.8984
232.907
232.9378
232.9495
233.0046
233.0265
233.0436
233.0583
233.1155
233.1489
233.1859
233.2089
233.2159
233.263
233.2856
233.2975
233.3148
233.4304
233.4534
233.4834
233.6881
233.7993
234.032
234.0934
234.2926
234.351
234.449
234.528
234.5638
234.614
234.6427
234.6616
234.7136
234.7341
234.814
234.8464
234.9546
234.9892
235.1019
235.3025
235.376
235.4104
235.6438
235.6672
235.7629
236.0794
236.1878
236.1949
236.2395
236.3023
236.3174
236.3485
236.5065
236.5184
236.5527
236.6339
236.6768
236.708
236.7532
236.827
236.8781
236.9179
237.0157
237.1005
237.3009
237.3262
237.3561
237.5362
237.6652
237.6924
237.7942
237.8482
237.8637
237.9057
238.0002
238.0609
238.077
238.1015
238.1306
238.1351
238.2216
238.2502
238.2749
238.5001
238.5842
238.6223
238.7181
238.7974
238.815
238.8893
238.9076
238.9347
238.9458
238.9762
239.0138
239.1288
239.1686
239.1779
239.2253
239.2585
239.3382
239.3477
239.3916
239.4004
239.4242
239.5223
239.587
239.8527
239.864
239.9137
239.9658
240.1452
240.2174
240.2545
240.2932
240.3584
240.4856
240.5431
240.636
240.6984
240.7412
240.8807
240.9033
240.9451
241.1286
241.241
241.3156
241.3423
241.5009
241.5606
241.6001
241.6772
241.7388
241.7717
241.8916
241.9151
242.0721
242.0941
242.3008
242.5673
242.6037
242.7555
242.7797
242.9481
243.0081
243.0356
243.2541
243.2909
243.5595
243.5831
243.6912
243.7745
243.7777
243.7942
243.9319
243.9527
244.1115
244.2013
244.2138
244.2965
244.5234
244.7264
244.7901
244.8633
244.9087
244.9721
245.0704
245.1429
245.1819
245.2111
245.2673
245.3514
245.3952
245.4523
245.5228
245.6421
245.6775
245.7522
245.7819
246.2378
246.2593
246.3246
246.3776
246.4462
246.4961
246.5176
246.5683
246.6406
246.7039
246.7688
246.7815
246.8761
246.9032
246.9607
247.0018
247.0639
247.0692
247.1761
247.2363
247.2888
247.3934
247.5671
247.6464
247.702
248.0496
248.0784
248.126
248.1893
248.2561
248.317
248.3481
248.3566
248.406
248.4572
248.4826
248.5164
248.6179
248.6371
248.6504
248.7565
248.8221
248.861
248.8666
248.8923
249.0621
249.139
249.3494
249.587
249.6511
249.7447
249.8318
249.9422
249.9652
250.0614
250.085
250.1179
250.1326
250.1433
250.1582
250.1997
250.2237
250.2764
250.381
250.3889
250.4616
250.4901
250.6158
250.6249
250.6403
250.6587
250.7224
250.7519
250.7692
250.8157
250.8797
250.8874
251.0005
251.0592
251.117
251.254
251.3175
251.3332
251.3629
251.417
251.4557
251.5478
251.6183
251.7499
251.775
251.8079
251.8671
252.0524
252.0792
252.2018
252.2213
252.2751
252.3268
252.3409
252.3627
252.4934
252.7117
252.8468
252.9224
253.0192
253.1386
253.2052
253.2507
253.2712
253.4342
253.4723
253.5721
253.7408
253.8681
253.8899
254.0279
254.1506
254.1624
254.3285
254.4414
254.598
254.646
254.6702
254.8043
254.8744
255.0247
255.1254
255.23
255.2568
255.3638
255.3677
255.3767
255.3806
255.387
255.5011
255.5197
255.5277
255.7784
256.0867
256.1182
256.1673
256.1993
256.44
256.4725
256.5371
256.6011
256.6321
256.6721
256.71
256.7565
256.8084
256.8487
256.8966
256.9017
256.9394
256.9587
257.0033
257.0352
257.0716
257.0973
257.14
257.1616
257.2407
257.317
257.337
257.4165
257.5798
257.6682
257.7627
257.8091
258.0804
258.1331
258.162
258.3229
258.4443
258.5185
258.5412
258.6176
258.6538
258.6746
258.7342
258.7738
258.7917
258.868
259.0909
259.2383
259.2722
259.3342
259.3889
259.7409
259.7684
259.7923
259.8821
259.8975
259.9837
260.0019
260.0084
260.0393
260.0951
260.178
260.2102
260.2309
260.26
260.3067
260.3658
260.4038
260.4271
260.4879
260.5281
260.564
260.5853
260.6372
260.8257
260.9119
261.0339
261.1611
261.3606
261.6098
261.6288
261.6561
261.7141
261.7185
261.7659
261.8223
261.9007
261.9603
261.9666
262.0672
262.0869
262.11
262.1409
262.1466
262.1998
262.2546
262.3185
262.3536
262.4423
262.4832
262.566
262.5904
262.6572
262.6644
262.727
262.771
262.8543
262.8649
263.026
263.1299
263.1784
263.297
263.372
263.4766
263.5759
263.5996
263.8259
264.0085
264.1756
264.3815
264.3996
264.4595
264.5123
264.6037
264.745
264.8693
264.9737
265.074
265.128
265.1563
265.2114
265.2583
265.3121
265.3417
265.3541
265.4565
265.5541
265.5733
265.58
265.6148
265.6823
265.7095
265.8772
265.9005
265.9623
266.0733
266.133
266.3907
266.3982
266.438
266.5694
266.6664
266.7048
266.8974
266.941
266.9475
267.0565
267.3867
267.4596
267.5008
267.6369
267.7893
267.813
267.8369
267.862
267.9079
267.9735
268.0913
268.1357
268.2662
268.2802
268.3064
268.332
268.4087
268.4435
268.4731
268.5064
268.5815
269.0707
269.1507
269.19
269.2612
269.5021
269.6098
269.6621
269.6856
269.7146
269.7237
269.7809
269.8667
269.931
269.9571
270.0162
270.0498
270.0824
270.1163
270.148
270.1925
270.3001
270.6061
270.6818
270.7896
270.8028
270.8371
270.8778
270.9368
270.9874
271.0237
271.3138
271.337
271.3667
271.37
271.4332
271.4759
271.6515
271.6809
271.6854
271.7279
271.7797
271.8086
271.8579
271.8885
271.9426
272.2693
272.3046
272.5237
272.6367
272.6876
272.7812
272.7984
272.8135
272.8655
272.9263
272.9537
272.9893
273.0304
273.1187
273.1253
273.1346
273.1831
273.3209
273.336
273.4027
273.4804
273.5464
273.6389
273.704
273.7263
273.7877
273.8186
273.8572
273.9255
274.0182
274.0637
274.1679
274.2649
277.8235
278.5397
278.5932
278.6672
278.6746
278.7016
278.712
278.7302
278.7528
278.8116
278.8696
278.8918
279.1083
279.1433
279.1669
279.201
279.2585
279.2749
279.3719
279.5498
279.5683
279.7105
279.7258
279.7776
279.7904
279.8615
279.943
279.9613
279.9965
280.2099
280.2856
280.3632
280.4095
280.4239
280.4611
280.4986
280.5614
280.7051
280.7404
280.7956
280.8841
280.9065
280.9238
280.9423
281.1014
281.2176
281.3018
281.4414
281.5584
281.5771
281.5929
281.6229
281.6997
281.7523
281.7811
281.7982
281.8411
281.8589
281.9075
281.9394
282.0969
282.1502
282.1619
282.5298
282.5724
282.5842
282.6412
282.6765
282.7154
282.7645
282.7897
282.8362
282.8612
282.9109
283.0388
283.0753
283.0955
283.1623
283.2448
283.261
283.313
283.3699
283.3958
283.4754
283.5267
283.6163
283.6454
283.7455
283.7657
283.8512
284.0729
284.1332
284.3489
284.4906
284.7356
284.8716
284.9786
285.0403
285.0602
285.0878
285.101
285.1247
285.1277
285.1427
285.1692
285.206
285.2341
285.3401
285.3687
285.408
285.4425
285.4876
285.5065
285.5576
285.6653
290.1235
290.1352
290.1606
290.252
290.2677
290.2737
290.31
290.3698
290.5489
290.6394
290.7137
290.8834
290.9601
291.0002
291.0399
291.0877
291.1016
291.1589
291.2334
291.2367
291.2692
291.4014
291.5537
291.5675
291.603
291.6213
291.6434
291.7155
291.7438
291.788
291.8377
291.8711
291.9711
292.1305
292.1603
292.3154
292.448
292.4814
292.4879
292.6073
292.6884
292.7189
292.7854
292.8347
292.8741
292.9379
292.9638
293.0942
293.3742
293.4333
293.4762
293.5418
293.5623
293.5931
293.6557
293.665
293.7685
293.9747
294.0115
294.1074
294.1284
294.1811
294.2614
294.3313
294.3847
294.4363
294.4645
294.4847
294.542
294.5689
294.6209
294.6688
294.689
294.7423
294.7675
294.896
294.9418
294.9485
294.9827
295.0067
295.0383
295.0562
295.1167
295.2016
295.2362
295.3529
295.4781
295.4912
295.5903
295.633
295.9647
296.001
296.0227
296.1531
296.224
296.2328
296.2707
296.2929
296.4504
296.5113
296.67
296.715
296.7324
296.75
296.8197
296.8464
296.8724
296.8781
296.9456
296.9793
296.9999
297.0555
297.0854
297.1983
300.3235
301.7184
301.7244
301.8524
301.8922
301.8994
301.9486
302.0979
302.145
302.1719
302.2396
302.3099
302.3321
302.387
302.4076
302.441
302.4818
302.532
302.5617
302.5776
302.6973
302.72
302.7438
302.8042
302.8327
302.8501
302.9267
302.9731
303.0194
303.0367
303.061
303.0808
303.1021
303.1296
303.2444
303.2633
303.3318
303.4377
303.4998
303.7274
303.803
303.8722
304.0163
304.0936
304.1403
304.197
304.2401
304.2681
304.2927
304.328
304.338
304.3569
304.3977
304.4133
304.448
304.5399
304.5505
304.5958
304.6307
304.662
304.7566
304.7738
304.8099
304.8351
304.9064
304.9248
305.0188
305.0683
305.1352
305.1934
305.4652
305.5009
305.6692
305.7035
305.877
305.915
305.935
305.9754
306.0103
306.0411
306.0753
306.093
306.1156
306.1356
306.2439
306.2924
306.3519
306.3581
306.3744
306.4264
306.4598
306.4841
306.5268
306.5587
306.6535
306.6772
306.6924
306.8308
306.9517
307.3087
307.3415
307.3576
307.4646
307.4997
307.545
307.5682
307.5937
307.6325
307.6876
307.7192
307.7417
307.7848
307.8591
307.9026
307.9174
307.9387
307.9678
307.9821
308.0439
308.0753
308.2211
308.2935
308.2987
308.369
308.4754
308.5763
308.5914
308.6456
308.6526
308.6877
308.8515
312.173
312.5313
312.6703
313.1768
313.284
313.2905
313.2954
313.3022
313.3807
313.3952
313.4095
313.4514
313.4754
313.4788
313.5121
313.5247
313.554
313.5621
313.675
313.7017
313.7396
313.7657
313.7754
313.7947
313.8857
313.9205
313.9544
314.0281
314.3272
314.4138
314.4352
314.4541
314.4722
314.5005
314.5207
314.6038
314.677
314.6827
314.7142
314.728
314.8316
314.8535
314.9244
314.9483
314.9909
315.0128
315.0396
315.0625
315.1405
315.1496
315.3053
315.3428
315.3825
315.4189
315.5169
315.6805
316.0406
316.0645
316.0839
316.1435
316.1872
316.2126
316.2329
316.2551
316.2858
316.2969
316.3604
316.3991
316.4739
316.5089
316.5474
316.5664
316.6437
316.6583
316.6962
316.7236
316.7507
316.9452
316.9882
317.034
317.0743
317.1869
317.5437
317.6843
317.789
317.8056
317.8238
317.8798
317.9309
317.9538
317.9597
317.9957
318.0419
318.046
318.1028
318.1364
318.1572
318.2362
318.3062
318.3607
318.3947
318.425
318.4988
318.5624
318.5952
318.611
318.7549
318.8338
318.932
318.9875
319.3299
319.3628
319.5011
319.5295
319.5518
319.615
319.6273
319.6748
319.8346
319.8783
319.8871
319.9325
319.9836
320.0568
320.1089
320.1663
320.1949
320.2145
320.309
320.3139
320.3805
320.4066
320.4896
320.5862
320.6993
320.7877
320.868
320.8764
320.9036
320.9555
321.0282
321.0565
321.0666
321.1185
321.2289
321.31
321.3642
321.4081
321.4457
321.532
321.5393
321.6085
321.6726
324.8845
325.0201
325.0485
325.0761
325.0941
325.1202
325.157
325.1869
325.248
325.2878
325.5149
325.5678
325.5894
325.6501
325.6919
325.7191
325.7724
325.7969
325.8426
325.8768
325.898
325.9747
325.9859
326.0144
326.0312
326.0768
326.1352
326.1777
326.2144
326.4222
326.4802
326.6026
326.6743
326.8831
327.007
327.0585
327.1474
327.1927
327.256
327.2767
327.3144
327.3394
327.4075
327.4368
327.4516
327.5175
327.5354
327.5842
327.6389
327.6492
327.7337
327.8365
327.9794
328.1071
328.1857
328.2664
328.3707
328.4752
328.5332
328.5406
328.6185
328.6229
328.8607
328.8795
328.9183
328.9356
329.0378
329.0551
329.1165
329.1531
329.2332
329.253
329.271
329.2807
329.3034
329.3304
329.3845
329.4143
329.4532
329.5241
329.5757
329.9439
329.9825
330.1267
330.1646
330.2994
330.324
330.3805
330.412
330.5493
330.597
330.6477
330.6951
330.7512
330.7673
330.8014
330.8622
330.8918
330.9152
331.0229
331.0632
331.1174
331.1608
331.1808
331.2923
331.3466
331.4624
331.4653
331.4731
331.5262
331.5481
331.5939
331.6307
331.6699
331.91
331.9419
331.9641
332.0471
332.1086
332.1277
332.163
332.2244
332.2642
332.3348
332.3855
332.3928
332.4906
332.5626
332.6111
332.7092
332.7358
332.8135
332.8365
332.9012
332.9324
333.0252
333.1559
333.1609
333.2767
333.2986
333.3274
333.36
333.3822
333.3994
333.4467
333.5061
333.5224
333.5362
333.6653
333.6851
333.8126
334.0065
334.0627
334.1045
334.172
334.2063
334.3241
334.3845
334.4144
334.4289
334.4976
334.6511
334.6645
334.7002
334.7296
334.817
334.8249
334.9244
334.9486
334.9964
335.0793
335.1087
335.1196
335.2423
335.292
335.3247
335.3699
335.3752
335.6243
335.7134
335.905
335.9469
336.0687
336.1569
336.2118
336.2941
336.3149
336.3387
336.4485
336.4595
336.5599
336.6065
336.8642
337.249
337.358
337.4039
337.4648
337.4976
337.6059
337.6134
337.6615
337.6704
337.7631
337.7797
337.8877
337.9268
338.0047
338.0254
338.0548
338.0719
338.1098
338.1331
338.1529
338.2025
338.2681
338.3577
338.606
338.7408
338.826
338.9317
339.0249
339.0589
339.1003
339.1304
339.17
339.2989
339.4406
339.4954
339.5257
339.6337
339.6527
339.6859
339.7103
339.7358
339.9869
340.0951
340.243
340.6783
340.7203
340.8888
340.9101
340.975
340.9999
341.0434
341.1079
341.1196
341.154
341.2237
341.2274
341.3008
341.3435
341.3702
341.3871
341.4066
341.4823
341.5064
341.5585
341.5788
341.6745
341.7416
341.8772
342.1083
342.18
342.3484
342.3966
342.4656
342.5739
342.6667
342.7219
342.797
342.8254
342.8567
342.943
342.9607
342.9972
343.0469
343.0571
343.0613
343.0746
343.1249
343.1574
343.1821
343.2198
343.2343
343.3301
343.3551
343.4351
343.5047
343.5109
343.5271
343.6276
343.6488
343.7451
343.7923
343.8253
343.9243
344.0147
344.027
344.1236
344.1844
344.216
344.2269
344.3053
344.3683
344.4598
344.4884
344.5462
344.573
344.7205
344.819
344.8561
345.0072
345.1213
345.2236
345.3546
345.4151
345.5626
345.5714
345.653
345.6979
345.8213
345.8381
345.9602
346.0997
346.2469
346.2688
346.3489
346.3831
346.4725
346.5777
346.6396
346.6523
346.6813
346.7023
346.7061
346.815
346.875
347.0849
347.1214
347.2025
347.2738
347.5268
347.6803
347.7638
347.9523
348.0378
348.0453
348.14
348.1767
348.1964
348.2211
348.3654
348.5575
349.0313
349.0764
349.1377
349.2206
349.2601
349.3524
349.4616
349.5274
349.5372
349.5538
349.5612
349.5845
349.6294
349.6525
349.7352
349.7629
349.9292
349.9568
349.9899
350.0797
350.2449
350.4079
350.562
350.7263
350.8159
350.8544
350.9519
351.0166
351.0401
351.0718
351.1113
351.1668
351.176
351.2362
351.3094
351.3417
351.4063
351.4463
351.546
351.5564
351.6807
351.8827
351.934
352.0036
352.2998
352.3792
352.5059
352.5734
352.6107
352.6462
352.6943
352.7493
352.7863
352.7909
352.8303
352.8622
352.8852
352.9182
352.9625
353.0622
353.2392
353.3136
353.3791
353.4129
353.5504
353.6165
353.634
353.6767
353.96
354.0279
354.1392
354.1954
354.2068
354.271
354.3088
354.3397
354.3905
354.427
354.4472
354.5012
354.5245
354.6171
354.6333
354.7207
354.7756
354.7869
354.8109
354.8695
354.8864
354.9342
354.9619
354.9905
355.0001
355.0732
355.1942
355.3025
355.3266
355.3814
355.4077
355.4791
355.581
355.5941
355.6298
355.657
355.6659
355.8957
356.0231
356.1284
356.1908
356.2499
356.2677
356.3524
356.4806
356.5351
356.6949
356.7713
356.8341
356.8946
356.9566
357.036
357.0632
357.1342
357.2142
357.397
357.5565
357.6311
357.7411
357.7582
358.0291
358.0692
358.2218
358.4084
358.7032
358.719
358.7623
358.7956
358.9539
358.9635
359.2131
359.2444
359.25
359.3541
359.423
359.6029
359.6131
360.0206
360.124
360.1541
360.197
360.2887
360.3202
360.3746
360.3842
360.3961
360.4384
360.6091
360.6446
360.7347
360.794
360.808
360.9007
360.9478
360.9741
360.9779
361.1278
361.1639
361.2293
361.3195
361.595
361.7488
361.8761
361.9672
361.9983
362.0653
362.1044
362.1701
362.2217
362.2887
362.3047
362.34
362.3552
362.4512
362.4876
362.5331
362.6399
362.7295
362.7338
362.7959
362.8667
362.8723
363.3612
363.4831
363.5481
363.5888
363.6717
363.7977
363.833
363.9946
364.0574
364.0927
364.1278
364.1621
364.1884
364.2784
364.3445
364.3876
364.4643
364.5012
364.5186
364.9435
365.0869
365.2566
365.2866
365.3203
365.3603
365.3936
365.5232
365.6002
365.6424
365.6699
365.7122
365.7349
365.7662
365.7822
365.8138
365.8383
365.9306
366.0278
366.1514
366.214
366.2209
366.2335
366.307
366.3785
366.3892
366.4975
366.5138
366.5302
366.6086
366.6303
366.649
366.6671
366.7519
366.9358
367.0477
367.1633
367.202
367.2395
367.2427
367.3286
367.4122
367.4281
367.5697
367.6361
367.7269
367.7468
367.8077
367.8468
367.9449
367.9967
368.0192
368.3459
368.3867
368.613
368.6989
368.8487
369.003
369.0534
369.1654
369.1981
369.276
369.353
369.457
369.5015
369.5759
369.6817
369.8423
370.0302
370.2183
370.2392
370.3725
370.6216
370.651
370.803
370.8467
370.9598
371.2069
371.2148
371.3266
371.3622
371.3873
371.4194
371.453
371.466
371.5439
371.6186
371.7226
371.7749
372.2491
372.3823
372.4292
372.515
372.6451
372.6891
372.6977
372.7266
372.8193
372.8682
372.8914
372.9248
372.9711
372.9914
373.0267
373.0428
373.0748
373.1189
373.196
373.3875
373.5361
373.5809
373.9531
373.9971
374.129
374.1529
374.2136
374.2768
374.4463
374.4809
374.5136
374.5309
374.579
374.6632
374.6722
374.7409
374.8452
374.8632
375.0239
375.1071
375.2589
375.3153
375.3897
375.478
375.5501
375.5938
375.6844
375.741
375.7751
375.9287
375.9988
376.0514
376.0992
376.1533
376.1833
376.2419
376.2742
376.3183
376.3411
376.3653
376.4023
376.4206
376.7367
376.8574
376.8783
377.1513
377.1997
377.3597
377.4494
377.5501
377.6057
377.7103
377.7582
377.781
377.8014
377.8059
377.9095
377.9529
378.0003
378.0169
378.0372
378.0823
378.1137
378.1488
378.1995
378.2805
378.3232
378.3903
378.4988
378.5497
378.6036
378.7815
378.8154
378.8743
378.9169
378.9513
378.9881
379.0054
379.0118
379.0899
379.1077
379.1345
379.3644
379.471
379.602
379.6063
379.7235
379.8448
379.8729
379.9647
379.9868
380.0081
380.0926
380.1192
380.2615
380.3646
380.3958
380.5804
380.5954
380.6453
380.8627
380.9528
381.0267
381.1202
381.1437
381.3341
381.3487
381.3863
381.5505
381.6418
381.7353
381.8534
381.9469
382.1481
382.2289
382.3787
382.4821
382.5577
382.7797
382.7841
382.8739
382.9158
382.9409
383.022
383.115
383.2121
383.231
383.2927
383.327
383.3767
383.4567
383.5164
383.5738
383.6595
383.6924
383.715
383.7792
383.8346
383.8946
383.9219
383.9597
384.0319
384.0825
384.1175
384.1244
384.1922
384.2339
384.3086
384.4155
384.5917
384.6168
384.6426
384.8316
384.8747
385.0148
385.0308
385.0738
385.1871
385.2561
385.3213
385.3593
385.3902
385.4351
385.5262
385.5583
385.6327
385.6467
385.6881
385.706
385.7916
385.8406
386.5078
387.086
387.3323
387.4373
387.6578
387.7462
387.7557
387.8189
387.8403
387.8514
387.8688
387.8921
387.948
387.9671
387.9776
388.0759
388.0909
388.2919
388.3096
388.324
388.3475
388.4604
388.53
388.5865
388.6007
388.8388
388.9179
389.0757
389.0969
389.1009
389.2958
389.3116
389.3277
389.3578
389.3618
389.3971
389.541
389.5607
389.9183
390.0627
390.0793
390.0848
390.1357
390.1863
390.2861
390.3002
390.3187
390.3297
390.3411
390.3475
390.384
390.5371
390.6025
390.8231
391.7345
392.7094
392.7218
392.7931
392.8175
392.8235
392.8557
392.8626
392.8967
392.9053
393.0763
393.0838
393.1741
393.2309
393.3625
393.419
393.5495
393.5535
393.5744
393.6051
393.6183
393.6869
393.8174
393.8314
393.8818
393.9374
394.0296
394.0575
394.1373
394.3229
394.3775
394.432
394.555
394.5637
394.6429
394.6641
394.7056
394.7963
394.9308
394.9767
395.0577
395.1407
395.1518
395.1714
395.1768
395.2779
395.3113
395.3764
395.407
395.4689
395.5308
395.5459
395.5784
395.6167
395.6512
395.7183
395.7424
397.1935
397.3174
397.6805
397.6922
397.7344
397.7467
397.7986
397.8152
397.8474
397.8633
397.9429
397.9697
398.0108
398.0259
398.0695
398.1068
398.1577
398.1862
398.228
398.2595
398.3481
398.5032
398.6021
398.6071
398.6834
398.7124
398.717
398.7815
398.848
398.9243
398.9321
398.9664
398.9886
399.0021
399.0208
399.0514
399.0948
399.1066
399.1714
399.2846
399.3568
399.4211
399.4804
399.5014
399.5869
399.7133
399.8005
399.8466
399.8547
399.9273
399.9419
400.0207
400.0893
400.1607
400.1977
400.2022
400.2384
400.2731
400.3391
400.3506
400.4205
400.4662
400.5886
400.6823
402.6432
402.7279
402.7621
402.7709
402.7862
402.8313
402.8429
402.9529
402.964
402.9974
403.083
403.1386
403.2253
403.2751
403.2983
403.3358
403.4235
403.4758
403.5895
403.6773
403.72
403.7479
403.7989
403.8124
403.867
403.9586
403.9934
404.0088
404.0501
404.1884
404.205
404.2423
404.2635
404.3026
404.4325
404.4678
404.4963
404.5143
404.5392
404.5697
404.7733
404.7932
404.8376
404.9318
405.0021
405.0406
405.0668
405.2084
405.2948
405.3435
405.423
405.4787
405.5021
405.5074
406.9594
407.6001
407.6093
407.6131
407.6206
407.7257
407.7377
407.7507
407.7643
407.7863
407.8135
407.9273
407.9908
408.0354
408.0461
408.0552
408.1382
408.2009
408.2579
408.3093
408.3697
408.506
408.5426
408.5473
408.5834
408.6837
408.7367
408.7592
408.8167
408.8442
408.9695
408.9744
409.0068
409.0545
409.0919
409.2062
409.2331
409.2383
409.2635
409.2992
409.3046
409.4629
409.4807
409.506
409.5215
409.5707
409.7212
409.7273
409.7707
409.8241
409.8975
409.9223
409.9733
409.9801
410.2427
410.2689
410.2722
410.3012
410.3944
410.4642
410.4877
410.5024
410.5133
410.6112
410.6887
412.567
412.5734
412.5772
412.5887
412.6442
412.6702
412.7153
412.7273
412.7435
412.8854
412.9084
412.9435
413.0009
413.1258
413.2201
413.2286
413.3892
413.4
413.4575
413.4763
413.4913
413.6696
413.7488
413.7654
413.9318
414.074
414.1733
414.3036
414.4149
414.4237
414.4522
414.4827
414.4922
414.5385
414.5795
414.6229
414.6646
414.6888
414.7315
414.7375
414.8753
414.9181
414.9878
415.1744
415.2218
415.2399
415.2608
415.3884
415.4983
417.529
417.5359
417.5433
417.5553
417.6574
417.6818
417.6911
417.6989
417.7162
417.7407
417.7592
417.8024
417.8293
417.8629
417.9434
418.1085
418.1281
418.2781
418.4559
418.4695
418.5016
418.5436
418.5509
418.5911
418.7062
418.7424
418.8316
419.0456
419.0697
419.1946
419.2448
419.2864
419.4454
419.5512
419.5938
419.6397
419.7512
419.7678
419.8747
419.8993
419.949
419.98
420.0297
420.0799
420.1777
420.2098
420.2767
420.4333
420.5799
422.4965
422.5062
422.5088
422.6174
422.6298
422.6497
422.7381
422.7663
422.7928
422.8183
422.888
422.9301
422.9564
422.9957
423.0513
423.1097
423.1387
423.183
423.2389
423.2972
423.3583
423.4131
423.4251
423.5483
423.6159
423.6332
423.6668
423.7181
423.784
423.8448
423.8757
423.8926
424.0049
424.0384
424.1384
424.143
424.3166
424.3396
424.388
424.4497
424.5943
424.6329
424.7384
424.9092
424.914
425.0039
425.0359
425.1509
425.1765
425.2423
425.3421
425.3743
425.4115
425.5141
427.464
427.475
427.4916
427.4939
427.5533
427.6098
427.6234
427.6981
427.7736
427.7777
427.8042
427.8145
427.8265
428.0197
428.0418
428.0635
428.0952
428.1843
428.2505
428.3601
428.4153
428.5182
428.5433
428.5568
428.5604
428.5834
428.6279
428.6461
428.7772
428.8111
428.8174
428.842
429.0033
429.0459
429.0561
429.0998
429.3111
429.3261
429.3818
429.5096
429.555
429.583
429.7267
429.7754
429.8061
430.0195
430.086
430.1406
430.1727
430.2581
430.2883
430.3084
430.5202
432.4288
432.4371
432.5275
432.5441
432.5873
432.6149
432.6399
432.6891
432.7521
432.7891
432.8126
432.8427
432.8637
432.875
432.949
433.0297
433.0411
433.0464
433.0971
433.1572
433.2703
433.2848
433.3039
433.3535
433.4121
433.5273
433.5718
433.6542
433.6687
433.7436
433.7847
433.8
433.9112
434.0151
434.0749
434.1134
434.1314
434.2411
434.2738
434.2896
434.293
434.3616
434.4349
434.4855
434.5239
434.5285
434.615
434.7794
434.8562
434.8969
434.9999
435.1206
435.1359
435.1879
437.3976
437.4004
437.4091
437.427
437.4719
437.5474
437.5798
437.6021
437.6602
437.7173
437.7571
437.8941
437.9324
437.964
438.0676
438.1522
438.1751
438.193
438.2204
438.2418
438.2479
438.3278
438.4207
438.4338
438.4493
438.4862
438.5351
438.5673
438.6996
438.8257
438.9069
438.9175
438.9678
439.1704
439.3906
439.4447
439.4962
439.555
439.5906
439.6907
439.7131
439.8908
439.9597
439.9822
440.1466
440.1617
440.307
440.3987
440.4082
440.4191
442.3611
442.3673
442.3733
442.4603
442.4839
442.4881
442.492
442.5188
442.5375
442.5488
442.6598
442.6796
442.7034
442.7155
442.7472
442.7954
442.9177
442.9609
442.9796
442.9982
443.0592
443.1577
443.1892
443.2067
443.2355
443.2849
443.289
443.4374
443.4855
443.4954
443.4983
443.52
443.6524
443.7865
443.9643
443.9817
443.9915
444.0171
444.0414
444.1467
444.279
444.2972
444.391
444.4277
444.4567
444.5269
444.5368
444.6834
444.7181
444.7554
444.7591
444.8142
444.8985
444.9197
444.9755
445.0133
445.0973
445.205
445.2217
445.2664
445.2981
445.4809
447.3317
447.3372
447.3407
447.4607
447.4782
447.4951
447.5126
447.5216
447.5692
447.6476
447.6996
447.7154
447.7323
447.7512
447.7627
447.7958
447.9655
447.9912
447.9986
448.0285
448.2045
448.2301
448.261
448.3055
448.468
448.505
448.5357
448.689
448.708
448.7125
448.748
448.8677
448.9099
448.9497
448.9705
448.9935
449.1932
449.1962
449.2261
449.2652
449.4421
449.4539
449.5058
449.5352
449.6752
449.7139
449.745
449.9396
449.956
449.9688
449.9866
450.0065
450.0278
450.2011
450.2463
452.2865
452.2919
452.2963
452.3113
452.4317
452.4559
452.4745
452.4836
452.5813
452.6079
452.6182
452.7094
452.7145
452.7291
452.7582
452.8455
452.8669
452.9487
452.9679
452.9749
453.0914
453.149
453.163
453.1914
453.1968
453.3558
453.3911
453.4305
453.4747
453.5288
453.6076
453.6161
453.6546
453.6915
453.6992
453.7206
453.8579
453.9098
453.9563
453.9677
454.1145
454.1393
454.2005
454.2303
454.388
454.3922
454.453
454.4639
454.4874
454.608
454.6737
454.6786
454.7107
454.7315
454.8333
454.9319
454.9376
454.9874
455.0091
455.0404
455.1003
455.1789
455.1824
455.1887
457.255
457.26
457.2829
457.3598
457.4073
457.4307
457.5552
457.6107
457.7141
457.7418
457.7854
457.8086
457.8519
457.8898
457.9991
458.0378
458.0439
458.0954
458.1728
458.2544
458.2771
458.3229
458.4057
458.4303
458.5232
458.6508
458.6679
458.7271
458.7581
458.9056
458.9945
459.0348
459.1003
459.2429
459.2496
459.3103
459.4067
459.5139
459.5616
459.6577
459.727
459.7571
459.7988
459.8432
459.8497
459.9436
459.9801
460.0347
460.0511
460.1632
460.2674
460.3496
460.3777
462.221
462.2253
462.242
462.3348
462.3453
462.3596
462.3675
462.3829
462.3938
462.4006
462.4087
462.4928
462.4995
462.58
462.6026
462.6361
462.6719
462.7202
462.7869
462.8843
462.9659
463.0863
463.1112
463.1394
463.2447
463.3342
463.3702
463.3982
463.5208
463.6075
463.6386
463.6511
463.7004
463.8171
463.8473
463.8759
463.9438
464.0236
464.0474
464.0826
464.1294
464.212
464.2467
464.3118
464.3463
464.3829
464.4054
464.4546
464.4887
464.5164
464.6306
464.6857
464.7518
464.7837
464.8602
464.8849
464.9971
465.0213
465.0938
465.1169
465.2222
467.1836
467.188
467.2648
467.2807
467.3031
467.3163
467.3194
467.3477
467.398
467.4896
467.5177
467.5273
467.5614
467.5896
467.5972
467.6514
467.7252
467.7641
467.7737
467.7864
467.7998
467.8349
468.0067
468.0543
468.0825
468.1536
468.2079
468.2589
468.2735
468.3028
468.3658
468.484
468.5319
468.558
468.6266
468.7087
468.7514
468.89
469.0115
469.0347
469.0485
469.0776
469.3018
469.4779
469.5092
469.5137
469.5318
469.732
469.7613
469.7741
469.8688
469.9831
470.0543
470.0699
470.1214
470.2201
472.1495
472.1569
472.1631
472.2385
472.2523
472.2687
472.2867
472.2905
472.3251
472.3544
472.3995
472.4898
472.5013
472.5542
472.5751
472.6144
472.7438
472.8531
472.9092
473.0143
473.0542
473.1155
473.2466
473.2795
473.3563
473.3764
473.4944
473.5057
473.5137
473.5752
473.6087
473.6451
473.7412
473.759
473.8027
473.8167
473.8598
473.9863
474.0129
474.0327
474.128
474.2413
474.2496
474.2717
474.3295
474.3666
474.4899
474.5421
474.606
474.7221
474.7432
474.7641
474.8035
474.8343
474.9677
474.9934
477.1169
477.2438
477.2559
477.2617
477.3093
477.3384
477.3597
477.4255
477.4483
477.4722
477.5607
477.6241
477.671
477.7109
477.739
477.8591
477.9028
477.9151
477.9597
477.9799
478.0482
478.0533
478.1375
478.147
478.1624
478.2227
478.3289
478.3659
478.4464
478.5521
478.6185
478.6263
478.6418
478.6733
478.8634
478.8821
478.9278
478.9709
479.0257
479.108
479.1512
479.2078
479.2923
479.4206
479.4612
479.55
479.589
479.6341
479.6499
479.7072
479.7763
479.8564
479.8721
479.8884
480.0308
480.1445
482.0796
482.0867
482.213
482.2159
482.22
482.2374
482.2517
482.3777
482.4072
482.4518
482.48
482.4864
482.5702
482.6222
482.6497
482.7182
482.7517
482.7894
482.9187
482.9561
482.9594
483.0137
483.0457
483.1219
483.21
483.2165
483.4045
483.4564
483.6164
483.6385
483.7187
483.7468
483.764
483.7893
483.8705
483.8819
483.9986
484.0179
484.2027
484.2092
484.2751
484.3758
484.4471
484.4909
484.5641
484.6742
484.695
484.7335
484.7553
484.8651
484.9053
484.9508
484.9715
484.9843
485.0138
485.1045
485.1423
487.041
487.0443
487.049
487.0535
487.1722
487.1799
487.2231
487.2266
487.2627
487.2815
487.3924
487.4118
487.431
487.455
487.4701
487.4893
487.5014
487.5124
487.6717
487.6798
487.7195
487.7986
487.9117
487.9839
487.9961
488.1423
488.1544
488.1716
488.2078
488.2366
488.2883
488.3587
488.4225
488.4463
488.4795
488.6893
488.7255
488.7508
488.7595
488.919
488.9265
488.9737
489.1098
489.1575
489.1716
489.2122
489.2424
489.4086
489.4396
489.4506
489.498
489.7071
489.7341
489.7707
489.9007
489.9371
489.9589
489.9694
490.0573
492.004
492.0077
492.1036
492.1485
492.1673
492.3563
492.4222
492.4281
492.4753
492.5846
492.667
492.6725
492.7363
492.8139
492.8358
492.9113
493.0698
493.1161
493.1794
493.2229
493.3074
493.3301
493.4105
493.415
493.5774
493.5852
493.6639
493.6934
493.841
493.8746
493.911
493.9263
493.9374
494.069
494.1473
494.323
494.3588
494.4062
494.5443
494.5894
494.6502
494.6763
494.6958
494.8163
494.8789
494.9077
495.0606
496.9734
496.982
496.994
496.9983
497.0849
497.1448
497.238
497.2899
497.3926
497.4642
497.5604
497.6075
497.7051
497.7461
497.7779
497.8059
497.8347
497.9433
497.9769
498.0041
498.0912
498.2468
498.3414
498.3927
498.4793
498.4883
498.5879
498.6131
498.6796
498.7487
498.83
498.8835
498.9442
498.9736
498.9948
499.0644
499.1144
499.1407
499.2772
499.3212
499.373
499.4883
499.5611
499.6461
499.6911
499.7265
499.765
499.8242
499.8789
499.8845
499.9895
500.0321
501.9357
501.941
501.9537
502.0565
502.0741
502.0878
502.0925
502.1146
502.1614
502.2025
502.2388
502.3565
502.4867
502.5439
502.5747
502.6826
502.6997
502.7679
502.8637
503.06
503.1868
503.2813
503.3331
503.4204
503.484
503.5838
503.6046
503.6552
503.7252
503.7564
503.7799
503.8507
503.8924
504.0709
504.1047
504.1834
504.3995
504.435
504.4379
504.472
504.5728
504.5966
504.6717
504.7882
504.8301
504.8599
504.952
506.9066
506.9096
506.9171
506.9885
507.0152
507.0194
507.0358
507.06
507.0731
507.1347
507.1834
507.3738
507.4591
507.4812
507.5127
507.5482
507.6984
507.7364
507.7418
507.9433
507.9742
507.9836
508.0453
508.054
508.2009
508.2284
508.2471
508.2787
508.3058
508.4374
508.4842
508.5069
508.5409
508.5537
508.7326
508.7752
508.9996
509.2322
509.2413
509.2625
509.2661
509.3489
509.4621
509.4699
509.4962
509.5272
509.5923
509.7304
509.7622
509.7941
509.9305
509.9747
509.9982
511.8633
511.868
511.9702
511.9739
511.9834
511.9928
512.0044
512.0131
512.0319
512.232
512.2383
512.2764
512.3283
512.3661999999999
512.3887999999999
512.4563000000001
512.4826
512.5807
512.6021000000001
512.7141
512.7585
512.7876
512.8397
512.9579
512.9846
513.0116
513.0494
513.2225
513.2476
513.3389999999999
513.4659
513.4690000000001
513.5303
513.5880999999999
513.6342
513.7212
513.7976
513.8397
513.9672
513.9866
514.0355
514.1193000000001
514.196
514.2411
514.2887000000001
514.3742999999999
514.4271
514.4599000000001
514.4707
514.494
514.521
514.5934999999999
514.6992
514.7187
514.7741
514.8999
516.8380999999999
516.8407
516.8458000000001
516.8511
516.962
516.9955
517.0243
517.0285
517.0829
517.1001
517.1862
517.201
517.2559
517.2972
517.3541
517.3723
517.4052
517.4295999999999
517.5139
517.5338
517.5868
517.6357
517.8425
517.8901
517.9288
517.947
518.0371
518.1164
518.194
518.2544
518.3697
518.4069
518.6058
518.6744
518.7719
518.8445
518.8621000000001
518.883
518.973
519.0065999999999
519.0835
519.0979
519.2561000000001
519.3228
519.3407999999999
519.3754
519.4428
519.4982
519.6007
519.6381
519.854
519.8651
521.802
521.8077000000001
521.8923
521.9174
521.9238
521.9400000000001
521.9558
521.9761
521.9838
522.0218
522.0853
522.1356000000001
522.1713
522.2202
522.3401
522.421
522.4651
522.5056999999999
522.6016
522.8469
522.9199
522.9379
522.9646
523.0835
523.1070999999999
523.1573
523.1713999999999
523.2071
523.2189
523.3207
523.405
523.4085
523.4775
523.5321
523.6487999999999
523.6722
523.6963000000001
523.8986
523.9266
523.9648999999999
524.0476
524.0771999999999
524.1109
524.1677
524.2066
524.2212
524.3337
524.3763
524.4077
524.4556
524.465
524.5607
524.61
524.6552
524.7055
524.8183
524.8234
524.8302
526.7610999999999
526.7670000000001
526.7766
526.8857
526.9132
526.9167
526.9396
526.9474
526.9603999999999
526.973
527.0293
527.1222
527.2006
527.2127
527.2182
527.3240000000001
527.3996999999999
527.4285
527.4436000000001
527.4619
527.6392
527.6607
527.6887
527.8815
527.9527
528.1324
528.1603
528.1998
528.3572
528.3815
528.3944
528.4131
528.4551
528.473
528.6575
528.6719000000001
528.8598
528.8811000000001
528.8874000000001
528.9174
528.9449999999999
529.1206999999999
529.1709
529.1851
529.221
529.2547999999999
529.3161
529.3566
529.3799
529.4404999999999
529.5015
529.6057000000001
529.6146
529.6365000000001
529.6871
529.7825
531.7209
531.7236
531.7309
531.8121
531.821
531.861
531.8832
532.0505000000001
532.0588
532.2873
532.3016
532.3739
532.5373
532.553
532.6224
532.6355
532.6521
532.6596999999999
532.7044
532.7625
532.8396
532.8792
532.9255000000001
533.018
533.0381
533.0667
533.1193000000001
533.1840999999999
533.2710999999999
533.3819
533.4433
533.5208
533.5592
533.6236
533.7111
533.7748
533.8027
533.8121
533.8478
533.9412
534.0367
534.1226
534.1264
534.1402
534.3917
534.4092000000001
534.4583
534.5359
534.5778
534.6347000000001
534.7753
536.6854
536.7248
536.7706000000001
536.8045
536.875
536.9525
536.9703
537.0223
537.0492
537.0987
537.1231
537.1652
537.1945000000001
537.2962
537.4082
537.4141999999999
537.4671
537.5016000000001
537.5245
537.5425
537.6501000000001
537.7102
537.8586
537.9085
537.9226
538.1188999999999
538.1682000000001
538.2012
538.2197
538.2739
538.3962
538.4396
538.5998
538.6104
538.678
538.6985999999999
538.7280000000001
538.8474
538.9064
538.9138
538.9437
538.961
539.0296
539.1285
539.1721
539.1840999999999
539.2805
539.3596
539.6893
539.7015
