3.7813
7.2932
12.2961
16.4033
16.8914
18.734
20.903
20.9694
23.965
24.3905
24.4986
25.7221
25.7232
25.7589
25.8366
25.8584
25.9579
27.2476
27.3518
27.3908
27.4159
28.9324
29.0264
29.0461
29.0562
29.1662
29.2257
30.2984
30.3841
30.6522
30.6678
31.3231
31.8709
32.79
33.8533
34.9111
35.2781
35.2877
35.3666
36.4211
36.4233
36.5372
36.5936
36.6888
36.7317
36.8034
37.0912
38.2062
38.3458
39.7564
41.3334
41.4174
41.4574
41.4759
41.7789
44.5965
45.0914
47.5292
47.5697
47.7041
49.4039
49.4108
49.4321
49.48
49.5033
50.9935
51.179
52.6495
52.9035
53.3739
58.4569
62.5083
64.9264
65.045
65.06
66.035
66.242
66.9278
67.25149999999999
70.2799
70.447
70.6095
70.6109
70.6738
71.09910000000001
72.0757
72.0788
72.1429
72.24169999999999
72.3151
72.4811
73.7457
73.8266
75.4365
75.5167
75.5292
75.5425
75.6365
76.6463
76.7186
77.1024
80.2916
80.6414
81.5949
81.59999999999999
81.65009999999999
81.68640000000001
82.6392
82.89490000000001
82.8982
83.1046
83.1121
83.13509999999999
83.17010000000001
84.39060000000001
84.4914
84.5257
84.55500000000001
85.0104
85.10720000000001
88.0069
88.0943
88.285
88.504
88.6622
88.8062
88.9134
92.7988
93.2069
93.47
93.49120000000001
94.6673
94.9308
94.97020000000001
95.26730000000001
95.33620000000001
95.3421
96.56699999999999
96.6307
97.0966
97.13249999999999
98.3359
99.6905
99.8022
99.8653
100.2463
100.2597
101.1733
104.8029
105.4021
105.7813
107.7871
107.8586
108.0363
109.0003
110.5442
110.6317
111.0622
111.3768
111.5372
111.696
111.8592
112.1994
112.5117
112.5305
112.832
113.2932
113.7139
113.8195
114.1295
114.3554
114.5786
116.7701
116.8193
116.9341
117.0371
117.1651
118.458
118.5495
118.6003
119.9687
120.0653
120.1989
120.5207
121.2516
121.6725
121.7151
121.8697
122.0253
122.0808
122.1434
122.9755
123.0425
123.0602
123.0874
123.4044
124.0967
124.5243
125.2131
125.344
125.7335
127.6068
127.9375
128.0171
128.0557
129.0119
129.095
129.1612
129.2562
129.3164
129.3662
129.3848
129.6603
129.8068
130.6514
130.7173
130.8914
130.9756
131.1741
131.2999
131.8163
132.5162
132.6537
132.8806
132.9485
134.162
134.1925
134.9316
135.9894
136.563
137.1546
138.7633
139.5392
140.1679
140.2206
140.4091
141.8871
142.0246
142.0324
142.1647
143.6408
143.9372
144.0186
145.3917
146.8552
147.1277
147.2373
147.6591
148.2412
150.398
152.7513
152.8805
152.8891
154.2223
154.7751
155.0092
155.7098
156.2046
157.548
157.7135
157.858
158.2466
158.6037
158.6697
158.7145
159.2474
159.4532
159.5434
160.0271
160.074
160.8107
161.6689
162.2005
162.7379
163.3001
163.5151
163.5498
164.6932
164.7181
164.8784
164.9639
165.2403
166.4134
166.4431
166.7028
166.7115
166.8531
168.008
168.0477
168.0695
168.2812
168.5431
169.3024
169.3465
169.459
170.8847
172.1344
172.4051
173.0592
173.2546
174.2635
174.2883
174.3575
174.3673
174.4288
174.4857
175.5057
175.556
175.7052
175.7875
175.934
177.0946
177.2522
177.3866
177.5408
178.6176
178.8759
178.9124
178.9991
179.022
179.0917
179.1274
179.3666
180.3909
180.4473
180.7541
180.8869
181.6371
181.6776
182.0042
182.4891
184.0179
184.8488
185.7818
186.1925
186.3922
188.0532
189.2456
189.3574
190.7191
191.0373
191.1056
191.2425
191.4253
192.2252
192.4554
192.6739
193.702
194.0875
194.5056
194.605
194.8891
195.1706
195.4035
195.5011
196.0769
196.4753
196.5973
198.259
198.3876
198.7002
198.8633
199.8562
199.8922
200.1013
201.479
201.6137
201.9984
203.0934
203.1402
203.9976
204.0934
204.2951
205.1815
205.4918
206.2313
207.0641
207.7861
208.0244
208.1726
208.6653
209.6691
209.7583
211.1118
211.2892
211.4996
212.6492
212.83
212.8499
212.8732
214.3102
214.3585
214.5228
214.5354
214.5656
214.6213
214.6713
214.9107
215.6624
215.6881
215.7317
215.8635
216.223
216.2947
216.9384
217.6645
218.4984
218.6635
219.7736
219.9272
220.2364
221.7159
221.7399
221.8238
221.8886
222.0343
222.0571
222.0984
222.1589
222.2845
223.4345
223.5194
223.5359
223.6713
223.8851
224.4792
225.3745
225.5058
225.6954
226.4918
226.8113
226.9625
226.9744
227.0704
227.9716
229.9252
230.432
230.6619
230.6894
231.0776
231.3409
233.02
233.0468
234.7381
234.86
236.3132
236.3206
236.4192
236.512
237.8845
237.9377
237.9568
239.1871
240.9515
241.5081
241.5212
241.5608
243.0098
247.127
247.5213
249.1099
249.2089
249.2816
250.3823
250.3875
250.4311
251.8662
252.6079
253.5771
253.7134
255.6505
257.3448
257.3982
257.4188
257.7419
257.8785
257.9644
259.1085
259.1375
259.2992
260.6744
260.7674
260.836
261.9709
262.0773
262.6715
263.5034
264.3934
264.6976
264.9921
265.5308
266.9567
267.1413
268.5428
268.7233
269.794
270.051
270.1553
270.2566
270.3117
271.4183
271.4234
271.6301
271.6878
271.7377
273.1495
273.1839
273.2301
273.2826
273.3589
273.439
273.5409
273.7293
274.0249
274.2615
274.2835
274.5031
274.9357
275.5171
275.5954
276.8406
278.5477
280.6417
281.5329
282.3345
282.5622
283.0345
283.9162
283.978
284.001
284.1095
285.0562
285.1725
286.0659
286.4312
288.0845
288.3039
289.0198
289.2464
289.626
292.6071
292.6866
293.1389
294.321
294.7523
294.9889
295.8651
295.8829
296.0591
296.1784
296.3683
296.8381
299.1497
299.63
302.2618
302.4045
302.4699
302.8002
303.9729
304.2196
304.2604
305.1864
305.4695
305.9
306.2344
306.3934
307.0405
307.1663
307.2116
307.4398
307.508
307.5202
307.587
308.3324
308.6519
309.0498
309.0744
309.9066
310.1376
310.325
311.2948
311.6853
311.7309
312.4618
313.2835
314.4656
314.514
316.0016
316.03
316.0752
316.7545
317.7892
318.0649
318.2652
318.431
319.5495
319.7571
320.4835
320.8757
321.066
321.7952
322.2273
322.5355
323.4636
323.7381
324.2715
324.9415
325.5705
325.612
325.6171
325.7599
326.0001
326.1457
327.16
327.3107
327.3323
327.3878
327.4021
327.4384
327.4536
327.4882
328.9689
329.1701
329.1846
329.2793
330.4588
330.5048
330.5329
331.6717
332.2148
332.7916
333.1581
334.3154
335.3067
337.3668
338.0716
339.3685
339.5129
339.6999
339.9932
341.0143
341.9008
342.8132
343.1493
343.2563
343.3495
343.4792
343.6367
343.9472
343.9959
344.2686
345.2503
345.3799
345.7224
346.1724
348.6022
348.8305
348.8615
350.219
350.3237
350.3834
351.6738
351.8015
351.9049
351.9068
351.9842
351.9985
352.174
353.3287
353.3967
353.4217
353.4358
353.4619
353.7089
354.702
355.3078
355.379
356.7126
357.1852
357.4174
359.0283
359.4574
359.6369
359.6482
359.6507
359.6829
359.7652
364.2666
365.7885
366.0227
366.1331
367.0987
367.5622
370.4884
370.5098
370.7022
371.2711
371.6366
373.064
373.2127
373.4634
373.807
374.729
374.9546
376.3284
376.6609
376.8011
377.7496
377.805
378.0347
378.3405
379.8917
380.8567
381.6862
383.2964
383.4536
383.7195
384.1331
384.1613
384.5826
384.7184
384.7325
385.2228
385.2794
385.6458
387.1992
387.7459
387.7496
387.798
387.9149
388.0692
388.2044
388.4103
389.1761
389.4374
389.7396
390.3967
391.1795
391.6292
391.79
392.8902
393.1469
393.8455
393.852
394.1031
394.8428
394.9288
395.1384
395.267
395.3951
395.5726
397.8174
397.8254
398.2557
398.5203
398.781
399.5244
399.7452
400.3217
400.368
402.7221
402.728
403.6117
404.1532
404.5911
405.2219
405.3702
405.6856
406.4972
407.6692
407.8341
408.156
408.1612
408.1986
408.6808
409.1741
409.2079
409.6416
409.6682
410.4124
410.445
413.0091
413.2279
413.2438
413.2837
413.6755
414.0448
414.1575
414.2279
414.6085
414.6706
414.9296
415.0062
415.2678
415.4178
417.9228
418.0071
418.2852
418.9065
420.3971
422.5058
422.7089
422.7455
423.8057
424.2508
424.3164
424.5647
424.795
427.4718
427.6221
427.652
427.6622
427.7455
428.4562
428.9215
429.3612
429.4873
429.6685
429.674
429.8822
429.9004
432.6268
432.7713
432.8238
433.0708
433.538
433.5572
433.5736
434.0466
434.0606
435.0356
435.2954
437.7555
437.7705
438.4847
438.5039
438.7264
438.9691
439.2365
439.2568
439.3061
439.4799
439.51
439.9753
440.0467
440.2375
440.254
440.2911
441.4831
442.5116
443.2009
443.6538
443.8042
443.9196
444.005
444.1786
444.2139
444.7949
444.826
447.354
447.3737
447.4203
447.6441
447.8768
447.8873
447.8973
447.9593
448.636
448.8765
449.1637
449.3893
449.8642
450.1066
452.4034
452.4433
452.5067
452.7479
452.8924
453.1938
453.2346
453.4102
453.4132
453.4269
453.6416
453.6525
453.7365
453.8973
453.9103
454.0071
454.1986
454.2207
454.2306
454.9082
454.9696
455.2109
457.4609
457.9482
458.3891
458.6219
458.9532
459.1791
459.6998
462.2143
462.4247
462.6125
462.9169
463.967
464.4003
464.9209
465.0123
467.2202
467.3361
467.3866
468.9507
469.0833
469.631
472.8003
473.2314
473.2503
473.7348
474.5155
474.6378
474.7328
474.9914
475.0226
475.0381
477.1837
477.221
477.939
478.2527
478.4886
478.6944
479.2505
479.281
479.4814
479.5235
483.3357
483.3839
483.5328
483.7922
483.8145
483.8682
484.0826
484.174
484.6356
484.9023
487.1271
487.1695
488.1398
488.3993
488.6176
488.648
488.8583
489.3324
489.3377
489.6411
489.8963
492.0515
492.1197
492.1523
492.2174
492.2346
492.4183
492.4453
492.4973
492.6453
492.8838
492.9564
493.2152
493.618
493.6621
494.1325
494.1815
494.2128
494.3967
494.4298
494.606
497.0915
497.1964
497.4084
497.4218
497.6457
497.6579
497.9161
497.9202
498.366
498.6582
499.2077
499.445
499.6215
499.6664
499.8853
501.2502
501.9228
502.077
502.9197
503.3196
503.3685
504.073
504.6187
504.6675
506.9068
506.9148
506.9511
507.3174
507.6367
508.3676
508.4102
508.5436
508.9246
509.2986
509.5426
509.5782
509.596
512.7293
512.7609
512.9571
513.0422
513.2429999999999
513.4796
513.4861
513.7065
514.2293
514.252
514.2716
514.3856000000001
514.4969
514.7767
516.9114999999999
516.9751
517.1737000000001
517.4408
518.4497
519.2329999999999
520.9306
522.0787
522.2791
522.3829000000001
523.0556
523.5544
524.4986
526.8192
526.8375
526.8395
527.0728
527.3054999999999
527.5551
527.564
527.5717
528.3012
528.3407
528.8054999999999
529.032
529.0762999999999
529.5364
529.8433
531.9175
531.9346
532.0901
532.3924
532.8552999999999
533.5776
533.5977
533.6483000000001
533.6639
534.4672
534.5753
535.4857
536.6498
536.6836000000001
536.8661
537.1276
537.3166
537.3872
537.4246000000001
537.5832
537.8086000000001
537.8189
538.1336
538.5918
538.8045
539.3831
539.3863
540.0409999999999
540.8516
543.0833
