1.1965
8.0297
10.2938
11.3421
12.1046
12.4904
12.5892
12.6327
12.7265
12.7354
12.7714
12.833
12.8365
12.8961
12.9977
13.0609
13.2594
13.2797
13.3093
13.3411
13.3441
13.6098
14.1344
14.3376
14.3723
14.6297
14.7067
14.7087
14.9406
15.5775
15.623
15.6846
15.7543
15.923
15.9282
15.9296
15.9684
15.972
16.0058
16.2206
16.2714
16.3348
16.3601
17.1179
17.2591
17.4683
17.5186
17.6512
17.6592
17.6676
17.9365
18.6146
18.7038
18.7077
18.7307
18.8871
21.8139
22.9413
23.6808
23.7293
23.7405
23.7805
23.8801
23.9009
23.944
24.0708
24.4125
24.678
24.7338
25.0068
25.2957
25.4525
25.6424
25.7439
25.7459
25.8639
26.2979
26.5935
27.1343
27.1763
27.3633
27.389
27.4581
27.6744
27.9256
27.9429
27.9871
28.7847
29.0011
29.0722
29.1082
29.1744
29.306
29.4191
29.5425
29.5606
29.5828
29.6111
30.2763
30.28
30.2952
30.6847
31.5364
32.5265
32.919
34.3191
35.2545
35.2682
35.2751
35.2802
35.287
35.2888
35.4572
35.5017
35.7661
35.8683
36.3937
36.7064
37.0078
37.1487
37.2378
37.2719
37.6638
38.5787
38.8326
39.1043
39.1745
39.7702
40.1673
40.2624
40.6058
40.6287
40.6431
40.6529
40.7858
40.9033
41.3672
41.8649
41.8763
41.9728
42.2379
42.2795
43.5983
46.0859
46.5079
46.8433
46.8464
46.8535
46.864
46.8729
46.8924
47.0396
47.0794
47.2277
47.5208
47.6976
47.7379
47.8035
48.2967
48.3351
48.3726
49.4983
49.7005
49.7834
49.9881
50.2615
51.0293
53.2883
53.4381
53.4521
53.458
57.234
58.5381
58.5674
58.569
58.5841
58.6055
58.6283
58.6709
58.7315
58.7737
58.8221
58.8947
58.9066
58.9215
59.0318
59.0373
59.3651
59.4296
59.4479
59.6914
59.9387
59.9801
60.0685
60.0931
60.1202
60.4159
60.6585
60.7841
60.8788
60.9503
61.0923
61.5137
61.5152
61.6779
61.7092
61.9983
62.0664
62.1429
62.301
62.5248
63.6391
63.6463
64.056
64.3496
64.6263
64.93600000000001
65.03579999999999
65.0698
69.1606
70.0245
70.0329
70.0501
70.1944
70.56619999999999
70.67619999999999
70.7062
70.736
70.73860000000001
70.76000000000001
70.8271
70.9996
71.24679999999999
71.3356
71.504
71.7897
72.1799
72.2102
72.3616
72.37430000000001
72.5034
72.5283
72.5706
72.58629999999999
73.10380000000001
73.35420000000001
73.8128
74.1503
74.2567
75.0223
75.4997
75.5194
75.5384
75.54179999999999
75.5436
75.6084
75.61190000000001
75.62609999999999
75.6828
76.0788
80.98099999999999
81.60590000000001
81.6087
81.6109
81.6123
81.62560000000001
81.72490000000001
81.72839999999999
81.7338
81.8056
81.9295
82.179
82.1857
82.1994
82.2272
82.3326
82.37130000000001
82.6199
82.6555
82.66930000000001
82.6708
82.7248
82.8657
82.98009999999999
82.9919
83.0029
83.26220000000001
83.74890000000001
83.8156
83.86060000000001
84.09950000000001
84.1798
84.20610000000001
84.21210000000001
84.29389999999999
84.3826
84.7764
84.90730000000001
85.5012
85.6695
85.6934
85.92059999999999
86.0305
86.0496
86.0508
86.0793
86.27670000000001
86.29089999999999
86.4563
87.39239999999999
87.4436
87.4551
87.52509999999999
87.5351
87.5386
87.5784
87.58459999999999
87.636
87.6463
87.7509
87.77760000000001
87.9456
87.95829999999999
88.19199999999999
88.1985
93.1999
93.2013
93.2283
93.32340000000001
93.3814
93.39
93.4252
93.49379999999999
93.56619999999999
94.1828
94.395
94.4012
94.5352
94.5369
94.6339
94.7236
94.76430000000001
95.0074
96.2099
96.40260000000001
96.41240000000001
96.50149999999999
96.602
96.6103
97.2509
97.6234
97.7281
98.111
98.2342
98.2696
98.29259999999999
98.3386
98.3475
98.4735
98.8447
98.8608
98.8621
99.2246
99.3951
99.50369999999999
99.7803
99.7872
99.7886
99.7976
104.788
104.7922
104.8045
104.8156
105.0221
105.0333
105.1726
105.1749
105.194
105.3725
105.6176
105.6694
106.1559
106.5107
106.7234
106.7386
106.7419
106.8391
106.8411
106.8843
107.0813
107.4341
108.4033
108.4404
108.4712
108.7292
109.9029
109.9128
109.9493
110.0419
110.1017
110.1096
110.1454
110.1684
110.2777
110.3688
110.4832
110.5415
110.8988
111.1219
111.2245
111.3754
113.1217
115.6705
116.4746
116.9895
117.2593
118.1232
118.2935
118.3527
119.5423
119.7438
119.9979
120.2451
120.3253
120.5728
121.2037
121.2693
121.4056
121.5383
121.6307
121.6465
121.8814
121.908
122.5098
122.5248
122.6943
122.9542
122.9564
123.0436
123.1044
123.5365
127.9402
127.9448
127.9534
127.9581
127.9705
128.6043
128.662
128.829
129.2608
129.8737
129.9366
129.9593
130.005
130.0489
130.1688
130.2671
130.5788
130.9525
131.1462
131.1492
131.7378
131.8481
131.9822
132.2656
132.6441
132.7811
132.7938
133.0075
133.1925
133.297
133.3317
133.4641
134.3228
134.5168
134.5466
137.749
139.5269
139.5307
139.5588
139.729
139.8089
139.9906
140.0334
140.0766
140.115
140.1293
140.5027
141.1886
141.3013
141.6809
142.5041
142.6833
142.7709
142.8222
143.3857
143.6259
143.7712
143.863
144.1815
144.3242
144.8972
145.0951
145.5656
145.5705
145.9142
146.0461
146.0498
146.0573
146.1251
146.2793
146.4986
146.5125
147.2686
147.4771
150.6185
151.1082
151.1238
151.1301
151.132
151.5895
151.6789
151.6904
151.7295
151.8165
152.2125
152.4741
153.1006
153.2811
153.5049
153.6794
154.2766
154.8058
155.0752
155.0917
157.0351
157.7009
157.7046
157.7089
157.7246
157.7962
158.4786
159.2088
159.9617
160.1875
161.4119
162.7028
162.7151
162.9286
162.9378
163.031
163.2319
163.2743
163.2948
163.3559
163.5196
163.594
163.7544
164.1415
164.9881
164.994
165.4356
165.6534
166.4855
166.4939
166.5281
166.9414
167.0446
167.0728
167.441
168.1611
168.2012
168.2099
168.2114
168.7419
169.2942
170.2515
170.2665
174.3122
174.5205
174.5266
174.782
174.8803
174.9793
175.0224
175.042
175.2377
175.332
175.4108
175.5357
175.5906
175.6303
175.7068
175.7609
175.9521
176.122
176.4955
176.5218
176.5373
176.8503
176.9252
176.9297
177.0041
177.0213
177.2273
177.2769
177.3015
177.3563
177.3575
177.4634
177.9567
178.2513
178.5105
178.5239
178.6894
178.734
179.0258
179.5661
179.9342
180.0493
180.128
180.1363
180.1686
180.2527
180.3243
180.3343
180.5053
180.5323
180.6391
180.6753
180.8479
180.8736
180.8836
182.2839
185.8551
185.8613
185.8754
185.8948
186.0203
186.0382
186.0597
186.0678
186.0739
186.4224
186.8256
187.1136
187.2595
187.4254
187.4732
187.4808
187.4852
187.7117
187.7882
187.7971
187.8102
187.9317
187.9513
188.1419
188.3194
188.6391
188.7725
188.9522
189.1217
189.2147
189.2626
189.4293
189.5005
189.5426
190.4161
190.4521
190.5263
190.6076
190.6399
190.6808
190.8502
190.895
190.9599
191.0043
191.0545
191.3
191.319
191.9548
192.2368
192.4425
192.4524
192.4579
192.4641
192.4694
192.7816
197.4597
197.4719
197.5318
197.71
197.7668
197.7945
197.8193
197.8265
197.9209
197.9347
197.9449
197.9883
197.9941
198.0003
198.2042
198.2149
198.6442
198.7069
198.8216
199.3321
199.3361
199.348
199.4194
199.4705
199.4737
199.4814
199.5292
199.5835
199.5924
199.6408
199.6554
199.672
200.0627
200.1055
200.3326
200.4337
201.0423
201.0545
201.0833
201.0863
201.191
201.2397
201.3187
201.7351
201.8333
201.9748
202.4706
202.678
202.7002
202.7899
202.8623
202.9301
202.9338
202.9428
202.9599
203.1593
203.1656
203.3422
203.5592
203.8437
204.0382
204.0457
204.0587
204.0903
204.2353
209.0367
209.0397
209.0642
209.1796
209.2917
209.4344
210.7278
210.986
211.028
211.3857
211.4575
211.6456
211.6991
211.9369
212.17
212.6893
213.255
213.6381
213.6561
213.7945
214.0793
214.5288
215.3618
215.6196
215.6268
215.6322
215.6454
215.9385
216.1505
217.8675
220.6005
220.6045
220.6196
220.6282
220.6295
220.6337
220.6429
220.7082
220.9915
221.0691
221.3675
221.512
222.1108
222.3205
222.3635
222.3876
222.6606
223.1106
223.7065
223.7687
223.8322
224.0218
224.1081
224.1418
224.3609
224.6977
224.9556
224.9608
225.3212
225.8753
226.0164
226.0772
226.8372
227.214
232.1838
232.1983
232.2079
232.2092
232.3925
232.6088
232.636
232.7678
232.8469
233.0448
233.3994
233.6492
233.7492
233.9422
234.2707
234.574
234.7133
235.026
235.4314
235.4775
235.7249
236.6323
237.1564
237.6206
237.6679
238.218
238.6295
238.6571
239.1692
239.2733
239.6855
242.6679
243.61
243.7875
243.7938
243.8063
243.8326
243.9654
244.1979
244.2544
244.3743
245.1302
245.3168
245.3241
245.4771
247.4002
247.4412
247.7698
247.7916
247.9495
249.0742
250.2567
250.3711
250.922
250.9878
251.6863
252.0637
252.7251
253.9042
254.0005
254.1116
255.2617
255.3513
255.3667
255.3712
255.3831
255.3975
255.8938
256.0117
256.0266
256.0821
256.0842
256.1571
256.5396
256.6015
256.6613
257.5121
257.5354
257.7072
257.8696
257.9426
258.0087
258.0348
258.1633
259.1596
259.2648
259.2828
259.7913
260.2698
260.8842
260.9017
261.194
261.243
261.4667
261.9645
261.9709
262.3227
265.7763
266.1414
266.3416
266.3808
266.6184
266.9681
266.9739
267.4848
267.5331
267.5958
267.6813
267.8494
267.8858
268.2304
268.2594
268.3722
269.8658
270.054
270.2439
270.3129
270.8569
270.9583
271.1001
271.4503
271.4567
271.482
271.4885
271.7543
272.1656
272.6746
272.8306
272.8326
272.8594
272.989
273.2716
273.2958
273.4203
273.9558
276.4608
276.9738
278.4401
278.5289
278.5502
278.6846
278.7247
278.7577
278.7653
278.855
278.8808
278.8925
279.0072
279.1397
279.4041
279.4081
279.8984
279.9094
280.0407
280.0922
280.1423
280.1539
280.4788
280.6095
280.9081
281.7778
281.8228
282.0452
282.7098
283.3586
283.3912
283.5929
283.6003
283.6267
283.9407
284.413
284.4471
284.5992
284.682
284.689
285.094
285.1261
285.8246
287.6114
288.8107
289.0345
290.1399
290.5413
290.6869
290.7867
291.7571
291.9198
291.9842
292.1541
292.1917
292.1979
292.3478
292.5213
292.8382
293.2657
293.7948
293.8069
293.8443
293.8741
294.0321
294.3442
294.346
294.4589
294.7991
295.2779
295.3816
295.5576
295.6149
295.6667
295.7434
295.9772
296.4304
296.7199
296.7253
296.7353
296.7532
297.3941
299.0791
300.5976
301.6972
301.7065
301.7185
301.8404
301.8862
301.9005
301.9194
301.9277
301.9336
301.9636
302.0888
302.3338
302.6132
302.6599
303.2097
303.4392
303.5567
303.8477
304.3743
304.9847
305.0195
305.2101
305.2949
305.3406
305.3532
305.4241
305.4848
306.0097
306.1966
306.4499
306.7472
306.8161
306.8238
306.9405
306.9976
307.0609
307.5238
307.5442
307.5866
307.6713
308.3013
309.6173
313.2887
313.3495
313.3752
313.5311
313.5551
314.7533
314.8635
316.0234
316.4202
316.4791
316.4988
316.7779
316.7996
316.891
316.9626
317.2766
318.055
318.0656
318.3783
318.5167
319.4361
319.8738
319.9624
320.2851
324.8649
324.8669
324.8744
324.8795
324.8807
324.9076
325.1071
325.1785
325.8016
326.0213
326.2962
326.4259
326.5956
326.6625
326.749
328.0911
328.228
328.8207
329.0695
329.5721
330.2157
330.3784
330.5495
331.1616
331.2324
331.3432
331.4717
331.4747
332.1079
332.304
332.5916
332.8067
336.4592
336.4738
336.4831
336.489
336.5798
336.6309
336.8694
336.9076
336.9614
337.3807
337.9356
337.9692
337.9796
338.3561
339.2263
339.4583
340.0744
340.7087
340.9
341.2418
341.4596
341.7147
341.9801
342.0813
342.1511
342.5228
342.8421
343.0573
343.0603
343.0752
343.5293
348.0167
348.0491
348.0638
348.0666
348.0825
348.0847
348.4355
348.5605
348.6126
348.6862
348.8231
348.8599
348.9051
348.9618
348.9936
348.9998
349.0679
349.1358
350.0494
350.1993
350.2355
350.344
351.1451
351.1747
351.2064
351.337
351.8285
351.8435
351.875
351.9396
351.9865
352.0386
352.0662
352.2312
352.2549
352.4986
352.7452
353.2549
353.5752
353.6354
353.6577
353.6887
353.7048
354.0626
354.0686
354.0888
354.1719
354.3978
354.6409
356.4018
358.1388
359.7822
360.0886
360.1761
360.2276
360.5317
360.579
360.6143
360.8084
360.9723
361.797
361.9001
362.1172
362.1915
362.233
362.2891
362.3206
362.3335
362.3351
362.3787
362.5639
362.6026
362.7988
363.0071
363.6419
363.738
363.7687
363.829
363.8651
363.8738
363.9314
364.0148
364.0533
364.1401
364.262
364.2949
364.3041
364.7003
365.0922
365.1037
365.3262
365.4181
365.4261
365.6165
365.7279
365.8238
365.9325
365.9442
366.2166
366.2234
368.698
370.2652
371.1372
371.2031
371.2176
371.2342
371.2653
371.3813
371.4273
371.4938
371.5001
371.5288
371.5614
371.613
371.8457
371.9146
371.9487
372.0321
372.3773
372.4421
372.62
372.6272
372.6355
372.7832
372.8074
372.8359
372.9356
373.0052
373.109
373.868
374.1755
374.2045
374.2744
374.4421
374.4535
374.6996
374.7151
374.7539
375.2506
375.7444
375.8434
376.0403
376.0501
376.1858
376.2678
376.343
376.3862
376.4117
376.4716
376.5678
376.9199
377.2958
377.442
377.4572
377.4762
377.5667
377.7068
377.7138
377.7236
377.7329
377.8008
382.782
382.7995
382.8028
382.816
382.8387
382.8665
382.8695
382.8798
382.8868
382.8985
382.9071
382.947
382.9558
383.0125
383.077
383.1765
383.1933
383.2144
383.45
383.575
383.6693
383.802
383.804
383.8093
383.8532
384.0408
384.0535
384.0914
384.0945
384.2459
384.2826
384.3132
384.3346
384.5397
384.5408
384.5705
384.5832
384.7942
384.8017
384.888
384.9196
385.0784
385.2954
385.4196
385.4254
385.5269
385.5381
385.55
385.6108
385.6991
385.7959
385.9825
387.7632
387.7675
387.7786
387.783
387.81
387.8167
387.8389
388.0009
388.0194
388.5004
388.7357
388.742
389.0517
389.2772
389.4528
389.4913
389.954
390.2318
390.4319
390.9341
391.2293
392.7033
392.7094
392.7314
392.7332
392.7351
392.9389
393.0045
393.0191
393.1034
393.1977
393.199
393.2491
394.0819
394.2873
394.3997
394.6548
395.1589
397.689
397.8129
397.8169
400.2991
400.39
400.5314
400.5378
402.1856
402.2027
402.6384
402.6454
402.6599
402.6643
402.6766
402.6814
402.6862
402.7159
402.858
402.9096
403.1574
403.2744
403.5946
403.6656
403.6666
403.7502
404.1543
404.4273
404.4288
404.5704
404.6003
404.882
404.8861
405.3406
405.3707
405.3732
405.3878
405.3974
407.4299
407.514
407.5628
407.6064
407.6179
407.6423
407.7019
408.1189
408.2081
408.3502
408.6385
408.8585
409.1592
409.2382
409.4875
409.847
410.1412
410.3909
410.4197
412.5436
412.5719
412.588
412.594
412.6055
412.6099
412.6112
412.6156
412.6247
412.6354
412.6412
412.6448
412.6545
412.6564
412.6938
412.7124
412.7138
412.7478
412.7594
412.8564
413.2357
413.3575
413.4529
413.4871
413.5906
413.6071
413.8675
413.891
414.1047
414.1924
414.2356
414.3703
414.3745
414.4031
414.6192
414.8665
414.9989
415.0151
415.1053
415.1838
415.2549
415.3589
415.3784
415.3883
415.4469
417.5319
417.5397
417.5469
417.5648
417.5773
417.5843
417.5914
417.595
417.6044
417.6108
417.6319
417.6348
417.8166
417.9345
418.1267
418.3688
418.6456
418.6917
418.8678
418.8843
418.8858
418.924
419.0344
419.0658
419.3052
419.4193
419.7718
419.8819
420.0298
420.051
420.1224
420.1486
420.2362
420.305
420.312
420.3817
420.4812
421.3071
422.5151
422.5297
422.548
422.5591
422.6479
422.8051
423.034
423.0505
423.0734
423.1435
423.5002
423.528
423.5386
423.7757
424.019
424.5024
424.5196
424.5484
424.744
425.0099
425.0328
425.0525
425.0606
425.2448
425.2753
425.2829
426.2455
427.3896
427.4876
427.4953
427.4985
427.5037
427.5747
427.5926
427.609
427.9756
427.9889
427.9992
428.5023
428.7218
428.7408
429.124
429.2169
429.9655
430.8149
432.4272
432.4329
432.5366
432.618
432.6444
432.6458
433.268
433.4055
433.6849
434.2564
434.4773
434.4972
434.668
437.3918
437.4335
437.4822
437.5428
438.03
438.2838
438.3414
438.7638
438.7677
439.5227
439.5492
440.2182
440.249
440.2601
442.3515
442.3681
442.3949
442.4202
442.4279
442.4409
442.4858
442.5123
443.0958
444.4635
444.5943
444.5997
444.6591
445.0961
445.1217
445.2909
446.9861
447.3048
447.3258
447.3414
447.3429
447.38
447.3934
447.4007
447.4203
447.5889
447.5954
447.6975
447.8329
447.8399
448.0845
448.3663
448.599
449.5798
449.7228
449.8288
450.0481
452.2896
452.2969
452.3069
452.3105
452.3327
452.3539
452.3772
452.4035
452.407
452.4822
452.5025
452.7577
452.9582
452.9666
453.1378
453.4887
453.6334
453.6632
453.7829
454.2384
454.2952
454.3198
454.372
454.8032
454.8188
454.8421
455.0576
455.6999
457.2517
457.2668
457.2771
457.3074
457.3171
457.3295
457.3404
457.3507
457.3614
457.3809
457.5728
457.5998
457.6133
457.6218
457.6256
457.8028
457.8685
458.0332
458.0486
458.3614
458.4023
458.4644
458.5497
458.8543
458.9204
459.6006
459.6371
459.8888
460.0657
460.0953
460.1194
460.1468
462.2201
462.2578
462.2653
462.278
462.34
462.3461
462.3733
462.3898
462.4008
462.4165
462.4188
462.4761
462.4978
462.9765
463.0024
463.0354
463.2415
463.2439
463.3744
463.3972
463.4968
463.8434
464.1511
464.2441
464.4441
464.5395
464.7212
464.7324
464.7478
464.7524
464.9868
467.2574
467.2625
468.194
468.4262
468.868
468.9319
468.9355
469.5994
469.8212
470.1117
471.1151
472.1449
472.1496
472.1634
472.1718
472.175
473.1111
473.7018
474.1842
474.7773
474.9524
475.6773
477.1003
477.1441
477.1471
477.2088
477.2308
477.2417
477.45
478.5898
478.8445
479.032
479.9843
482.0892
482.1216
482.1458
482.1487
482.1571
482.2058
482.3448
482.5374
482.5483
483.1747
483.4303
483.4359
483.4636
483.7845
484.3102
485.219
486.9079
486.9273
487.0365
487.0496
487.0576
487.0865
487.088
487.0982
487.158
487.1696
487.2058
487.4352
487.4564
487.5633
487.6923
487.8217
488.771
488.7839
489.0264
489.1678
489.2196
489.3291
489.3672
489.5111
489.7593
489.7718
489.9011
490.0851
492.0042
492.0088
492.0212
492.0365
492.0384
492.0538
492.0611
492.0648
492.0918
492.1941
492.2968
492.3894
492.5339
492.7789
493.2786
493.3194
493.3692
493.6727
493.6918
493.8559
494.0341
494.0375
494.0662
494.3502
494.5373
494.5646
494.5733
494.6545
494.783
494.785
494.8141
496.9574
496.9936
496.9952
497.0186
497.0226
497.0329
497.0408
497.043
497.0469
497.0491
497.0537
497.0662
497.0871
497.0894
497.1505
497.2628
497.5389
497.5422
497.5527
497.8758
497.9486
497.9972
498.0155
498.0555
498.0669
498.0978
498.1362
498.2367
498.4473
498.5434
498.5557
498.6456
498.7718
498.8204
498.886
499.0716
499.2447
499.3104
499.4272
499.4435
499.5478
499.5654
499.6881
499.7632
501.9579
501.9643
501.971
502.0852
502.1049
502.1297
502.1662
502.2185
502.2289
502.2567
502.2925
502.465
502.549
502.7182
502.7292
502.7753
502.9433
503.0012
503.2092
503.7084
503.7615
503.9428
503.9512
503.9582
503.9635
504.1915
504.1963
504.3125
504.4004
504.4308
504.4473
504.4513
504.4778
504.6283
504.6677
504.6896
504.7038
504.8237
506.3455
506.8912
506.9006
506.9198
506.9462
506.9572
506.9737
506.9798
507.0908
507.1254
507.1517
507.1659
507.1672
507.1936
507.3669
507.4274
507.5055
507.9298
508.2083
508.3971
508.4114
508.4163
508.5122
508.6193
508.6522
508.6608
508.843
508.9597
509.0509
509.0668
509.122
509.2259
509.329
509.3532
509.3586
509.598
509.6499
509.7469
509.9429
509.9507
510.1469
511.8544
511.8781
511.8981
511.9317
512.0412
512.0795000000001
512.1815
512.328
512.3469
512.4197
512.6372
512.6982
513.1725
513.2175
513.3211
513.679
513.8595
514.0701
514.1722
514.1801
514.3084
514.4714
514.5964
514.6476
514.6638
516.4465
516.8319
516.8382
516.8409
516.9346
516.9492
516.9589
517.1193000000001
517.6931999999999
517.7034
517.8149
518.5109
518.6996
518.8116
519.0581999999999
519.1935
519.2006
519.9967
521.7997
521.8768
522.0174
522.7035
523.0466
523.2143
523.3158
523.5183
523.5735
523.7348
524.029
524.1215
524.1262
524.1441
524.2706000000001
524.3007
524.5467
524.7008
525.9288
526.4802
526.7572
526.7612
526.7838
526.8009
526.8041000000001
526.8184
526.8199
526.8486
526.8597
527.1241
527.3792
527.5114
527.8591
527.9962
528.0074999999999
528.0317
528.9778
528.9973
529.0357
529.2435
529.268
529.3658
529.5353
529.5536
529.5616
531.7229
531.7592999999999
531.7642
531.7761
531.7907
531.7948
531.7974
531.8486
531.8824
531.9532
531.9638
532.0864
532.2436
532.3967
532.4158
532.5244
533.034
533.1698
533.2734
533.2819
533.4183
533.5346
533.564
533.739
533.7789
533.8050000000001
533.8257
534.1387
534.2313
534.3078
534.4257
534.4853000000001
534.5001999999999
534.5328
534.5774
536.0602
536.6063
536.7005
536.707
536.7126000000001
536.7142
536.7195
536.7233
536.7417
536.7773999999999
536.7824000000001
536.8018999999999
536.8808
536.9086
536.9267
536.9608000000001
536.9919
537.2195
537.273
537.2853
537.2864
537.3061
537.3471
537.4585999999999
537.7395
537.7907
537.9136
537.9442
537.9971
538.0099
538.0294
538.0309999999999
538.0422
538.0538
538.2936
538.3266
538.4703
538.4878
538.5518
538.9784999999999
539.0029
539.0341
539.0685
539.1728000000001
539.1768
539.207
539.2697000000001
539.3144
539.3584
539.4255000000001
539.53
539.5385
539.5558
539.5774
541.0119999999999
541.1154
541.2320999999999
541.4069
542.4836
542.7351
542.9434
543.7931
545.109
545.8416999999999
545.8887999999999
545.9965999999999
547.4158
547.9074000000001
548.4089
