11.4498
12.1046
12.1349
12.1404
12.316
12.3717
12.4118
12.4392
12.4999
12.5123
12.5328
12.5688
12.7504
12.7985
12.9374
12.9469
12.9605
12.9699
12.9944
13.0799
13.098
13.2764
13.2856
13.3647
13.3982
13.4313
13.4632
13.4985
13.5033
13.5271
13.7046
13.7745
13.8349
13.8427
13.9222
13.9383
13.9735
14.0655
14.2013
14.2132
14.2406
14.2577
14.2672
14.2802
14.3604
14.374
14.4521
14.4813
14.6373
14.6872
14.8106
14.8348
14.9876
15.0887
15.102
15.1103
15.2723
15.4666
15.5449
15.5478
15.551
15.5574
15.5919
15.645
15.6514
15.7444
15.769
15.7843
15.8803
15.8822
15.9312
15.9788
16.0149
16.0166
16.0765
16.2612
16.5054
16.5874
16.8465
16.8703
16.8982
16.9024
17.0643
17.0757
17.1553
17.2286
17.2407
17.2498
17.4712
17.5052
17.5086
17.533
17.5701
17.6315
17.6673
17.6736
17.7171
17.7812
17.8739
18.1496
18.2288
18.2446
18.2852
18.299
18.363
18.6782
18.7083
18.7174
18.722
18.7317
18.7975
19.1089
20.025
20.7046
20.91
23.528
23.7054
23.7467
23.7786
23.9491
23.9945
24.0283
24.0404
24.08
24.1498
24.1608
24.1891
24.424
24.478
24.494
24.5028
24.5287
24.6778
24.7022
24.9388
25.1362
25.4601
25.583
25.7587
26.0766
26.18
26.7038
26.7865
27.223
27.2357
27.252
27.3259
27.5734
27.6223
27.7882
27.7959
28.222
28.2591
28.2846
28.3346
28.3384
28.4131
28.4361
28.4428
28.5295
28.6788
28.6824
28.7824
28.8692
28.883
30.3799
31.823
32.055
35.6427
35.8596
36.0445
36.0819
36.6525
36.665
37.9015
38.1677
40.1301
40.5329
40.7574
40.8567
40.9656
41.5916
41.7346
41.7426
41.8738
41.9649
41.9684
43.0286
47.1033
47.1295
47.1572
47.2019
47.2129
47.2298
47.2349
47.3323
47.4937
47.5477
47.5837
47.5971
47.7057
47.7549
47.7609
47.7747
47.8043
47.9208
47.9762
47.9985
48.1656
48.1722
48.1748
48.2471
48.2653
48.4035
48.5578
48.5818
48.5889
48.6783
48.7076
48.897
49.2625
49.3522
49.3942
49.6866
49.7233
49.8026
49.8037
49.8375
50.4973
51.3955
52.0041
52.1913
52.303
52.3283
53.1828
58.7102
58.7309
58.7834
59.0852
59.156
59.1784
59.2051
59.2112
59.2222
59.4975
59.5098
59.577
60.0546
60.3289
60.3434
60.8687
61.0107
61.0827
61.2618
61.8648
61.9614
62.2708
64.60850000000001
64.77670000000001
70.2976
70.3806
70.4158
70.4383
70.46469999999999
70.5365
70.5791
70.6016
70.6233
70.75149999999999
70.7773
71.45780000000001
71.4662
71.4807
71.6944
71.95650000000001
72.19119999999999
72.3258
72.5389
72.5487
72.6585
72.68089999999999
72.709
73.2548
73.3048
73.3165
73.3652
73.402
73.4104
73.4234
73.46129999999999
73.63
73.82729999999999
73.9074
73.9221
74.3481
74.39530000000001
74.40470000000001
74.84829999999999
74.9181
74.94929999999999
74.99930000000001
75.0193
75.0946
75.4346
75.474
75.4769
75.5671
75.5843
75.6409
75.87390000000001
76.5562
76.8989
81.628
81.7231
81.7901
81.80840000000001
81.8462
81.8526
81.9152
81.91930000000001
81.97929999999999
82.0988
82.1494
82.1588
82.17359999999999
82.2567
82.5033
82.7303
82.7998
82.9051
83.0806
83.1814
83.1844
83.1927
83.21469999999999
83.4961
83.5292
83.82429999999999
83.9581
84.0077
84.01560000000001
84.0617
84.0844
84.102
84.25
84.2715
84.3124
84.4115
84.4414
84.5117
84.52460000000001
84.6109
84.6527
84.754
84.8228
84.83199999999999
85.0095
85.05459999999999
85.1306
85.4076
85.4496
85.4931
85.5749
85.60720000000001
85.6366
86.06059999999999
86.12139999999999
86.2073
86.32640000000001
86.3377
86.3442
86.3734
86.4118
86.4568
86.4633
86.6888
86.7047
86.7384
86.7868
86.9926
87.0823
87.10980000000001
87.1452
87.2585
87.3229
87.3586
87.3832
87.38420000000001
87.55029999999999
87.6358
87.68389999999999
87.6943
87.74120000000001
87.7599
88.0514
88.2306
88.3449
88.6361
89.47069999999999
93.2895
93.4558
93.4872
93.5074
93.5484
93.58969999999999
93.6538
93.7029
93.8222
93.8601
93.949
94.006
94.05029999999999
94.0853
94.31959999999999
94.3608
94.36920000000001
94.3759
94.48520000000001
94.6536
94.6769
94.7055
94.7197
94.751
94.798
94.8172
94.85420000000001
94.91970000000001
95.1241
95.217
95.30629999999999
95.38930000000001
95.42440000000001
95.5505
95.7645
95.81610000000001
95.9074
95.9555
96.0706
96.1058
96.11409999999999
96.3087
96.3372
96.34269999999999
96.3884
96.3929
96.4258
96.501
96.54430000000001
96.6292
96.65689999999999
96.8634
96.8888
97.02549999999999
97.1332
97.1833
97.2824
97.2993
97.30240000000001
97.4199
97.446
97.48699999999999
97.60290000000001
97.63720000000001
97.69280000000001
97.7093
97.77379999999999
97.90389999999999
97.9075
97.9492
97.95869999999999
98.02889999999999
98.0437
98.16160000000001
98.19840000000001
98.4909
98.5145
98.73860000000001
98.76730000000001
98.7932
99.1044
99.1217
99.13
99.1553
99.1835
99.29649999999999
99.45350000000001
99.48139999999999
99.5701
99.6439
99.7343
99.7431
99.74679999999999
99.7637
99.77419999999999
99.79600000000001
99.8001
99.8053
99.89879999999999
100.4273
100.9616
104.7808
104.8143
104.8988
105.0295
105.0347
105.0908
105.0997
105.1225
105.1331
105.224
105.2298
105.238
105.2512
105.2813
105.3315
105.4002
105.4075
105.6873
105.8394
106.2471
106.4596
106.5153
106.5262
106.5977
106.7037
106.7182
106.7248
106.752
106.7695
106.7981
106.8339
106.8698
106.8742
106.9474
106.9569
107.1851
107.2497
107.4182
107.579
107.6191
107.6412
107.6424
108.1317
108.1708
108.2346
108.2828
108.3959
108.4155
108.4727
108.6563
108.8118
109.4747
109.9098
109.9842
109.9948
110.0046
110.0606
110.1091
110.1236
110.3659
110.6141
110.6588
111.2077
111.2202
111.331
111.3528
111.3616
111.3716
111.38
111.3852
111.5202
111.593
111.6787
111.7128
112.5828
116.3984
116.6236
116.6286
116.6522
117.0912
117.1399
117.2474
117.2886
117.6158
117.725
117.891
118.0857
118.1163
118.1738
118.3424
118.4527
118.7343
119.3728
119.4049
120.0602
120.1277
120.2014
120.2851
120.4096
120.5981
120.8247
120.8869
120.9241
120.9695
121.3556
121.4908
121.5719
121.6813
121.8566
121.9047
122.1344
122.6015
122.6511
122.9759
123.1372
123.2419
123.3167
123.4724
127.9291
127.979
128.0386
128.148
128.1932
128.2659
128.3433
128.4696
128.8091
129.194
129.2788
129.3242
129.3283
129.4897
129.6307
129.6428
129.6941
129.9487
130.2865
130.581
130.6235
130.9617
130.9857
131.0849
131.1497
131.2054
131.2909
131.3031
131.4178
131.5308
131.7844
131.9606
131.9996
132.0534
132.1191
132.1357
132.1977
132.3749
132.3792
132.537
132.5685
132.6815
133.2098
133.7526
133.9013
134.4436
134.4473
134.56
134.7083
134.7245
135.0275
135.0654
136.0685
136.5178
136.5478
139.5388
139.7702
139.7924
140.0977
140.1581
140.2189
140.2659
140.2828
140.5525
140.6797
140.7911
140.941
140.9507
140.9977
142.0648
142.3965
142.5934
142.7057
142.7974
143.0027
143.2456
143.3182
143.4625
144.0544
144.1184
144.5273
144.6128
144.7906
144.8735
144.916
145.2187
145.2698
145.6823
145.8714
146.1152
146.1294
146.1405
146.6253
147.4729
148.524
148.5343
149.1768
149.7402
150.2199
151.1154
151.1357
151.1578
151.1993
151.4615
151.5647
151.6454
151.9008
152.2871
152.3261
152.3867
152.4864
152.7695
152.8062
152.9569
153.0848
153.1389
153.201
153.4989
153.7098
153.8218
153.9587
154.0196
154.1522
154.5026
154.8149
155.0343
155.4877
155.5923
155.6494
155.7713
155.8572
156.1382
156.3257
156.4761
156.6325
156.6508
156.7359
156.749
156.8252
156.8391
157.0286
157.0359
157.1465
157.2244
157.2262
157.5268
157.6701
157.7041
157.7122
157.7661
159.6107
161.1699
161.2438
162.7252
162.7451
162.8746
162.9049
163.0095
163.0736
163.0984
163.254
163.4759
163.5358
164.616
164.7057
164.7888
164.8105
164.8527
164.8561
164.8639
164.932
165.1612
165.3011
165.6145
165.9554
166.1204
166.1471
166.1614
166.1705
166.1873
166.3369
166.3397
166.3595
166.3797
166.4234
166.5774
166.5964
166.6347
166.6591
166.7705
166.904
167.677
167.756
167.7848
168.2753
169.231
169.2605
169.3081
169.312
169.3132
169.5411
170.7627
171.3543
174.2877
174.3053
174.46
174.5078
174.5616
174.7344
174.8341
174.8553
174.9748
175.0938
175.1092
175.1344
175.1383
175.1567
175.2305
175.2751
175.3257
175.3328
175.3702
175.4452
175.5457
175.5935
175.7126
175.9426
176.0828
176.2206
176.27
176.4808
176.5973
176.6116
176.6212
177.0224
177.1477
177.1749
177.9226
178.0313
178.052
178.0664
178.2104
178.2196
178.2742
178.3483
178.4301
178.6527
178.86
178.9457
179.0673
179.077
179.1349
179.2574
179.2906
179.3916
179.68
179.7617
179.8715
179.8925
179.9598
180.1568
180.352
180.3741
180.4767
180.4878
180.6675
180.886
180.8916
181.0805
182.5216
185.2435
185.9325
185.9353
185.9982
186.085
186.0999
186.1101
186.1121
186.142
186.182
186.2278
186.2977
186.4596
186.548
186.5999
186.6699
186.6868
186.7226
186.8758
187.0241
187.0644
187.0937
187.1545
187.1748
187.2193
187.3235
187.3492
187.3589
187.3603
187.3698
187.382
187.4088
187.434
187.4704
187.8609
188.0248
188.5236
188.5917
188.7599
188.7676
188.8168
188.9239
188.9251
188.9455
188.961
189.0374
189.094
189.1532
189.3103
189.3317
189.3682
189.4684
189.8638
190.1097
190.4636
190.4726
190.5253
190.662
190.6947
190.7157
190.7343
190.748
190.7914
190.8943
191.4794
191.5165
191.7832
191.8356
191.9226
191.955
192.0212
192.1617
192.1863
192.3388
192.3967
192.4502
192.461
192.4707
192.7688
193.0627
197.4861
197.4915
197.5246
197.6011
197.6532
197.6821
197.7052
197.7438
197.7635
197.783
197.8703
197.874
197.8887
197.9127
197.9225
197.9302
197.9486
197.9955
198.2023
198.2114
198.2861
198.309
198.4665
198.7404
198.744
198.8027
199.1307
199.1341
199.1781
199.2229
199.3213
199.3449
199.3904
199.4219
199.509
199.5882
199.667
199.7476
199.7891
200.3448
200.47
200.7292
200.8735
201.0526
201.3218
201.4818
202.1767
202.2178
202.254
202.6104
202.8379
202.894
202.9102
203.1891
203.2152
203.2405
203.4511
203.618
203.6496
203.7638
203.8679
203.8735
203.9749
204.0422
204.0485
204.0562
204.0686
204.1355
204.1566
204.4334
209.0728
209.3448
209.3888
209.545
209.7188
209.9016
209.9373
210.097
210.3508
210.6468
210.9944
210.9963
211.2285
211.3338
211.8823
211.9696
212.0125
212.2986
212.334
212.3981
212.4107
212.5102
212.539
212.6971
212.7156
212.8688
212.9036
212.9093
213.0867
213.1456
213.2204
213.7458
213.8213
213.9267
214.0797
214.1273
214.135
214.6961
214.7907
215.3342
215.4689
215.6248
215.6308
215.7257
216.695
216.8703
220.6525
220.7906
220.7978
220.84
220.8985
220.9196
221.2285
221.3462
221.6851
221.7585
221.9101
222.2224
222.3359
222.5975
222.9065
222.9779
223.2794
223.4185
224.0419
224.0691
224.2081
224.3606
224.6018
224.6435
225.2542
225.4086
225.629
225.6727
225.9603
226.235
226.519
227.0101
227.0303
227.0907
227.1859
227.2139
227.2188
227.2227
227.314
227.3566
228.1377
228.382
228.3863
228.6811
230.1299
230.219
231.4014
231.6979
232.2138
232.2294
232.4012
232.5185
232.5893
232.6519
232.6927
232.8988
232.9385
233.1216
233.2372
233.2826
233.4477
233.6391
233.8376
234.1671
234.4657
234.6509
234.6559
234.9806
235.3365
235.3809
236.0663
236.4324
236.5408
236.5816
236.7703
237.0169
237.2643
237.3009
238.0669
238.3884
238.439
238.5875
238.7925
238.7957
238.8
238.8698
240.3066
240.9894
241.3724
241.4414
243.8019
244.5353
244.8718
244.9395
245.9913
246.1868
246.5541
246.6741
246.7089
247.1248
247.1292
247.7054
247.8371
247.9103
248.0015
248.2202
248.2576
248.3003
248.3341
248.3438
248.9278
249.2519
249.4723
249.6965
249.8484
249.9044
249.9278
249.9927
250.0105
250.1325
250.2032
250.4038
251.5023
252.5156
253.264
254.3065
254.8002
255.0969
255.2329
255.4065
255.4127
255.416
255.5957
255.6071
255.6353
255.7736
255.8183
255.8272
255.9013
255.9936
256.0995
256.2161
256.2304
256.2459
256.4296
256.4596
257.0958
257.4234
257.4523
257.4947
257.7648
257.7866
257.9308
258.6075
258.6275
258.6927
258.7231
258.7696
259.1008
259.1827
259.2242
259.4403
259.4507
259.7127
259.8657
260.2436
260.2659
260.2957
260.3329
260.3481
260.4177
260.4239
260.4308
260.4801
260.5369
260.6854
260.6918
260.7154
260.8097
260.8399
260.8842
260.9398
260.9586
261.1125
261.2927
261.3167
261.4553
261.7489
261.969
262.3673
262.3729
262.4688
263.2281
263.2946
264.0769
264.2875
266.6418
266.9793
266.9872
267.0036
267.1447
267.3697
267.3876
267.5204
267.5482
267.6069
267.7279
267.7448
267.7536
267.758
267.7652
267.8175
267.823
267.9344
268.1552
268.1705
268.176
268.2033
268.4854
268.4954
268.595
268.6198
268.6638
269.1164
269.1319
269.1452
269.2441
269.2883
269.4596
269.5916
269.6473
269.6519
269.6552
269.6742
269.6865
269.7032
269.7852
269.7928
269.8037
270.1832
270.1999
270.2063
270.2697
270.3691
270.4323
270.5399
270.5626
270.575
270.7543
270.849
270.8742
270.9039
270.9244
270.9781
271.0613
271.0648
271.0744
271.1312
271.452
271.4688
271.5793
271.5839
271.7583
271.8913
272.0301
272.2493
272.3649
272.5084
272.5438
272.6346
272.6431
272.6945
272.7582
272.7724
272.912
272.9494
273.0513
273.0624
273.1499
273.1716
273.1898
273.5578
273.7502
274.2959
277.8342
277.9306
278.5766
278.5934
278.7151
278.7343
278.7769
278.8111
278.8306
278.8555
278.8656
278.9696
279.0191
279.086
279.1444
279.2757
279.3399
279.3851
279.5053
279.5824
279.601
279.6161
279.6507
279.6795
279.7022
279.8037
279.8356
279.8389
279.9339
279.9581
279.9629
280.069
280.0843
280.0975
280.1211
280.1487
280.1529
280.197
280.2428
280.6151
280.6323
280.6576
280.8485
280.8615
280.8682
281.0096
281.0187
281.0291
281.1007
281.142
281.1727
281.1846
281.218
281.2723
281.3076
281.4295
281.4482
281.5305
281.6422
281.7159
281.7279
281.7825
281.8653
281.9474
282.0294
282.0506
282.4648
282.5647
282.6625
282.894
282.9148
282.9237
283.0117
283.0609
283.063
283.0844
283.109
283.1546
283.289
283.3474
283.3582
283.3784
283.3879
283.4229
283.4263
283.431
283.5299
283.561
283.629
283.6756
283.8521
284.4603
284.5744
284.6202
284.6452
284.7023
284.706
284.774
284.8521
284.8655
284.8745
284.993
285.0557
285.0698
285.1315
285.1458
285.3526
285.7561
285.8462
289.4773
290.1715
290.2929
290.3351
290.3366
290.3422
290.3468
290.3605
290.3867
290.4285
290.4425
290.4558
290.5142
290.5971
290.6154
290.8093
290.8183
290.8636
290.8717
290.9061
291.2013
291.2432
291.3474
291.4939
291.5532
291.5581
291.7875
291.8154
291.9984
292.2119
292.5596
292.6812
292.8204
292.872
293.1336
293.4122
293.4337
293.4497
293.754
293.771
293.7818
293.9328
293.9589
294.079
294.0933
294.1557
294.3008
294.3173
294.319
294.6285
294.6543
294.6559
294.7805
294.8643
295.0765
295.1415
295.1947
295.2736
295.3826
295.394
295.4975
295.5036
295.6463
295.7244
295.9029
296.0331
296.0879
296.1544
296.3032
296.451
296.4681
296.4717
296.6172
296.6968
296.7121
296.7377
296.7554
297.2173
297.2405
301.428
301.7095
301.7555
301.8089
301.9193
302.0608
302.1119
302.1277
302.1321
302.1618
302.2043
302.6775
302.8117
303.165
303.2071
303.3574
303.4285
303.5905
303.682
304.0137
304.0481
304.0792
304.8123
305.1405
305.308
305.3454
305.4347
305.4494
305.5039
306.5611
306.6835
306.7003
306.8797
307.0712
307.2805
307.654
307.9455
308.0572
308.1981
308.2033
308.2914
308.2935
308.3864
308.4192
308.5174
308.6905
308.7725
308.8799
309.2683
312.1765
313.3325
313.8427
313.9032
314.0128
314.2152
314.2471
314.2667
314.6735
314.8013
314.9122
315.1141
315.1855
316.0705
316.283
316.3187
316.3414
316.7176
317.0057
317.1098
317.1635
317.1711
317.392
317.4214
317.594
318.2309
318.2811
318.3648
319.259
319.5756
319.6559
319.6892
319.8001
319.83
319.8816
319.8871
319.8887
319.9646
320.0853
320.9583
321.9018
323.1105
323.3871
324.8695
324.9159
324.9957
325.1544
325.2325
325.4614
325.5798
325.7941
325.9895
326.1802
326.3594
326.6593
326.8628
327.0236
327.2181
327.4015
328.031
328.5282
328.6453
328.6478
328.6532
328.7173
328.9137
329.1097
329.207
329.5623
330.0628
330.182
330.593
330.7774
330.8649
331.0053
331.4513
331.4597
331.4661
331.7166
332.4384
332.608
334.0857
335.9026
336.45
336.475
336.4844
336.4954
337.0923
337.2148
337.2364
337.2575
337.3301
337.474
337.5137
337.5801
337.6002
337.6499
338.0746
338.078
338.5257
339.245
339.2814
339.2882
339.3372
339.5209
339.9456
340.3108
340.4981
340.8107
341.0438
341.5555
342.435
342.5777
342.7845
343.0488
343.0604
343.113
345.1145
345.579
347.0962
347.2728
348.0795
348.089
348.2459
348.6464
348.6546
348.827
348.8769
349.2354
349.2879
349.4746
349.6466
349.7369
349.7656
349.7892
349.8067
349.8644
350.2752
350.3009
350.6225
351.1749
351.7905
351.8009
352.0886
352.1042
352.4958
352.5863
353.1132
353.3007
353.3465
353.3605
353.3969
353.4291
353.4461
353.4641
353.5122
353.6441
353.7234
353.7899
354.1764
354.5089
354.6323
354.6454
354.6896
354.9733
356.0119
359.6407
359.6427
359.6506
359.655
359.6608
359.792
359.903
360.1885
360.1978
360.4455
360.4883
360.7602
360.8209
360.8756
360.8975
361.2629
361.5296
361.6276
361.7082
361.8319
361.9125
361.9232
362.1076
362.1962
362.3947
362.401
362.4149
362.5152
362.5703
362.7214
362.7429
362.7931
362.8176
362.8239
362.8389
363.3333
363.5058
363.5268
363.5824
363.625
363.6426
363.6515
363.6946
363.7493
363.7552
363.7711
363.7825
363.8229
363.8311
364.0558
364.1045
364.3395
364.4856
364.6693
364.6892
365.0465
365.0776
365.2141
365.2937
365.3561
365.3679
365.3887
365.6431
365.6798
365.7534
366.2158
366.2243
366.3949
366.55
366.6105
366.6812
371.2266
371.2395
371.2587
371.2686
371.4131
371.4174
371.4596
371.479
371.5226
371.5258
371.6659
371.7247
371.8201
371.8874
371.9087
371.9202
371.9224
371.9742
372.1616
372.2722
372.4314
372.5162
372.6967
372.7076
372.7127
372.7847
372.8087
372.8296
373.4936
373.6729
373.687
373.8654
374.0172
374.1097
374.1798
374.2107
374.2843
374.3108
374.4152
374.8471
374.9541
375.3068
375.5946
375.6077
375.7138
375.7306
375.732
375.7683
375.813
375.8352
375.9483
375.9786
376.0767
376.0969
376.1434
376.199
376.3754
376.4564
376.9484
377.2272
377.509
377.5518
377.6114
377.6769
377.7249
377.797
377.8
377.8066
377.8111
377.8203
377.8366
378.0774
378.1062
378.324
380.2903
382.7923
382.7943
382.8115
382.8163
382.8244
382.8281
382.8444
382.8501
382.916
382.9834
383.0015
383.004
383.0194
383.0568
383.0579
383.077
383.106
383.2192
383.2578
383.2833
383.3
383.3662
383.3834
383.6708
383.7091
383.7965
383.8096
383.8651
383.8923
383.9701
384.1518
384.2514
384.2552
384.2714
384.4772
384.517
384.6116
384.9548
385.0022
385.0058
385.2153
385.3595
385.3735
385.6375
387.7456
387.7503
387.7592
387.8632
387.9174
388.25
388.277
388.3232
388.7331
388.8054
388.9834
389.0186
389.5705
389.7798
389.8186
390.2251
392.7273
392.7357
392.7935
392.8237
392.9006
392.9906
393.0103
393.2274
393.3206
393.458
393.4677
393.4786
393.7546
394.0163
394.0452
394.137
394.381
394.6483
394.9595
395.3303
395.4313
396.658
397.7039
397.8162
397.8187
397.8356
397.8605
397.8871
397.9107
397.9316
398.0184
398.0424
398.3783
398.4883
398.577
398.7672
398.9999
399.5479
400.5343
402.727
402.7451
402.7605
402.9262
403.1525
403.2293
403.4376
403.6326
404.1572
404.3045
404.4097
404.4674
405.0821
405.1479
405.2029
405.248
405.2905
405.6492
407.6508
407.6833
407.6928
407.7024
407.7035
407.8005
407.8229
407.8369
407.8623
407.871
407.944
408.1145
408.3552
409.043
409.082
409.6342
409.6664
409.6853
409.8415
409.8467
410.0877
410.1412
410.1842
410.3121
410.5293
410.603
410.8596
412.5887
412.6072
412.6352
412.6461
412.6567
412.6805
412.6823
412.716
412.7614
412.7844
412.84
412.866
412.9048
412.9319
412.9349
412.961
412.9988
413.1299
413.1579
413.6762
413.7292
413.7889
413.8161
413.8884
413.9005
414.2189
414.3581
414.4063
414.4386
414.7643
414.8622
414.8715
414.8863
415.0914
415.3905
417.5608
417.5917
417.5956
417.6127
417.6138
417.6397
417.645
417.6851
417.6869
417.7236
417.7321
417.7463
417.8202
417.8578
417.8733
418.062
418.1485
418.1961
418.2756
418.3055
418.3538
418.5056
418.5169
418.5314
418.5959
418.8612
418.9051
419.0791
419.1048
419.2136
419.318
419.3257
419.5781
419.5893
419.7295
419.7434
419.7989
419.8398
419.9962
420.0655
420.0755
420.0955
420.2448
420.259
420.2723
420.3061
420.3189
420.3309
420.576
422.5265
422.5709
422.5891
422.6003
422.6142
422.6261
422.6543
422.6706
422.6841
422.6897
422.7459
422.7683
422.7928
422.798
423.0127
423.0418
423.3001
423.3656
423.5851
423.7251
423.7512
423.9141
424.0067
424.1543
424.1631
424.2264
424.2648
424.281
424.914
424.9326
424.9634
425.0198
425.1291
425.2261
425.6164
427.1173
427.4783
427.4878
427.5073
427.5335
427.5481
427.5972
427.6475
427.6696
427.7272
427.7467
427.761
427.9537
428.005
428.0083
428.0634
428.2968
428.4615
428.4677
428.4783
428.5315
428.7132
428.7232
428.9475
428.9694
429.0003
429.0345
429.1163
429.1718
429.2245
429.2591
429.3097
429.5253
429.7796
429.8595
429.9789
430.1021
432.3817
432.4581
432.4837
432.513
432.5465
432.5672
432.6233
432.6283
432.688
432.7091
432.7254
432.8695
432.886
432.8874
432.9496
432.9651
433.0541
433.0853
433.2004
433.2046
433.2153
433.3325
433.4489
434.0651
434.1656
434.1811
434.4273
434.4344
434.4581
434.8346
434.9237
434.9637
434.9808
435.1712
435.1727
435.1803
435.2051
435.5282
436.9814
437.4248
437.4263
437.4549
437.5809
437.5833
437.6039
437.6713
437.8538
437.9137
437.9239
438.0004
438.2242
438.3527
438.5932
438.8413
438.9214
438.9283
439.2321
439.2652
440.2124
440.2357
440.2622
442.2684
442.2805
442.3945
442.4296
442.4389
442.4493
442.4512
442.4674
442.4723
442.5359
442.5622
442.8955
442.9344
443.0916
443.1319
443.2177
443.5252
443.6057
443.7011
443.801
443.8915
443.9002
443.9684
444.4792
444.8631
445.1552
445.1732
445.3549
447.333
447.3412
447.3464
447.3713
447.3818
447.4163
447.4332
447.481
447.5196
447.5604
447.5623
447.6525
447.8011
447.9002
448.131
448.1829
448.3089
448.4019
448.413
448.5551
448.5799
448.664
448.8871
449.0436
449.0706
449.1278
449.1835
449.6015
449.7778
449.8087
449.8802
450.0539
450.0725
450.0788
450.1462
450.1856
450.1877
450.2376
450.2727
450.3324
450.3361
451.6041
452.3138
452.3322
452.3375
452.3496
452.3602
452.3857
452.4333
452.4615
452.5293
452.5673
452.5848
452.5904
452.6297
452.6416
452.6774
452.7404
452.8728
452.8902
453.0462
453.5126
453.5813
453.5904
453.6151
453.6379
453.6457
453.8616
453.9378
454.0467
454.1299
454.1329
454.2018
454.2288
454.5832
454.7563
454.7708
454.8096
457.0355
457.3
457.3346
457.3364
457.3598
457.3669
457.4059
457.4139
457.4167
457.42
457.4392
457.4417
457.463
457.476
457.501
457.5343
457.5398
457.5777
457.5931
457.6058
457.6512
457.6613
457.6895
457.7249
457.7563
457.7706
457.7732
457.8426
457.8565
457.8861
457.9816
457.9862
458.0617
458.0688
458.1744
458.2363
458.2566
458.3201
458.6136
458.7421
458.808
458.8295
458.8573
458.9498
458.9944
459.0611
459.0842
459.1789
459.2953
459.3051
459.3401
459.3712
459.4014
459.4089
459.5554
459.6653
459.7073
459.7179
459.7992
459.8559
459.9449
459.9587
460.0454
460.0603
460.3055
462.2423
462.254
462.2691
462.274
462.2837
462.2847
462.2885
462.2924
462.2993
462.3144
462.3528
462.3699
462.3755
462.3846
462.4037
462.4133
462.4404
462.4927
462.5311
462.6958
462.7326
462.8138
462.8421
462.9482
462.9839
463.0213
463.1834
463.3036
463.5179
463.5493
463.7033
464.0104
464.0587
464.1436
464.1949
464.3519
464.4754
464.4796
464.4849
464.7016
464.9194
464.9428
464.9971
465.099
467.1984
467.2379
467.6423
467.7153
467.7528
467.7586
468.0592
468.1449
468.191
468.2505
468.3185
468.4148
468.547
468.6436
468.9204
468.9221
468.9888
469.2111
469.2203
469.2503
469.3874
469.4554
469.5089
469.5828
469.6499
469.6791
469.9214
470.0754
470.2399
470.2694
472.1693
472.1839
472.1953
472.3972
472.4191
472.4356
472.6601
472.7089
472.756
472.8821
472.9063
473.0826
473.0868
473.3668
473.3924
473.5106
473.9042
473.908
474.3376
474.3909
474.5385
474.581
474.5997
474.6297
474.6432
474.6505
474.7223
474.8928
474.9116
477.1282
477.1616
477.1661
477.1821
477.1973
477.2586
477.2987
477.3408
477.3751
477.3831
477.3995
477.4694
477.5155
477.6219
477.6232
477.6821
477.7569
477.7853
478.2438
478.2468
478.6825
478.9102
479.1833
479.5084
479.558
479.637
479.7468
479.8776
479.9549
482.0941
482.1228
482.1607
482.1637
482.1855
482.1874
482.278
482.2871
482.3368
482.5901
482.6664
482.8534
482.8597
482.9177
482.9986
483.1715
483.3398
483.3532
483.5854
483.6762
483.8219
483.8927
484.0994
484.1079
484.3933
484.5142
484.6296
484.6488
484.7288
484.7963
484.9302
487.0449
487.0631
487.1113
487.1263
487.1307
487.1498
487.2014
487.2052
487.2402
487.2451
487.2467
487.2561
487.2711
487.3513
487.3606
487.3713
487.3824
487.3964
487.6512
487.7635
488.0326
488.1306
488.2519
488.3054
488.4722
488.5537
488.5649
488.7539
488.7774
488.7892
489.1087
489.1839
489.2907
489.5092
489.5416
489.5521
489.6289
489.8606
492.052
492.0553
492.0577
492.0637
492.0745
492.0947
492.1704
492.1903
492.2265
492.247
492.3023
492.3136
492.34
492.3459
492.4051
492.4636
492.5928
492.6124
492.6136
492.6624
492.7773
492.7919
492.7995
493.1919
493.3124
493.3377
493.422
493.5509
494.0751
494.3562
494.4076
494.4698
494.6301
494.8153
494.9209
497.0251
497.029
497.0339
497.0363
497.0435
497.0456
497.0493
497.0515
497.0575
497.0645
497.083
497.1193
497.124
497.1533
497.1684
497.2109
497.2908
497.3138
497.3149
497.3314
497.4518
497.4737
497.511
497.5238
497.6259
497.6876
497.7717
497.9558
498.0431
498.3749
498.4631
498.5421
498.7138
498.7524
498.7718
498.855
498.954
499.3546
499.4704
499.4743
499.525
499.642
499.6937
499.7679
499.8879
499.9862
501.9559
501.9621
502.0043
502.0581
502.115
502.1166
502.1556
502.1604
502.2118
502.2318
502.2443
502.3488
502.381
502.4687
502.5273
502.6724
502.8323
502.8422
502.9573
502.9902
503.105
503.1693
503.2606
503.4869
503.5
503.8164
503.9503
504.1737
504.1754
504.1974
504.4051
504.4453
504.4539
504.5636
504.6298
504.7099
504.855
506.9108
506.9318
506.945
506.9666
506.9766
507.0049
507.0063
507.0376
507.1098
507.1221
507.2138
507.2705
507.3713
507.4042
507.4205
507.4469
507.5148
507.6274
507.6372
507.6738
507.7037
507.7253
507.8062
507.9165
508.2391
508.2406
508.4513
508.7125
508.8689
508.9089
509.4678
509.6268
509.6523
511.8964
511.9126
511.9188
512.0161000000001
512.0592
512.0803
512.0825
512.1087
512.1115
512.3534
512.3561999999999
512.4263
512.6111
512.6317
512.7103
512.8933
513.1537
513.2273
513.3596
513.3681
513.3895
513.6331
514.1038
514.1449
514.2006
514.25
514.3154999999999
514.3634999999999
514.4708000000001
514.4891
516.8468
516.8736
516.8758
516.8936
516.9204
516.9958
517.2059
517.4425
517.7710999999999
518.4388
518.6567
518.7174
518.8872
518.9137000000001
518.9714
519.1365000000001
519.3884
519.4048
519.4543
519.6697
521.8049
521.8262
521.8284
521.8468
521.8724999999999
521.927
521.9847
521.9861
522.1043
522.1311000000001
522.1424
522.3694
522.379
522.6245
522.6645
522.98
524.1164
524.3212
524.4591
524.4956999999999
524.5792
524.5839
524.6341
524.826
526.7759
526.7879
526.7968
526.7992
526.8216
526.8688999999999
526.8858
526.9914
527.0228999999999
527.0587
527.0907
527.1115
527.2456
527.255
527.3326999999999
527.3528
527.4297
527.4802
527.8235999999999
528.0852
528.4057
528.4898000000001
528.8634
529.0925999999999
529.2556999999999
529.3516
529.5500999999999
529.5550000000001
529.6736
531.7229
531.7307000000001
531.7473
531.7497
531.7712
531.7787
531.7861
531.79
531.7927
531.7939
531.8016
531.8326999999999
531.8658
531.9245
531.9713
531.9724
532.0014
532.0268
532.0874
532.3741
532.4447
532.5077
532.7704
532.8141000000001
532.8498
533.0372
533.1177
533.1271
533.3023000000001
533.4737
533.4916000000001
533.5323
533.552
533.5814
533.7984
533.9110000000001
533.9461
533.9593
534.0418999999999
534.0581999999999
534.184
534.2623
534.2753
534.2813
534.3095000000001
534.5527999999999
536.7327
536.7359
536.7455
536.7481
536.7496
536.7535
536.7633
536.7807
536.7871
536.7957
536.8206
536.8316
536.8556
536.8723
536.8838000000001
536.9102
536.9249
536.9433
536.982
536.9868
537.0107
537.0154
537.0184
537.1855
537.1885
537.249
537.2571
537.2751000000001
537.3278
537.4324
537.4718
537.4969
537.5275
537.6555
537.6632999999999
537.7356
537.7393999999999
537.7498000000001
537.818
537.8364
537.9029
537.9590000000001
537.9976
538.1686999999999
538.1803
538.2383
538.2420999999999
538.2462
538.2552000000001
538.2698
538.9164000000001
539.0581
539.1466
539.4757999999999
539.4929999999999
539.4970000000001
539.5698
539.5779
542.4104
547.4878
548.5259
548.8085
548.8676
548.8841
