13.6403
15.2952
16.9501
25.2245
26.8793
28.5342
36.8086
38.4634
40.1183
48.3927
50.0475
51.7024
59.9768
61.6317
63.2865
71.5609
73.2158
74.8707
83.1450
84.7999
86.4547
94.7291
96.3840
98.0389
106.3132
107.9682
109.6229
117.8974
119.5522
121.2071
129.4815
131.1363
132.7912
141.0656
142.7204
144.3753
152.6497
154.3045
155.9594
164.2338
165.8887
167.5436
175.8179
177.4728
179.1277
187.4020
189.0569
190.7117
198.9862
200.6410
202.2959
210.5702
212.2251
213.8800
222.1543
223.8092
225.4641
233.7385
235.3934
237.0482
245.3226
246.9775
248.6323
256.9067
258.5616
260.2165
268.4908
270.1457
271.8006
280.0749
281.7298
283.3847
291.6591
293.3139
294.9688
303.2432
304.8981
306.5530
314.8273
316.4822
318.1370
326.4114
328.0663
329.7211
337.9955
339.6504
341.3053
349.5796
351.2345
352.8894
361.1638
362.8186
364.4735
372.7479
374.4027
376.0576
382.9253
383.1735
383.4217
383.6700
383.9184
384.1665
384.4147
384.6629
384.9111
385.1594
385.4076
387.8899
388.1382
388.3864
388.6347
388.8829
389.1311
389.3793
389.6276
389.8757
390.1240
390.3723
392.8546
393.1028
393.3510
393.5993
393.8475
394.0958
394.3439
394.5922
394.8404
395.0887
395.3369
397.8193
398.0674
398.3157
398.5639
398.8121
399.0603
399.3085
399.5568
399.8050
400.0533
400.3014
402.7838
403.0320
403.2802
403.5285
403.7767
404.0249
404.2732
404.5214
404.7696
405.0179
405.2661
407.7484
407.9967
408.2449
408.4931
408.7413
408.9896
409.2378
409.4860
409.7342
409.9825
410.2307
412.7130
412.9613
413.2095
413.4577
413.7060
413.9542
414.2025
414.4506
414.6989
414.9471
415.1953
417.6777
417.9259
418.1741
418.4224
418.6706
418.9188
419.1671
419.4154
419.6635
419.9117
420.1600
422.6423
422.8905
423.1387
423.3870
423.6352
423.8834
424.1317
424.3799
424.6281
424.8764
425.1246
427.6069
427.8551
428.1034
428.3516
428.5998
428.8481
429.0963
429.3445
429.5927
429.8410
430.0892
432.5715
432.8197
433.0680
433.3162
433.5645
433.8127
434.0609
434.3092
434.5574
434.8056
435.0538
437.5362
437.7844
438.0327
438.2808
438.5291
438.7773
439.0255
439.2738
439.5220
439.7702
440.0185
442.5008
442.7490
442.9972
443.2455
443.4937
443.7419
443.9901
444.2384
444.4866
444.7348
444.9831
447.4654
447.7136
447.9618
448.2101
448.4583
448.7065
448.9547
449.2030
449.4512
449.6995
449.9477
452.4300
452.6782
452.9264
453.1747
453.4229
453.6712
453.9194
454.1676
454.4159
454.6641
454.9124
457.3946
457.6429
457.8911
458.1394
458.3875
458.6358
458.8840
459.1322
459.3804
459.6287
459.8769
462.3592
462.6075
462.8557
463.1039
463.3522
463.6004
463.8486
464.0969
464.3451
464.5933
464.8416
467.3239
467.5721
467.8203
468.0686
468.3168
468.5650
468.8132
469.0615
469.3097
469.5579
469.8062
472.2885
472.5367
472.7850
473.0332
473.2814
473.5296
473.7779
474.0261
474.2743
474.5226
474.7708
477.2531
477.5013
477.7495
477.9978
478.2461
478.4943
478.7425
478.9907
479.2389
479.4872
479.7354
482.2177
482.4660
482.7142
482.9624
483.2106
483.4589
483.7071
483.9553
484.2036
484.4518
484.7000
487.1823
487.4306
487.6788
487.9270
488.1753
488.4235
488.6717
488.9200
489.1682
489.4164
489.6647
492.1470
492.3952
492.6434
492.8917
493.1399
493.3881
493.6364
493.8846
494.1328
494.3810
494.6293
497.1116
497.3598
497.6080
497.8562
498.1045
498.3528
498.6010
498.8492
499.0974
499.3457
499.5940
502.0762
502.3244
502.5727
502.8209
503.0691
503.3174
503.5656
503.8138
504.0621
504.3102
504.5585
507.0409
507.2891
507.5373
507.7855
508.0337
508.2820
508.5302
508.7785
509.0267
509.2749
509.5231
512.0055
512.2536
512.5019
512.7502
512.9984
513.2466
513.4949
513.7431
513.9913
514.2395
514.4878
516.9701
517.2183
517.4665
517.7147
517.9630
518.2112
518.4595
518.7077
518.9559
519.2041
519.4524
521.9347
522.1829
522.4311
522.6793
522.9276
523.1758
523.4241
523.6723
523.9205
524.1688
524.4170
526.8993
527.1475
527.3958
527.6440
527.8922
528.1405
528.3886
528.6369
528.8852
529.1334
529.3816
531.8639
532.1122
532.3603
532.6086
532.8569
533.1051
533.3533
533.6016
533.8497
534.0980
534.3462
536.8286
537.0768
537.3251
537.5733
537.8215
538.0697
538.3179
538.5662
538.8144
539.0626
539.3108
